Session Title,Number of ED Encounters All State Week Age 2024,,,
Session Description,"All ED Enouncters as base,Slice by 53 states of residenceSlice by 6 age groups",,,
Session ID,2726769,,,
Data Model,ED Encounters,,,
Population Base,All ED Encounters,,,
Population Criteria Filters: These criteria are a summary and do not fully reflect the content of the exported session.,,,,
Session Date Range,12/31/2023 - 12/28/2024 (Based On Arrival Date),,,
Measure,Number of ED Encounters,,,
Export User,Stephanie Perniciaro,,,
Date of Export,12/11/2025,,,
,,,,
,,,,
,,,,Number of ED Encounters
State of Residence,Age at Time of Visit,Year,Week,
Florida,Less than 1 Years,2023 – 2024,Dec 31 – Jan 6,2138
,,2024,Jan 7 – Jan 13,1785
,,,Jan 14 – Jan 20,1654
,,,Jan 21 – Jan 27,1716
,,,Jan 28 – Feb 3,1765
,,,Feb 4 – Feb 10,1815
,,,Feb 11 – Feb 17,1750
,,,Feb 18 – Feb 24,1753
,,,Feb 25 – Mar 2,1714
,,,Mar 3 – Mar 9,1758
,,,Mar 10 – Mar 16,1724
,,,Mar 17 – Mar 23,1827
,,,Mar 24 – Mar 30,1712
,,,Mar 31 – Apr 6,1676
,,,Apr 7 – Apr 13,1695
,,,Apr 14 – Apr 20,1745
,,,Apr 21 – Apr 27,1725
,,,Apr 28 – May 4,1684
,,,May 5 – May 11,1670
,,,May 12 – May 18,1644
,,,May 19 – May 25,1720
,,,May 26 – Jun 1,1847
,,,Jun 2 – Jun 8,1701
,,,Jun 9 – Jun 15,1628
,,,Jun 16 – Jun 22,1614
,,,Jun 23 – Jun 29,1572
,,,Jun 30 – Jul 6,1716
,,,Jul 7 – Jul 13,1816
,,,Jul 14 – Jul 20,1783
,,,Jul 21 – Jul 27,1741
,,,Jul 28 – Aug 3,1748
,,,Aug 4 – Aug 10,1638
,,,Aug 11 – Aug 17,1626
,,,Aug 18 – Aug 24,1776
,,,Aug 25 – Aug 31,1889
,,,Sep 1 – Sep 7,1930
,,,Sep 8 – Sep 14,1839
,,,Sep 15 – Sep 21,1881
,,,Sep 22 – Sep 28,1797
,,,Sep 29 – Oct 5,1807
,,,Oct 6 – Oct 12,1797
,,,Oct 13 – Oct 19,1892
,,,Oct 20 – Oct 26,1786
,,,Oct 27 – Nov 2,1931
,,,Nov 3 – Nov 9,2273
,,,Nov 10 – Nov 16,2297
,,,Nov 17 – Nov 23,2332
,,,Nov 24 – Nov 30,2484
,,,Dec 1 – Dec 7,2342
,,,Dec 8 – Dec 14,2235
,,,Dec 15 – Dec 21,2316
,,,Dec 22 – Dec 28,2662
,≥ 1 and < 5 Years,2023 – 2024,Dec 31 – Jan 6,4875
,,2024,Jan 7 – Jan 13,4305
,,,Jan 14 – Jan 20,4292
,,,Jan 21 – Jan 27,4642
,,,Jan 28 – Feb 3,4844
,,,Feb 4 – Feb 10,4945
,,,Feb 11 – Feb 17,5133
,,,Feb 18 – Feb 24,4963
,,,Feb 25 – Mar 2,5261
,,,Mar 3 – Mar 9,5448
,,,Mar 10 – Mar 16,5276
,,,Mar 17 – Mar 23,5022
,,,Mar 24 – Mar 30,4774
,,,Mar 31 – Apr 6,4853
,,,Apr 7 – Apr 13,5047
,,,Apr 14 – Apr 20,5047
,,,Apr 21 – Apr 27,5104
,,,Apr 28 – May 4,4797
,,,May 5 – May 11,4935
,,,May 12 – May 18,4833
,,,May 19 – May 25,4959
,,,May 26 – Jun 1,5039
,,,Jun 2 – Jun 8,4545
,,,Jun 9 – Jun 15,4247
,,,Jun 16 – Jun 22,4278
,,,Jun 23 – Jun 29,4150
,,,Jun 30 – Jul 6,4328
,,,Jul 7 – Jul 13,3961
,,,Jul 14 – Jul 20,3982
,,,Jul 21 – Jul 27,3908
,,,Jul 28 – Aug 3,3776
,,,Aug 4 – Aug 10,3796
,,,Aug 11 – Aug 17,3669
,,,Aug 18 – Aug 24,4390
,,,Aug 25 – Aug 31,4694
,,,Sep 1 – Sep 7,4965
,,,Sep 8 – Sep 14,4743
,,,Sep 15 – Sep 21,5110
,,,Sep 22 – Sep 28,4991
,,,Sep 29 – Oct 5,4947
,,,Oct 6 – Oct 12,4974
,,,Oct 13 – Oct 19,4815
,,,Oct 20 – Oct 26,5035
,,,Oct 27 – Nov 2,5634
,,,Nov 3 – Nov 9,6330
,,,Nov 10 – Nov 16,6543
,,,Nov 17 – Nov 23,6511
,,,Nov 24 – Nov 30,6451
,,,Dec 1 – Dec 7,5764
,,,Dec 8 – Dec 14,6047
,,,Dec 15 – Dec 21,6853
,,,Dec 22 – Dec 28,6927
,≥ 5 and < 18 Years,2023 – 2024,Dec 31 – Jan 6,7222
,,2024,Jan 7 – Jan 13,8072
,,,Jan 14 – Jan 20,8466
,,,Jan 21 – Jan 27,9904
,,,Jan 28 – Feb 3,10678
,,,Feb 4 – Feb 10,10892
,,,Feb 11 – Feb 17,10458
,,,Feb 18 – Feb 24,9895
,,,Feb 25 – Mar 2,10830
,,,Mar 3 – Mar 9,10969
,,,Mar 10 – Mar 16,9598
,,,Mar 17 – Mar 23,9078
,,,Mar 24 – Mar 30,9029
,,,Mar 31 – Apr 6,9768
,,,Apr 7 – Apr 13,10252
,,,Apr 14 – Apr 20,10741
,,,Apr 21 – Apr 27,10750
,,,Apr 28 – May 4,10770
,,,May 5 – May 11,10406
,,,May 12 – May 18,10035
,,,May 19 – May 25,9690
,,,May 26 – Jun 1,8985
,,,Jun 2 – Jun 8,7937
,,,Jun 9 – Jun 15,7160
,,,Jun 16 – Jun 22,7010
,,,Jun 23 – Jun 29,6924
,,,Jun 30 – Jul 6,6976
,,,Jul 7 – Jul 13,6987
,,,Jul 14 – Jul 20,6714
,,,Jul 21 – Jul 27,6789
,,,Jul 28 – Aug 3,6448
,,,Aug 4 – Aug 10,6369
,,,Aug 11 – Aug 17,7573
,,,Aug 18 – Aug 24,9486
,,,Aug 25 – Aug 31,10352
,,,Sep 1 – Sep 7,9746
,,,Sep 8 – Sep 14,10007
,,,Sep 15 – Sep 21,10352
,,,Sep 22 – Sep 28,9453
,,,Sep 29 – Oct 5,9895
,,,Oct 6 – Oct 12,7633
,,,Oct 13 – Oct 19,9045
,,,Oct 20 – Oct 26,10235
,,,Oct 27 – Nov 2,10969
,,,Nov 3 – Nov 9,12073
,,,Nov 10 – Nov 16,12244
,,,Nov 17 – Nov 23,12162
,,,Nov 24 – Nov 30,9425
,,,Dec 1 – Dec 7,10518
,,,Dec 8 – Dec 14,12141
,,,Dec 15 – Dec 21,12670
,,,Dec 22 – Dec 28,10700
,≥ 18 and < 50 Years,2023 – 2024,Dec 31 – Jan 6,33170
,,2024,Jan 7 – Jan 13,31949
,,,Jan 14 – Jan 20,31194
,,,Jan 21 – Jan 27,32091
,,,Jan 28 – Feb 3,31658
,,,Feb 4 – Feb 10,32102
,,,Feb 11 – Feb 17,31398
,,,Feb 18 – Feb 24,30990
,,,Feb 25 – Mar 2,31723
,,,Mar 3 – Mar 9,32370
,,,Mar 10 – Mar 16,32162
,,,Mar 17 – Mar 23,31721
,,,Mar 24 – Mar 30,31557
,,,Mar 31 – Apr 6,31868
,,,Apr 7 – Apr 13,31704
,,,Apr 14 – Apr 20,32299
,,,Apr 21 – Apr 27,32000
,,,Apr 28 – May 4,32308
,,,May 5 – May 11,32483
,,,May 12 – May 18,32846
,,,May 19 – May 25,32631
,,,May 26 – Jun 1,32769
,,,Jun 2 – Jun 8,32533
,,,Jun 9 – Jun 15,32213
,,,Jun 16 – Jun 22,32275
,,,Jun 23 – Jun 29,32524
,,,Jun 30 – Jul 6,32023
,,,Jul 7 – Jul 13,33911
,,,Jul 14 – Jul 20,33201
,,,Jul 21 – Jul 27,32377
,,,Jul 28 – Aug 3,32266
,,,Aug 4 – Aug 10,31605
,,,Aug 11 – Aug 17,32046
,,,Aug 18 – Aug 24,32419
,,,Aug 25 – Aug 31,32678
,,,Sep 1 – Sep 7,33991
,,,Sep 8 – Sep 14,33778
,,,Sep 15 – Sep 21,33383
,,,Sep 22 – Sep 28,31625
,,,Sep 29 – Oct 5,33591
,,,Oct 6 – Oct 12,28322
,,,Oct 13 – Oct 19,31971
,,,Oct 20 – Oct 26,32485
,,,Oct 27 – Nov 2,33562
,,,Nov 3 – Nov 9,36429
,,,Nov 10 – Nov 16,36255
,,,Nov 17 – Nov 23,35198
,,,Nov 24 – Nov 30,33036
,,,Dec 1 – Dec 7,35637
,,,Dec 8 – Dec 14,36052
,,,Dec 15 – Dec 21,37016
,,,Dec 22 – Dec 28,36211
,≥ 50 and < 65 Years,2023 – 2024,Dec 31 – Jan 6,14147
,,2024,Jan 7 – Jan 13,14176
,,,Jan 14 – Jan 20,13442
,,,Jan 21 – Jan 27,13633
,,,Jan 28 – Feb 3,13459
,,,Feb 4 – Feb 10,13758
,,,Feb 11 – Feb 17,13933
,,,Feb 18 – Feb 24,13636
,,,Feb 25 – Mar 2,13764
,,,Mar 3 – Mar 9,14104
,,,Mar 10 – Mar 16,13636
,,,Mar 17 – Mar 23,13573
,,,Mar 24 – Mar 30,13375
,,,Mar 31 – Apr 6,13509
,,,Apr 7 – Apr 13,13730
,,,Apr 14 – Apr 20,13643
,,,Apr 21 – Apr 27,13845
,,,Apr 28 – May 4,13883
,,,May 5 – May 11,14235
,,,May 12 – May 18,14032
,,,May 19 – May 25,13955
,,,May 26 – Jun 1,14223
,,,Jun 2 – Jun 8,14438
,,,Jun 9 – Jun 15,14166
,,,Jun 16 – Jun 22,14204
,,,Jun 23 – Jun 29,14113
,,,Jun 30 – Jul 6,13907
,,,Jul 7 – Jul 13,14805
,,,Jul 14 – Jul 20,14470
,,,Jul 21 – Jul 27,14318
,,,Jul 28 – Aug 3,14110
,,,Aug 4 – Aug 10,13892
,,,Aug 11 – Aug 17,14197
,,,Aug 18 – Aug 24,14088
,,,Aug 25 – Aug 31,13914
,,,Sep 1 – Sep 7,14534
,,,Sep 8 – Sep 14,14296
,,,Sep 15 – Sep 21,14329
,,,Sep 22 – Sep 28,13652
,,,Sep 29 – Oct 5,14523
,,,Oct 6 – Oct 12,13427
,,,Oct 13 – Oct 19,14007
,,,Oct 20 – Oct 26,14146
,,,Oct 27 – Nov 2,14511
,,,Nov 3 – Nov 9,15544
,,,Nov 10 – Nov 16,15655
,,,Nov 17 – Nov 23,14833
,,,Nov 24 – Nov 30,14430
,,,Dec 1 – Dec 7,15295
,,,Dec 8 – Dec 14,15413
,,,Dec 15 – Dec 21,15801
,,,Dec 22 – Dec 28,15738
,65 Years or more,2023 – 2024,Dec 31 – Jan 6,21772
,,2024,Jan 7 – Jan 13,20934
,,,Jan 14 – Jan 20,19915
,,,Jan 21 – Jan 27,20244
,,,Jan 28 – Feb 3,19625
,,,Feb 4 – Feb 10,20538
,,,Feb 11 – Feb 17,19917
,,,Feb 18 – Feb 24,19954
,,,Feb 25 – Mar 2,20208
,,,Mar 3 – Mar 9,20247
,,,Mar 10 – Mar 16,19837
,,,Mar 17 – Mar 23,19923
,,,Mar 24 – Mar 30,19876
,,,Mar 31 – Apr 6,19804
,,,Apr 7 – Apr 13,19947
,,,Apr 14 – Apr 20,19801
,,,Apr 21 – Apr 27,19733
,,,Apr 28 – May 4,19873
,,,May 5 – May 11,19974
,,,May 12 – May 18,19902
,,,May 19 – May 25,20211
,,,May 26 – Jun 1,20207
,,,Jun 2 – Jun 8,20243
,,,Jun 9 – Jun 15,20272
,,,Jun 16 – Jun 22,20266
,,,Jun 23 – Jun 29,20323
,,,Jun 30 – Jul 6,20745
,,,Jul 7 – Jul 13,21014
,,,Jul 14 – Jul 20,20641
,,,Jul 21 – Jul 27,20848
,,,Jul 28 – Aug 3,20136
,,,Aug 4 – Aug 10,20236
,,,Aug 11 – Aug 17,20442
,,,Aug 18 – Aug 24,20128
,,,Aug 25 – Aug 31,20302
,,,Sep 1 – Sep 7,20755
,,,Sep 8 – Sep 14,20411
,,,Sep 15 – Sep 21,20821
,,,Sep 22 – Sep 28,20349
,,,Sep 29 – Oct 5,20834
,,,Oct 6 – Oct 12,21114
,,,Oct 13 – Oct 19,21316
,,,Oct 20 – Oct 26,21216
,,,Oct 27 – Nov 2,21467
,,,Nov 3 – Nov 9,22552
,,,Nov 10 – Nov 16,22806
,,,Nov 17 – Nov 23,22676
,,,Nov 24 – Nov 30,22919
,,,Dec 1 – Dec 7,23348
,,,Dec 8 – Dec 14,23715
,,,Dec 15 – Dec 21,24363
,,,Dec 22 – Dec 28,24964
,No value,2023 – 2024,Dec 31 – Jan 6,10 or fewer
,,2024,Jan 7 – Jan 13,10 or fewer
,,,Jan 14 – Jan 20,10 or fewer
,,,Jan 21 – Jan 27,10 or fewer
,,,Jan 28 – Feb 3,10 or fewer
,,,Feb 4 – Feb 10,10 or fewer
,,,Feb 11 – Feb 17,10 or fewer
,,,Feb 18 – Feb 24,10 or fewer
,,,Feb 25 – Mar 2,10 or fewer
,,,Mar 3 – Mar 9,10 or fewer
,,,Mar 10 – Mar 16,10 or fewer
,,,Mar 17 – Mar 23,10 or fewer
,,,Mar 24 – Mar 30,10 or fewer
,,,Mar 31 – Apr 6,10 or fewer
,,,Apr 7 – Apr 13,10 or fewer
,,,Apr 14 – Apr 20,10 or fewer
,,,Apr 21 – Apr 27,10 or fewer
,,,Apr 28 – May 4,10 or fewer
,,,May 5 – May 11,10 or fewer
,,,May 12 – May 18,10 or fewer
,,,May 19 – May 25,10 or fewer
,,,May 26 – Jun 1,10 or fewer
,,,Jun 2 – Jun 8,10 or fewer
,,,Jun 9 – Jun 15,10 or fewer
,,,Jun 16 – Jun 22,10 or fewer
,,,Jun 23 – Jun 29,10 or fewer
,,,Jun 30 – Jul 6,10 or fewer
,,,Jul 7 – Jul 13,10 or fewer
,,,Jul 14 – Jul 20,10 or fewer
,,,Jul 21 – Jul 27,10 or fewer
,,,Jul 28 – Aug 3,10 or fewer
,,,Aug 4 – Aug 10,10 or fewer
,,,Aug 11 – Aug 17,10 or fewer
,,,Aug 18 – Aug 24,10 or fewer
,,,Aug 25 – Aug 31,10 or fewer
,,,Sep 1 – Sep 7,10 or fewer
,,,Sep 8 – Sep 14,10 or fewer
,,,Sep 15 – Sep 21,10 or fewer
,,,Sep 22 – Sep 28,10 or fewer
,,,Sep 29 – Oct 5,10 or fewer
,,,Oct 6 – Oct 12,10 or fewer
,,,Oct 13 – Oct 19,10 or fewer
,,,Oct 20 – Oct 26,10 or fewer
,,,Oct 27 – Nov 2,10 or fewer
,,,Nov 3 – Nov 9,10 or fewer
,,,Nov 10 – Nov 16,10 or fewer
,,,Nov 17 – Nov 23,10 or fewer
,,,Nov 24 – Nov 30,10 or fewer
,,,Dec 1 – Dec 7,10 or fewer
,,,Dec 8 – Dec 14,10 or fewer
,,,Dec 15 – Dec 21,10 or fewer
,,,Dec 22 – Dec 28,10 or fewer
,Total,2023 – 2024,Dec 31 – Jan 6,83324
,,2024,Jan 7 – Jan 13,81221
,,,Jan 14 – Jan 20,78963
,,,Jan 21 – Jan 27,82230
,,,Jan 28 – Feb 3,82029
,,,Feb 4 – Feb 10,84050
,,,Feb 11 – Feb 17,82589
,,,Feb 18 – Feb 24,81191
,,,Feb 25 – Mar 2,83500
,,,Mar 3 – Mar 9,84896
,,,Mar 10 – Mar 16,82233
,,,Mar 17 – Mar 23,81144
,,,Mar 24 – Mar 30,80323
,,,Mar 31 – Apr 6,81478
,,,Apr 7 – Apr 13,82375
,,,Apr 14 – Apr 20,83276
,,,Apr 21 – Apr 27,83157
,,,Apr 28 – May 4,83315
,,,May 5 – May 11,83703
,,,May 12 – May 18,83292
,,,May 19 – May 25,83166
,,,May 26 – Jun 1,83070
,,,Jun 2 – Jun 8,81397
,,,Jun 9 – Jun 15,79686
,,,Jun 16 – Jun 22,79647
,,,Jun 23 – Jun 29,79606
,,,Jun 30 – Jul 6,79695
,,,Jul 7 – Jul 13,82495
,,,Jul 14 – Jul 20,80791
,,,Jul 21 – Jul 27,79982
,,,Jul 28 – Aug 3,78484
,,,Aug 4 – Aug 10,77536
,,,Aug 11 – Aug 17,79553
,,,Aug 18 – Aug 24,82287
,,,Aug 25 – Aug 31,83829
,,,Sep 1 – Sep 7,85921
,,,Sep 8 – Sep 14,85074
,,,Sep 15 – Sep 21,85876
,,,Sep 22 – Sep 28,81867
,,,Sep 29 – Oct 5,85597
,,,Oct 6 – Oct 12,77267
,,,Oct 13 – Oct 19,83046
,,,Oct 20 – Oct 26,84903
,,,Oct 27 – Nov 2,88074
,,,Nov 3 – Nov 9,95201
,,,Nov 10 – Nov 16,95800
,,,Nov 17 – Nov 23,93712
,,,Nov 24 – Nov 30,88745
,,,Dec 1 – Dec 7,92904
,,,Dec 8 – Dec 14,95603
,,,Dec 15 – Dec 21,99019
,,,Dec 22 – Dec 28,97202
Ohio,Less than 1 Years,2023 – 2024,Dec 31 – Jan 6,2066
,,2024,Jan 7 – Jan 13,1537
,,,Jan 14 – Jan 20,1412
,,,Jan 21 – Jan 27,1479
,,,Jan 28 – Feb 3,1428
,,,Feb 4 – Feb 10,1464
,,,Feb 11 – Feb 17,1408
,,,Feb 18 – Feb 24,1502
,,,Feb 25 – Mar 2,1346
,,,Mar 3 – Mar 9,1304
,,,Mar 10 – Mar 16,1373
,,,Mar 17 – Mar 23,1352
,,,Mar 24 – Mar 30,1451
,,,Mar 31 – Apr 6,1306
,,,Apr 7 – Apr 13,1285
,,,Apr 14 – Apr 20,1227
,,,Apr 21 – Apr 27,1266
,,,Apr 28 – May 4,1372
,,,May 5 – May 11,1219
,,,May 12 – May 18,1234
,,,May 19 – May 25,1244
,,,May 26 – Jun 1,1265
,,,Jun 2 – Jun 8,1137
,,,Jun 9 – Jun 15,1038
,,,Jun 16 – Jun 22,1026
,,,Jun 23 – Jun 29,1036
,,,Jun 30 – Jul 6,1006
,,,Jul 7 – Jul 13,1060
,,,Jul 14 – Jul 20,1072
,,,Jul 21 – Jul 27,1069
,,,Jul 28 – Aug 3,1094
,,,Aug 4 – Aug 10,1109
,,,Aug 11 – Aug 17,1148
,,,Aug 18 – Aug 24,1122
,,,Aug 25 – Aug 31,1230
,,,Sep 1 – Sep 7,1403
,,,Sep 8 – Sep 14,1291
,,,Sep 15 – Sep 21,1228
,,,Sep 22 – Sep 28,1185
,,,Sep 29 – Oct 5,1227
,,,Oct 6 – Oct 12,1171
,,,Oct 13 – Oct 19,1250
,,,Oct 20 – Oct 26,1428
,,,Oct 27 – Nov 2,1317
,,,Nov 3 – Nov 9,1430
,,,Nov 10 – Nov 16,1495
,,,Nov 17 – Nov 23,1436
,,,Nov 24 – Nov 30,1643
,,,Dec 1 – Dec 7,1769
,,,Dec 8 – Dec 14,1694
,,,Dec 15 – Dec 21,1792
,,,Dec 22 – Dec 28,2183
,≥ 1 and < 5 Years,2023 – 2024,Dec 31 – Jan 6,4240
,,2024,Jan 7 – Jan 13,3797
,,,Jan 14 – Jan 20,3503
,,,Jan 21 – Jan 27,3510
,,,Jan 28 – Feb 3,3801
,,,Feb 4 – Feb 10,4141
,,,Feb 11 – Feb 17,4216
,,,Feb 18 – Feb 24,4407
,,,Feb 25 – Mar 2,4153
,,,Mar 3 – Mar 9,4059
,,,Mar 10 – Mar 16,3933
,,,Mar 17 – Mar 23,3860
,,,Mar 24 – Mar 30,3977
,,,Mar 31 – Apr 6,3631
,,,Apr 7 – Apr 13,3696
,,,Apr 14 – Apr 20,3545
,,,Apr 21 – Apr 27,3665
,,,Apr 28 – May 4,3890
,,,May 5 – May 11,3722
,,,May 12 – May 18,3728
,,,May 19 – May 25,3687
,,,May 26 – Jun 1,3661
,,,Jun 2 – Jun 8,3115
,,,Jun 9 – Jun 15,2893
,,,Jun 16 – Jun 22,2937
,,,Jun 23 – Jun 29,2974
,,,Jun 30 – Jul 6,2721
,,,Jul 7 – Jul 13,2855
,,,Jul 14 – Jul 20,2796
,,,Jul 21 – Jul 27,2822
,,,Jul 28 – Aug 3,2706
,,,Aug 4 – Aug 10,2775
,,,Aug 11 – Aug 17,2750
,,,Aug 18 – Aug 24,2799
,,,Aug 25 – Aug 31,3066
,,,Sep 1 – Sep 7,3236
,,,Sep 8 – Sep 14,3279
,,,Sep 15 – Sep 21,3138
,,,Sep 22 – Sep 28,3064
,,,Sep 29 – Oct 5,3192
,,,Oct 6 – Oct 12,3364
,,,Oct 13 – Oct 19,3362
,,,Oct 20 – Oct 26,3809
,,,Oct 27 – Nov 2,3597
,,,Nov 3 – Nov 9,3771
,,,Nov 10 – Nov 16,3671
,,,Nov 17 – Nov 23,4008
,,,Nov 24 – Nov 30,4047
,,,Dec 1 – Dec 7,3911
,,,Dec 8 – Dec 14,4185
,,,Dec 15 – Dec 21,4699
,,,Dec 22 – Dec 28,5197
,≥ 5 and < 18 Years,2023 – 2024,Dec 31 – Jan 6,7113
,,2024,Jan 7 – Jan 13,8122
,,,Jan 14 – Jan 20,7305
,,,Jan 21 – Jan 27,8929
,,,Jan 28 – Feb 3,10208
,,,Feb 4 – Feb 10,11029
,,,Feb 11 – Feb 17,10546
,,,Feb 18 – Feb 24,10556
,,,Feb 25 – Mar 2,10415
,,,Mar 3 – Mar 9,10033
,,,Mar 10 – Mar 16,9484
,,,Mar 17 – Mar 23,8920
,,,Mar 24 – Mar 30,7661
,,,Mar 31 – Apr 6,7161
,,,Apr 7 – Apr 13,7998
,,,Apr 14 – Apr 20,9123
,,,Apr 21 – Apr 27,9121
,,,Apr 28 – May 4,9818
,,,May 5 – May 11,9305
,,,May 12 – May 18,9055
,,,May 19 – May 25,8831
,,,May 26 – Jun 1,7534
,,,Jun 2 – Jun 8,6762
,,,Jun 9 – Jun 15,6494
,,,Jun 16 – Jun 22,6454
,,,Jun 23 – Jun 29,6617
,,,Jun 30 – Jul 6,6416
,,,Jul 7 – Jul 13,6503
,,,Jul 14 – Jul 20,6452
,,,Jul 21 – Jul 27,6504
,,,Jul 28 – Aug 3,6388
,,,Aug 4 – Aug 10,6537
,,,Aug 11 – Aug 17,6585
,,,Aug 18 – Aug 24,7352
,,,Aug 25 – Aug 31,8812
,,,Sep 1 – Sep 7,9026
,,,Sep 8 – Sep 14,9479
,,,Sep 15 – Sep 21,9580
,,,Sep 22 – Sep 28,8715
,,,Sep 29 – Oct 5,8882
,,,Oct 6 – Oct 12,9091
,,,Oct 13 – Oct 19,8971
,,,Oct 20 – Oct 26,9467
,,,Oct 27 – Nov 2,8891
,,,Nov 3 – Nov 9,8925
,,,Nov 10 – Nov 16,8808
,,,Nov 17 – Nov 23,8794
,,,Nov 24 – Nov 30,6893
,,,Dec 1 – Dec 7,7918
,,,Dec 8 – Dec 14,8777
,,,Dec 15 – Dec 21,8592
,,,Dec 22 – Dec 28,7423
,≥ 18 and < 50 Years,2023 – 2024,Dec 31 – Jan 6,36760
,,2024,Jan 7 – Jan 13,34610
,,,Jan 14 – Jan 20,31970
,,,Jan 21 – Jan 27,35348
,,,Jan 28 – Feb 3,35588
,,,Feb 4 – Feb 10,36012
,,,Feb 11 – Feb 17,35696
,,,Feb 18 – Feb 24,36879
,,,Feb 25 – Mar 2,36730
,,,Mar 3 – Mar 9,36409
,,,Mar 10 – Mar 16,35313
,,,Mar 17 – Mar 23,34746
,,,Mar 24 – Mar 30,34612
,,,Mar 31 – Apr 6,34704
,,,Apr 7 – Apr 13,35029
,,,Apr 14 – Apr 20,34992
,,,Apr 21 – Apr 27,34644
,,,Apr 28 – May 4,36206
,,,May 5 – May 11,35817
,,,May 12 – May 18,36012
,,,May 19 – May 25,36308
,,,May 26 – Jun 1,36046
,,,Jun 2 – Jun 8,36454
,,,Jun 9 – Jun 15,35687
,,,Jun 16 – Jun 22,36900
,,,Jun 23 – Jun 29,37300
,,,Jun 30 – Jul 6,35474
,,,Jul 7 – Jul 13,38031
,,,Jul 14 – Jul 20,37440
,,,Jul 21 – Jul 27,37184
,,,Jul 28 – Aug 3,37346
,,,Aug 4 – Aug 10,37362
,,,Aug 11 – Aug 17,36626
,,,Aug 18 – Aug 24,36160
,,,Aug 25 – Aug 31,38248
,,,Sep 1 – Sep 7,37375
,,,Sep 8 – Sep 14,37361
,,,Sep 15 – Sep 21,37964
,,,Sep 22 – Sep 28,37156
,,,Sep 29 – Oct 5,36734
,,,Oct 6 – Oct 12,36223
,,,Oct 13 – Oct 19,36015
,,,Oct 20 – Oct 26,37311
,,,Oct 27 – Nov 2,37303
,,,Nov 3 – Nov 9,38208
,,,Nov 10 – Nov 16,36822
,,,Nov 17 – Nov 23,36979
,,,Nov 24 – Nov 30,33862
,,,Dec 1 – Dec 7,36222
,,,Dec 8 – Dec 14,36827
,,,Dec 15 – Dec 21,37346
,,,Dec 22 – Dec 28,36881
,≥ 50 and < 65 Years,2023 – 2024,Dec 31 – Jan 6,15709
,,2024,Jan 7 – Jan 13,15117
,,,Jan 14 – Jan 20,13745
,,,Jan 21 – Jan 27,15702
,,,Jan 28 – Feb 3,15126
,,,Feb 4 – Feb 10,15416
,,,Feb 11 – Feb 17,15157
,,,Feb 18 – Feb 24,15626
,,,Feb 25 – Mar 2,15393
,,,Mar 3 – Mar 9,16056
,,,Mar 10 – Mar 16,15351
,,,Mar 17 – Mar 23,14889
,,,Mar 24 – Mar 30,15261
,,,Mar 31 – Apr 6,15188
,,,Apr 7 – Apr 13,15426
,,,Apr 14 – Apr 20,15456
,,,Apr 21 – Apr 27,15283
,,,Apr 28 – May 4,15740
,,,May 5 – May 11,15810
,,,May 12 – May 18,15875
,,,May 19 – May 25,16225
,,,May 26 – Jun 1,15929
,,,Jun 2 – Jun 8,16083
,,,Jun 9 – Jun 15,15841
,,,Jun 16 – Jun 22,16297
,,,Jun 23 – Jun 29,16091
,,,Jun 30 – Jul 6,15694
,,,Jul 7 – Jul 13,16574
,,,Jul 14 – Jul 20,16150
,,,Jul 21 – Jul 27,16056
,,,Jul 28 – Aug 3,15886
,,,Aug 4 – Aug 10,16315
,,,Aug 11 – Aug 17,16235
,,,Aug 18 – Aug 24,15881
,,,Aug 25 – Aug 31,16163
,,,Sep 1 – Sep 7,16085
,,,Sep 8 – Sep 14,16300
,,,Sep 15 – Sep 21,16304
,,,Sep 22 – Sep 28,15950
,,,Sep 29 – Oct 5,15542
,,,Oct 6 – Oct 12,15335
,,,Oct 13 – Oct 19,15171
,,,Oct 20 – Oct 26,15661
,,,Oct 27 – Nov 2,15349
,,,Nov 3 – Nov 9,15702
,,,Nov 10 – Nov 16,15269
,,,Nov 17 – Nov 23,15391
,,,Nov 24 – Nov 30,14301
,,,Dec 1 – Dec 7,14815
,,,Dec 8 – Dec 14,15266
,,,Dec 15 – Dec 21,15397
,,,Dec 22 – Dec 28,16077
,65 Years or more,2023 – 2024,Dec 31 – Jan 6,22959
,,2024,Jan 7 – Jan 13,21557
,,,Jan 14 – Jan 20,19557
,,,Jan 21 – Jan 27,21132
,,,Jan 28 – Feb 3,21138
,,,Feb 4 – Feb 10,21584
,,,Feb 11 – Feb 17,20838
,,,Feb 18 – Feb 24,21959
,,,Feb 25 – Mar 2,21476
,,,Mar 3 – Mar 9,21617
,,,Mar 10 – Mar 16,21368
,,,Mar 17 – Mar 23,20710
,,,Mar 24 – Mar 30,21391
,,,Mar 31 – Apr 6,21570
,,,Apr 7 – Apr 13,21735
,,,Apr 14 – Apr 20,22173
,,,Apr 21 – Apr 27,21159
,,,Apr 28 – May 4,22043
,,,May 5 – May 11,21738
,,,May 12 – May 18,22369
,,,May 19 – May 25,23198
,,,May 26 – Jun 1,22424
,,,Jun 2 – Jun 8,22926
,,,Jun 9 – Jun 15,22564
,,,Jun 16 – Jun 22,22814
,,,Jun 23 – Jun 29,22547
,,,Jun 30 – Jul 6,22540
,,,Jul 7 – Jul 13,23199
,,,Jul 14 – Jul 20,22518
,,,Jul 21 – Jul 27,22458
,,,Jul 28 – Aug 3,22587
,,,Aug 4 – Aug 10,22968
,,,Aug 11 – Aug 17,22891
,,,Aug 18 – Aug 24,22630
,,,Aug 25 – Aug 31,23127
,,,Sep 1 – Sep 7,22724
,,,Sep 8 – Sep 14,23377
,,,Sep 15 – Sep 21,23212
,,,Sep 22 – Sep 28,22502
,,,Sep 29 – Oct 5,22119
,,,Oct 6 – Oct 12,22208
,,,Oct 13 – Oct 19,21742
,,,Oct 20 – Oct 26,22476
,,,Oct 27 – Nov 2,22035
,,,Nov 3 – Nov 9,22081
,,,Nov 10 – Nov 16,21825
,,,Nov 17 – Nov 23,22045
,,,Nov 24 – Nov 30,21816
,,,Dec 1 – Dec 7,22062
,,,Dec 8 – Dec 14,22808
,,,Dec 15 – Dec 21,22922
,,,Dec 22 – Dec 28,24497
,No value,2023 – 2024,Dec 31 – Jan 6,10 or fewer
,,2024,Jan 7 – Jan 13,10 or fewer
,,,Jan 14 – Jan 20,10 or fewer
,,,Jan 21 – Jan 27,10 or fewer
,,,Jan 28 – Feb 3,10 or fewer
,,,Feb 4 – Feb 10,10 or fewer
,,,Feb 11 – Feb 17,10 or fewer
,,,Feb 18 – Feb 24,10 or fewer
,,,Feb 25 – Mar 2,10 or fewer
,,,Mar 3 – Mar 9,10 or fewer
,,,Mar 10 – Mar 16,10 or fewer
,,,Mar 17 – Mar 23,10 or fewer
,,,Mar 24 – Mar 30,10 or fewer
,,,Mar 31 – Apr 6,10 or fewer
,,,Apr 7 – Apr 13,10 or fewer
,,,Apr 14 – Apr 20,10 or fewer
,,,Apr 21 – Apr 27,10 or fewer
,,,Apr 28 – May 4,10 or fewer
,,,May 5 – May 11,10 or fewer
,,,May 12 – May 18,10 or fewer
,,,May 19 – May 25,10 or fewer
,,,May 26 – Jun 1,10 or fewer
,,,Jun 2 – Jun 8,10 or fewer
,,,Jun 9 – Jun 15,10 or fewer
,,,Jun 16 – Jun 22,10 or fewer
,,,Jun 23 – Jun 29,10 or fewer
,,,Jun 30 – Jul 6,10 or fewer
,,,Jul 7 – Jul 13,10 or fewer
,,,Jul 14 – Jul 20,10 or fewer
,,,Jul 21 – Jul 27,10 or fewer
,,,Jul 28 – Aug 3,10 or fewer
,,,Aug 4 – Aug 10,10 or fewer
,,,Aug 11 – Aug 17,10 or fewer
,,,Aug 18 – Aug 24,10 or fewer
,,,Aug 25 – Aug 31,10 or fewer
,,,Sep 1 – Sep 7,10 or fewer
,,,Sep 8 – Sep 14,10 or fewer
,,,Sep 15 – Sep 21,10 or fewer
,,,Sep 22 – Sep 28,10 or fewer
,,,Sep 29 – Oct 5,10 or fewer
,,,Oct 6 – Oct 12,10 or fewer
,,,Oct 13 – Oct 19,10 or fewer
,,,Oct 20 – Oct 26,10 or fewer
,,,Oct 27 – Nov 2,10 or fewer
,,,Nov 3 – Nov 9,10 or fewer
,,,Nov 10 – Nov 16,10 or fewer
,,,Nov 17 – Nov 23,10 or fewer
,,,Nov 24 – Nov 30,10 or fewer
,,,Dec 1 – Dec 7,10 or fewer
,,,Dec 8 – Dec 14,10 or fewer
,,,Dec 15 – Dec 21,10 or fewer
,,,Dec 22 – Dec 28,10 or fewer
,Total,2023 – 2024,Dec 31 – Jan 6,88847
,,2024,Jan 7 – Jan 13,84741
,,,Jan 14 – Jan 20,77492
,,,Jan 21 – Jan 27,86101
,,,Jan 28 – Feb 3,87289
,,,Feb 4 – Feb 10,89646
,,,Feb 11 – Feb 17,87861
,,,Feb 18 – Feb 24,90929
,,,Feb 25 – Mar 2,89513
,,,Mar 3 – Mar 9,89478
,,,Mar 10 – Mar 16,86822
,,,Mar 17 – Mar 23,84477
,,,Mar 24 – Mar 30,84353
,,,Mar 31 – Apr 6,83560
,,,Apr 7 – Apr 13,85169
,,,Apr 14 – Apr 20,86516
,,,Apr 21 – Apr 27,85138
,,,Apr 28 – May 4,89069
,,,May 5 – May 11,87611
,,,May 12 – May 18,88273
,,,May 19 – May 25,89493
,,,May 26 – Jun 1,86859
,,,Jun 2 – Jun 8,86477
,,,Jun 9 – Jun 15,84517
,,,Jun 16 – Jun 22,86428
,,,Jun 23 – Jun 29,86565
,,,Jun 30 – Jul 6,83851
,,,Jul 7 – Jul 13,88222
,,,Jul 14 – Jul 20,86428
,,,Jul 21 – Jul 27,86094
,,,Jul 28 – Aug 3,86008
,,,Aug 4 – Aug 10,87066
,,,Aug 11 – Aug 17,86236
,,,Aug 18 – Aug 24,85946
,,,Aug 25 – Aug 31,90646
,,,Sep 1 – Sep 7,89849
,,,Sep 8 – Sep 14,91087
,,,Sep 15 – Sep 21,91426
,,,Sep 22 – Sep 28,88572
,,,Sep 29 – Oct 5,87696
,,,Oct 6 – Oct 12,87392
,,,Oct 13 – Oct 19,86511
,,,Oct 20 – Oct 26,90152
,,,Oct 27 – Nov 2,88492
,,,Nov 3 – Nov 9,90117
,,,Nov 10 – Nov 16,87890
,,,Nov 17 – Nov 23,88653
,,,Nov 24 – Nov 30,82562
,,,Dec 1 – Dec 7,86697
,,,Dec 8 – Dec 14,89557
,,,Dec 15 – Dec 21,90748
,,,Dec 22 – Dec 28,92258
Texas,Less than 1 Years,2023 – 2024,Dec 31 – Jan 6,2908
,,2024,Jan 7 – Jan 13,2383
,,,Jan 14 – Jan 20,2200
,,,Jan 21 – Jan 27,2340
,,,Jan 28 – Feb 3,2523
,,,Feb 4 – Feb 10,2472
,,,Feb 11 – Feb 17,2297
,,,Feb 18 – Feb 24,2322
,,,Feb 25 – Mar 2,2253
,,,Mar 3 – Mar 9,2221
,,,Mar 10 – Mar 16,2397
,,,Mar 17 – Mar 23,2320
,,,Mar 24 – Mar 30,2133
,,,Mar 31 – Apr 6,2209
,,,Apr 7 – Apr 13,2214
,,,Apr 14 – Apr 20,2140
,,,Apr 21 – Apr 27,2200
,,,Apr 28 – May 4,2075
,,,May 5 – May 11,2087
,,,May 12 – May 18,2201
,,,May 19 – May 25,2086
,,,May 26 – Jun 1,2326
,,,Jun 2 – Jun 8,2300
,,,Jun 9 – Jun 15,2091
,,,Jun 16 – Jun 22,2075
,,,Jun 23 – Jun 29,2071
,,,Jun 30 – Jul 6,2164
,,,Jul 7 – Jul 13,2290
,,,Jul 14 – Jul 20,2350
,,,Jul 21 – Jul 27,2274
,,,Jul 28 – Aug 3,2270
,,,Aug 4 – Aug 10,2320
,,,Aug 11 – Aug 17,2256
,,,Aug 18 – Aug 24,2482
,,,Aug 25 – Aug 31,2508
,,,Sep 1 – Sep 7,2667
,,,Sep 8 – Sep 14,2387
,,,Sep 15 – Sep 21,2291
,,,Sep 22 – Sep 28,2264
,,,Sep 29 – Oct 5,2570
,,,Oct 6 – Oct 12,2789
,,,Oct 13 – Oct 19,2819
,,,Oct 20 – Oct 26,2776
,,,Oct 27 – Nov 2,2889
,,,Nov 3 – Nov 9,3025
,,,Nov 10 – Nov 16,3296
,,,Nov 17 – Nov 23,3410
,,,Nov 24 – Nov 30,3689
,,,Dec 1 – Dec 7,3616
,,,Dec 8 – Dec 14,3184
,,,Dec 15 – Dec 21,3489
,,,Dec 22 – Dec 28,3908
,≥ 1 and < 5 Years,2023 – 2024,Dec 31 – Jan 6,5306
,,2024,Jan 7 – Jan 13,4629
,,,Jan 14 – Jan 20,4391
,,,Jan 21 – Jan 27,4965
,,,Jan 28 – Feb 3,5680
,,,Feb 4 – Feb 10,5424
,,,Feb 11 – Feb 17,4964
,,,Feb 18 – Feb 24,5131
,,,Feb 25 – Mar 2,4881
,,,Mar 3 – Mar 9,4957
,,,Mar 10 – Mar 16,4976
,,,Mar 17 – Mar 23,4794
,,,Mar 24 – Mar 30,4808
,,,Mar 31 – Apr 6,4863
,,,Apr 7 – Apr 13,4854
,,,Apr 14 – Apr 20,4863
,,,Apr 21 – Apr 27,4773
,,,Apr 28 – May 4,4761
,,,May 5 – May 11,4983
,,,May 12 – May 18,5070
,,,May 19 – May 25,5166
,,,May 26 – Jun 1,5454
,,,Jun 2 – Jun 8,4905
,,,Jun 9 – Jun 15,4771
,,,Jun 16 – Jun 22,4449
,,,Jun 23 – Jun 29,4387
,,,Jun 30 – Jul 6,4360
,,,Jul 7 – Jul 13,4339
,,,Jul 14 – Jul 20,4139
,,,Jul 21 – Jul 27,4091
,,,Jul 28 – Aug 3,4254
,,,Aug 4 – Aug 10,4277
,,,Aug 11 – Aug 17,4255
,,,Aug 18 – Aug 24,4963
,,,Aug 25 – Aug 31,5385
,,,Sep 1 – Sep 7,5430
,,,Sep 8 – Sep 14,5265
,,,Sep 15 – Sep 21,5211
,,,Sep 22 – Sep 28,5445
,,,Sep 29 – Oct 5,5630
,,,Oct 6 – Oct 12,6262
,,,Oct 13 – Oct 19,6417
,,,Oct 20 – Oct 26,6682
,,,Oct 27 – Nov 2,6659
,,,Nov 3 – Nov 9,6984
,,,Nov 10 – Nov 16,7315
,,,Nov 17 – Nov 23,7365
,,,Nov 24 – Nov 30,7842
,,,Dec 1 – Dec 7,6829
,,,Dec 8 – Dec 14,6992
,,,Dec 15 – Dec 21,7465
,,,Dec 22 – Dec 28,8271
,≥ 5 and < 18 Years,2023 – 2024,Dec 31 – Jan 6,7491
,,2024,Jan 7 – Jan 13,8416
,,,Jan 14 – Jan 20,8087
,,,Jan 21 – Jan 27,11204
,,,Jan 28 – Feb 3,13020
,,,Feb 4 – Feb 10,12178
,,,Feb 11 – Feb 17,10438
,,,Feb 18 – Feb 24,10266
,,,Feb 25 – Mar 2,10286
,,,Mar 3 – Mar 9,10197
,,,Mar 10 – Mar 16,7650
,,,Mar 17 – Mar 23,9066
,,,Mar 24 – Mar 30,9372
,,,Mar 31 – Apr 6,10163
,,,Apr 7 – Apr 13,9875
,,,Apr 14 – Apr 20,10299
,,,Apr 21 – Apr 27,10422
,,,Apr 28 – May 4,10323
,,,May 5 – May 11,10328
,,,May 12 – May 18,10223
,,,May 19 – May 25,9629
,,,May 26 – Jun 1,8957
,,,Jun 2 – Jun 8,8411
,,,Jun 9 – Jun 15,8170
,,,Jun 16 – Jun 22,8078
,,,Jun 23 – Jun 29,7878
,,,Jun 30 – Jul 6,7730
,,,Jul 7 – Jul 13,7526
,,,Jul 14 – Jul 20,7265
,,,Jul 21 – Jul 27,7129
,,,Jul 28 – Aug 3,7118
,,,Aug 4 – Aug 10,7293
,,,Aug 11 – Aug 17,8124
,,,Aug 18 – Aug 24,10243
,,,Aug 25 – Aug 31,11020
,,,Sep 1 – Sep 7,10761
,,,Sep 8 – Sep 14,11162
,,,Sep 15 – Sep 21,11048
,,,Sep 22 – Sep 28,11212
,,,Sep 29 – Oct 5,11547
,,,Oct 6 – Oct 12,12336
,,,Oct 13 – Oct 19,11503
,,,Oct 20 – Oct 26,12971
,,,Oct 27 – Nov 2,12541
,,,Nov 3 – Nov 9,12123
,,,Nov 10 – Nov 16,12959
,,,Nov 17 – Nov 23,12852
,,,Nov 24 – Nov 30,9509
,,,Dec 1 – Dec 7,11278
,,,Dec 8 – Dec 14,12149
,,,Dec 15 – Dec 21,12629
,,,Dec 22 – Dec 28,10637
,≥ 18 and < 50 Years,2023 – 2024,Dec 31 – Jan 6,31322
,,2024,Jan 7 – Jan 13,29183
,,,Jan 14 – Jan 20,26871
,,,Jan 21 – Jan 27,30254
,,,Jan 28 – Feb 3,31137
,,,Feb 4 – Feb 10,30617
,,,Feb 11 – Feb 17,29210
,,,Feb 18 – Feb 24,29584
,,,Feb 25 – Mar 2,29387
,,,Mar 3 – Mar 9,29210
,,,Mar 10 – Mar 16,28799
,,,Mar 17 – Mar 23,29299
,,,Mar 24 – Mar 30,28550
,,,Mar 31 – Apr 6,29826
,,,Apr 7 – Apr 13,29479
,,,Apr 14 – Apr 20,30096
,,,Apr 21 – Apr 27,30056
,,,Apr 28 – May 4,30288
,,,May 5 – May 11,30520
,,,May 12 – May 18,30310
,,,May 19 – May 25,31097
,,,May 26 – Jun 1,30463
,,,Jun 2 – Jun 8,31221
,,,Jun 9 – Jun 15,31352
,,,Jun 16 – Jun 22,31236
,,,Jun 23 – Jun 29,31973
,,,Jun 30 – Jul 6,31302
,,,Jul 7 – Jul 13,32114
,,,Jul 14 – Jul 20,31727
,,,Jul 21 – Jul 27,31464
,,,Jul 28 – Aug 3,31803
,,,Aug 4 – Aug 10,31864
,,,Aug 11 – Aug 17,31910
,,,Aug 18 – Aug 24,32400
,,,Aug 25 – Aug 31,31724
,,,Sep 1 – Sep 7,31379
,,,Sep 8 – Sep 14,31310
,,,Sep 15 – Sep 21,32267
,,,Sep 22 – Sep 28,31346
,,,Sep 29 – Oct 5,32511
,,,Oct 6 – Oct 12,36542
,,,Oct 13 – Oct 19,36045
,,,Oct 20 – Oct 26,37252
,,,Oct 27 – Nov 2,37046
,,,Nov 3 – Nov 9,36597
,,,Nov 10 – Nov 16,36611
,,,Nov 17 – Nov 23,36031
,,,Nov 24 – Nov 30,33732
,,,Dec 1 – Dec 7,36663
,,,Dec 8 – Dec 14,36016
,,,Dec 15 – Dec 21,36853
,,,Dec 22 – Dec 28,37295
,≥ 50 and < 65 Years,2023 – 2024,Dec 31 – Jan 6,13109
,,2024,Jan 7 – Jan 13,12408
,,,Jan 14 – Jan 20,11305
,,,Jan 21 – Jan 27,12750
,,,Jan 28 – Feb 3,12812
,,,Feb 4 – Feb 10,12886
,,,Feb 11 – Feb 17,12154
,,,Feb 18 – Feb 24,12423
,,,Feb 25 – Mar 2,12283
,,,Mar 3 – Mar 9,12562
,,,Mar 10 – Mar 16,12387
,,,Mar 17 – Mar 23,12342
,,,Mar 24 – Mar 30,12268
,,,Mar 31 – Apr 6,12510
,,,Apr 7 – Apr 13,12417
,,,Apr 14 – Apr 20,12678
,,,Apr 21 – Apr 27,12390
,,,Apr 28 – May 4,12447
,,,May 5 – May 11,12641
,,,May 12 – May 18,12861
,,,May 19 – May 25,13062
,,,May 26 – Jun 1,12650
,,,Jun 2 – Jun 8,13276
,,,Jun 9 – Jun 15,13317
,,,Jun 16 – Jun 22,12897
,,,Jun 23 – Jun 29,13310
,,,Jun 30 – Jul 6,12893
,,,Jul 7 – Jul 13,13666
,,,Jul 14 – Jul 20,13251
,,,Jul 21 – Jul 27,12985
,,,Jul 28 – Aug 3,13611
,,,Aug 4 – Aug 10,13702
,,,Aug 11 – Aug 17,13849
,,,Aug 18 – Aug 24,13448
,,,Aug 25 – Aug 31,13040
,,,Sep 1 – Sep 7,12903
,,,Sep 8 – Sep 14,13457
,,,Sep 15 – Sep 21,13756
,,,Sep 22 – Sep 28,12840
,,,Sep 29 – Oct 5,13409
,,,Oct 6 – Oct 12,15075
,,,Oct 13 – Oct 19,14916
,,,Oct 20 – Oct 26,15045
,,,Oct 27 – Nov 2,14978
,,,Nov 3 – Nov 9,14914
,,,Nov 10 – Nov 16,15178
,,,Nov 17 – Nov 23,14851
,,,Nov 24 – Nov 30,14206
,,,Dec 1 – Dec 7,15126
,,,Dec 8 – Dec 14,15222
,,,Dec 15 – Dec 21,15454
,,,Dec 22 – Dec 28,15542
,65 Years or more,2023 – 2024,Dec 31 – Jan 6,17646
,,2024,Jan 7 – Jan 13,16889
,,,Jan 14 – Jan 20,15247
,,,Jan 21 – Jan 27,16602
,,,Jan 28 – Feb 3,17011
,,,Feb 4 – Feb 10,16659
,,,Feb 11 – Feb 17,16165
,,,Feb 18 – Feb 24,16530
,,,Feb 25 – Mar 2,16396
,,,Mar 3 – Mar 9,16278
,,,Mar 10 – Mar 16,16191
,,,Mar 17 – Mar 23,16092
,,,Mar 24 – Mar 30,16295
,,,Mar 31 – Apr 6,16754
,,,Apr 7 – Apr 13,16646
,,,Apr 14 – Apr 20,16531
,,,Apr 21 – Apr 27,16682
,,,Apr 28 – May 4,16285
,,,May 5 – May 11,16734
,,,May 12 – May 18,16654
,,,May 19 – May 25,17428
,,,May 26 – Jun 1,16999
,,,Jun 2 – Jun 8,17114
,,,Jun 9 – Jun 15,17202
,,,Jun 16 – Jun 22,17259
,,,Jun 23 – Jun 29,17426
,,,Jun 30 – Jul 6,17293
,,,Jul 7 – Jul 13,18468
,,,Jul 14 – Jul 20,17528
,,,Jul 21 – Jul 27,17307
,,,Jul 28 – Aug 3,17538
,,,Aug 4 – Aug 10,17593
,,,Aug 11 – Aug 17,17764
,,,Aug 18 – Aug 24,17452
,,,Aug 25 – Aug 31,17195
,,,Sep 1 – Sep 7,17122
,,,Sep 8 – Sep 14,17452
,,,Sep 15 – Sep 21,17243
,,,Sep 22 – Sep 28,16938
,,,Sep 29 – Oct 5,17579
,,,Oct 6 – Oct 12,19790
,,,Oct 13 – Oct 19,19831
,,,Oct 20 – Oct 26,20099
,,,Oct 27 – Nov 2,19706
,,,Nov 3 – Nov 9,19791
,,,Nov 10 – Nov 16,20201
,,,Nov 17 – Nov 23,20307
,,,Nov 24 – Nov 30,19855
,,,Dec 1 – Dec 7,20822
,,,Dec 8 – Dec 14,21085
,,,Dec 15 – Dec 21,21493
,,,Dec 22 – Dec 28,22260
,No value,2023 – 2024,Dec 31 – Jan 6,10 or fewer
,,2024,Jan 7 – Jan 13,10 or fewer
,,,Jan 14 – Jan 20,10 or fewer
,,,Jan 21 – Jan 27,10 or fewer
,,,Jan 28 – Feb 3,10 or fewer
,,,Feb 4 – Feb 10,10 or fewer
,,,Feb 11 – Feb 17,10 or fewer
,,,Feb 18 – Feb 24,10 or fewer
,,,Feb 25 – Mar 2,10 or fewer
,,,Mar 3 – Mar 9,10 or fewer
,,,Mar 10 – Mar 16,10 or fewer
,,,Mar 17 – Mar 23,10 or fewer
,,,Mar 24 – Mar 30,10 or fewer
,,,Mar 31 – Apr 6,10 or fewer
,,,Apr 7 – Apr 13,10 or fewer
,,,Apr 14 – Apr 20,10 or fewer
,,,Apr 21 – Apr 27,10 or fewer
,,,Apr 28 – May 4,10 or fewer
,,,May 5 – May 11,10 or fewer
,,,May 12 – May 18,10 or fewer
,,,May 19 – May 25,10 or fewer
,,,May 26 – Jun 1,10 or fewer
,,,Jun 2 – Jun 8,10 or fewer
,,,Jun 9 – Jun 15,10 or fewer
,,,Jun 16 – Jun 22,10 or fewer
,,,Jun 23 – Jun 29,10 or fewer
,,,Jun 30 – Jul 6,10 or fewer
,,,Jul 7 – Jul 13,10 or fewer
,,,Jul 14 – Jul 20,10 or fewer
,,,Jul 21 – Jul 27,10 or fewer
,,,Jul 28 – Aug 3,10 or fewer
,,,Aug 4 – Aug 10,10 or fewer
,,,Aug 11 – Aug 17,10 or fewer
,,,Aug 18 – Aug 24,10 or fewer
,,,Aug 25 – Aug 31,10 or fewer
,,,Sep 1 – Sep 7,10 or fewer
,,,Sep 8 – Sep 14,10 or fewer
,,,Sep 15 – Sep 21,10 or fewer
,,,Sep 22 – Sep 28,10 or fewer
,,,Sep 29 – Oct 5,10 or fewer
,,,Oct 6 – Oct 12,10 or fewer
,,,Oct 13 – Oct 19,10 or fewer
,,,Oct 20 – Oct 26,10 or fewer
,,,Oct 27 – Nov 2,10 or fewer
,,,Nov 3 – Nov 9,10 or fewer
,,,Nov 10 – Nov 16,10 or fewer
,,,Nov 17 – Nov 23,10 or fewer
,,,Nov 24 – Nov 30,10 or fewer
,,,Dec 1 – Dec 7,10 or fewer
,,,Dec 8 – Dec 14,10 or fewer
,,,Dec 15 – Dec 21,10 or fewer
,,,Dec 22 – Dec 28,10 or fewer
,Total,2023 – 2024,Dec 31 – Jan 6,77782
,,2024,Jan 7 – Jan 13,73908
,,,Jan 14 – Jan 20,68101
,,,Jan 21 – Jan 27,78115
,,,Jan 28 – Feb 3,82183
,,,Feb 4 – Feb 10,80236
,,,Feb 11 – Feb 17,75228
,,,Feb 18 – Feb 24,76256
,,,Feb 25 – Mar 2,75486
,,,Mar 3 – Mar 9,75425
,,,Mar 10 – Mar 16,72400
,,,Mar 17 – Mar 23,73913
,,,Mar 24 – Mar 30,73426
,,,Mar 31 – Apr 6,76325
,,,Apr 7 – Apr 13,75485
,,,Apr 14 – Apr 20,76607
,,,Apr 21 – Apr 27,76523
,,,Apr 28 – May 4,76181
,,,May 5 – May 11,77293
,,,May 12 – May 18,77319
,,,May 19 – May 25,78468
,,,May 26 – Jun 1,76849
,,,Jun 2 – Jun 8,77227
,,,Jun 9 – Jun 15,76903
,,,Jun 16 – Jun 22,75994
,,,Jun 23 – Jun 29,77045
,,,Jun 30 – Jul 6,75742
,,,Jul 7 – Jul 13,78404
,,,Jul 14 – Jul 20,76260
,,,Jul 21 – Jul 27,75250
,,,Jul 28 – Aug 3,76594
,,,Aug 4 – Aug 10,77049
,,,Aug 11 – Aug 17,78159
,,,Aug 18 – Aug 24,80988
,,,Aug 25 – Aug 31,80872
,,,Sep 1 – Sep 7,80262
,,,Sep 8 – Sep 14,81033
,,,Sep 15 – Sep 21,81816
,,,Sep 22 – Sep 28,80045
,,,Sep 29 – Oct 5,83246
,,,Oct 6 – Oct 12,92794
,,,Oct 13 – Oct 19,91531
,,,Oct 20 – Oct 26,94825
,,,Oct 27 – Nov 2,93819
,,,Nov 3 – Nov 9,93434
,,,Nov 10 – Nov 16,95560
,,,Nov 17 – Nov 23,94816
,,,Nov 24 – Nov 30,88833
,,,Dec 1 – Dec 7,94334
,,,Dec 8 – Dec 14,94648
,,,Dec 15 – Dec 21,97383
,,,Dec 22 – Dec 28,97913
Pennsylvania,Less than 1 Years,2023 – 2024,Dec 31 – Jan 6,1691
,,2024,Jan 7 – Jan 13,1289
,,,Jan 14 – Jan 20,1164
,,,Jan 21 – Jan 27,1150
,,,Jan 28 – Feb 3,1076
,,,Feb 4 – Feb 10,1209
,,,Feb 11 – Feb 17,1205
,,,Feb 18 – Feb 24,1255
,,,Feb 25 – Mar 2,1187
,,,Mar 3 – Mar 9,1129
,,,Mar 10 – Mar 16,1126
,,,Mar 17 – Mar 23,1150
,,,Mar 24 – Mar 30,1207
,,,Mar 31 – Apr 6,1180
,,,Apr 7 – Apr 13,1172
,,,Apr 14 – Apr 20,1144
,,,Apr 21 – Apr 27,1073
,,,Apr 28 – May 4,1083
,,,May 5 – May 11,1069
,,,May 12 – May 18,1087
,,,May 19 – May 25,1088
,,,May 26 – Jun 1,1085
,,,Jun 2 – Jun 8,988
,,,Jun 9 – Jun 15,1033
,,,Jun 16 – Jun 22,982
,,,Jun 23 – Jun 29,937
,,,Jun 30 – Jul 6,924
,,,Jul 7 – Jul 13,917
,,,Jul 14 – Jul 20,928
,,,Jul 21 – Jul 27,934
,,,Jul 28 – Aug 3,957
,,,Aug 4 – Aug 10,968
,,,Aug 11 – Aug 17,964
,,,Aug 18 – Aug 24,1003
,,,Aug 25 – Aug 31,1026
,,,Sep 1 – Sep 7,1127
,,,Sep 8 – Sep 14,1121
,,,Sep 15 – Sep 21,1092
,,,Sep 22 – Sep 28,1053
,,,Sep 29 – Oct 5,1028
,,,Oct 6 – Oct 12,1071
,,,Oct 13 – Oct 19,1171
,,,Oct 20 – Oct 26,1216
,,,Oct 27 – Nov 2,1207
,,,Nov 3 – Nov 9,1218
,,,Nov 10 – Nov 16,1239
,,,Nov 17 – Nov 23,1352
,,,Nov 24 – Nov 30,1405
,,,Dec 1 – Dec 7,1593
,,,Dec 8 – Dec 14,1485
,,,Dec 15 – Dec 21,1572
,,,Dec 22 – Dec 28,1792
,≥ 1 and < 5 Years,2023 – 2024,Dec 31 – Jan 6,3155
,,2024,Jan 7 – Jan 13,2672
,,,Jan 14 – Jan 20,2503
,,,Jan 21 – Jan 27,2535
,,,Jan 28 – Feb 3,2760
,,,Feb 4 – Feb 10,3016
,,,Feb 11 – Feb 17,2846
,,,Feb 18 – Feb 24,2970
,,,Feb 25 – Mar 2,3043
,,,Mar 3 – Mar 9,2991
,,,Mar 10 – Mar 16,3138
,,,Mar 17 – Mar 23,3056
,,,Mar 24 – Mar 30,3012
,,,Mar 31 – Apr 6,2991
,,,Apr 7 – Apr 13,2963
,,,Apr 14 – Apr 20,2869
,,,Apr 21 – Apr 27,2875
,,,Apr 28 – May 4,2938
,,,May 5 – May 11,2712
,,,May 12 – May 18,2712
,,,May 19 – May 25,2725
,,,May 26 – Jun 1,2792
,,,Jun 2 – Jun 8,2763
,,,Jun 9 – Jun 15,2523
,,,Jun 16 – Jun 22,2496
,,,Jun 23 – Jun 29,2340
,,,Jun 30 – Jul 6,2218
,,,Jul 7 – Jul 13,2228
,,,Jul 14 – Jul 20,2185
,,,Jul 21 – Jul 27,2180
,,,Jul 28 – Aug 3,2176
,,,Aug 4 – Aug 10,2088
,,,Aug 11 – Aug 17,2258
,,,Aug 18 – Aug 24,2183
,,,Aug 25 – Aug 31,2262
,,,Sep 1 – Sep 7,2423
,,,Sep 8 – Sep 14,2627
,,,Sep 15 – Sep 21,2790
,,,Sep 22 – Sep 28,2693
,,,Sep 29 – Oct 5,2685
,,,Oct 6 – Oct 12,2773
,,,Oct 13 – Oct 19,2856
,,,Oct 20 – Oct 26,2927
,,,Oct 27 – Nov 2,2995
,,,Nov 3 – Nov 9,3081
,,,Nov 10 – Nov 16,3070
,,,Nov 17 – Nov 23,3217
,,,Nov 24 – Nov 30,3511
,,,Dec 1 – Dec 7,3289
,,,Dec 8 – Dec 14,3615
,,,Dec 15 – Dec 21,3949
,,,Dec 22 – Dec 28,4330
,≥ 5 and < 18 Years,2023 – 2024,Dec 31 – Jan 6,5061
,,2024,Jan 7 – Jan 13,5398
,,,Jan 14 – Jan 20,4670
,,,Jan 21 – Jan 27,5644
,,,Jan 28 – Feb 3,6332
,,,Feb 4 – Feb 10,6820
,,,Feb 11 – Feb 17,6026
,,,Feb 18 – Feb 24,6475
,,,Feb 25 – Mar 2,6927
,,,Mar 3 – Mar 9,6922
,,,Mar 10 – Mar 16,6902
,,,Mar 17 – Mar 23,6526
,,,Mar 24 – Mar 30,5573
,,,Mar 31 – Apr 6,5614
,,,Apr 7 – Apr 13,6087
,,,Apr 14 – Apr 20,6631
,,,Apr 21 – Apr 27,6271
,,,Apr 28 – May 4,6646
,,,May 5 – May 11,6152
,,,May 12 – May 18,6152
,,,May 19 – May 25,6191
,,,May 26 – Jun 1,5666
,,,Jun 2 – Jun 8,5462
,,,Jun 9 – Jun 15,4890
,,,Jun 16 – Jun 22,4532
,,,Jun 23 – Jun 29,4753
,,,Jun 30 – Jul 6,4413
,,,Jul 7 – Jul 13,4587
,,,Jul 14 – Jul 20,4518
,,,Jul 21 – Jul 27,4402
,,,Jul 28 – Aug 3,4286
,,,Aug 4 – Aug 10,4000
,,,Aug 11 – Aug 17,4382
,,,Aug 18 – Aug 24,4473
,,,Aug 25 – Aug 31,4918
,,,Sep 1 – Sep 7,5692
,,,Sep 8 – Sep 14,6533
,,,Sep 15 – Sep 21,6660
,,,Sep 22 – Sep 28,6070
,,,Sep 29 – Oct 5,6269
,,,Oct 6 – Oct 12,6385
,,,Oct 13 – Oct 19,6345
,,,Oct 20 – Oct 26,6942
,,,Oct 27 – Nov 2,6238
,,,Nov 3 – Nov 9,6144
,,,Nov 10 – Nov 16,6061
,,,Nov 17 – Nov 23,6334
,,,Nov 24 – Nov 30,4948
,,,Dec 1 – Dec 7,5532
,,,Dec 8 – Dec 14,6056
,,,Dec 15 – Dec 21,6372
,,,Dec 22 – Dec 28,5263
,≥ 18 and < 50 Years,2023 – 2024,Dec 31 – Jan 6,20667
,,2024,Jan 7 – Jan 13,20032
,,,Jan 14 – Jan 20,19187
,,,Jan 21 – Jan 27,20562
,,,Jan 28 – Feb 3,20326
,,,Feb 4 – Feb 10,20629
,,,Feb 11 – Feb 17,20509
,,,Feb 18 – Feb 24,21630
,,,Feb 25 – Mar 2,20952
,,,Mar 3 – Mar 9,21089
,,,Mar 10 – Mar 16,21028
,,,Mar 17 – Mar 23,20766
,,,Mar 24 – Mar 30,20427
,,,Mar 31 – Apr 6,20696
,,,Apr 7 – Apr 13,20937
,,,Apr 14 – Apr 20,21272
,,,Apr 21 – Apr 27,20578
,,,Apr 28 – May 4,21155
,,,May 5 – May 11,21349
,,,May 12 – May 18,21068
,,,May 19 – May 25,21716
,,,May 26 – Jun 1,21439
,,,Jun 2 – Jun 8,22004
,,,Jun 9 – Jun 15,21018
,,,Jun 16 – Jun 22,21638
,,,Jun 23 – Jun 29,22050
,,,Jun 30 – Jul 6,20780
,,,Jul 7 – Jul 13,23063
,,,Jul 14 – Jul 20,22052
,,,Jul 21 – Jul 27,21709
,,,Jul 28 – Aug 3,21940
,,,Aug 4 – Aug 10,21899
,,,Aug 11 – Aug 17,21512
,,,Aug 18 – Aug 24,21185
,,,Aug 25 – Aug 31,21741
,,,Sep 1 – Sep 7,21665
,,,Sep 8 – Sep 14,21378
,,,Sep 15 – Sep 21,22105
,,,Sep 22 – Sep 28,21669
,,,Sep 29 – Oct 5,21782
,,,Oct 6 – Oct 12,21274
,,,Oct 13 – Oct 19,21064
,,,Oct 20 – Oct 26,21983
,,,Oct 27 – Nov 2,21620
,,,Nov 3 – Nov 9,21865
,,,Nov 10 – Nov 16,21119
,,,Nov 17 – Nov 23,21267
,,,Nov 24 – Nov 30,20065
,,,Dec 1 – Dec 7,20955
,,,Dec 8 – Dec 14,21283
,,,Dec 15 – Dec 21,21510
,,,Dec 22 – Dec 28,21635
,≥ 50 and < 65 Years,2023 – 2024,Dec 31 – Jan 6,9991
,,2024,Jan 7 – Jan 13,9853
,,,Jan 14 – Jan 20,9065
,,,Jan 21 – Jan 27,9825
,,,Jan 28 – Feb 3,9520
,,,Feb 4 – Feb 10,9854
,,,Feb 11 – Feb 17,9456
,,,Feb 18 – Feb 24,10087
,,,Feb 25 – Mar 2,9740
,,,Mar 3 – Mar 9,9686
,,,Mar 10 – Mar 16,9925
,,,Mar 17 – Mar 23,9598
,,,Mar 24 – Mar 30,9432
,,,Mar 31 – Apr 6,9622
,,,Apr 7 – Apr 13,9667
,,,Apr 14 – Apr 20,9874
,,,Apr 21 – Apr 27,9754
,,,Apr 28 – May 4,10095
,,,May 5 – May 11,10083
,,,May 12 – May 18,9830
,,,May 19 – May 25,10034
,,,May 26 – Jun 1,10154
,,,Jun 2 – Jun 8,10165
,,,Jun 9 – Jun 15,9980
,,,Jun 16 – Jun 22,9939
,,,Jun 23 – Jun 29,10179
,,,Jun 30 – Jul 6,9851
,,,Jul 7 – Jul 13,10512
,,,Jul 14 – Jul 20,10204
,,,Jul 21 – Jul 27,10285
,,,Jul 28 – Aug 3,10168
,,,Aug 4 – Aug 10,10223
,,,Aug 11 – Aug 17,10300
,,,Aug 18 – Aug 24,9880
,,,Aug 25 – Aug 31,10098
,,,Sep 1 – Sep 7,10060
,,,Sep 8 – Sep 14,9998
,,,Sep 15 – Sep 21,10078
,,,Sep 22 – Sep 28,9837
,,,Sep 29 – Oct 5,10033
,,,Oct 6 – Oct 12,9902
,,,Oct 13 – Oct 19,9498
,,,Oct 20 – Oct 26,9967
,,,Oct 27 – Nov 2,9903
,,,Nov 3 – Nov 9,9732
,,,Nov 10 – Nov 16,9624
,,,Nov 17 – Nov 23,9769
,,,Nov 24 – Nov 30,9110
,,,Dec 1 – Dec 7,9516
,,,Dec 8 – Dec 14,9823
,,,Dec 15 – Dec 21,9676
,,,Dec 22 – Dec 28,10036
,65 Years or more,2023 – 2024,Dec 31 – Jan 6,15720
,,2024,Jan 7 – Jan 13,15152
,,,Jan 14 – Jan 20,13476
,,,Jan 21 – Jan 27,14604
,,,Jan 28 – Feb 3,14662
,,,Feb 4 – Feb 10,14728
,,,Feb 11 – Feb 17,14185
,,,Feb 18 – Feb 24,14951
,,,Feb 25 – Mar 2,14681
,,,Mar 3 – Mar 9,14764
,,,Mar 10 – Mar 16,14781
,,,Mar 17 – Mar 23,14472
,,,Mar 24 – Mar 30,14949
,,,Mar 31 – Apr 6,14596
,,,Apr 7 – Apr 13,15441
,,,Apr 14 – Apr 20,15031
,,,Apr 21 – Apr 27,14464
,,,Apr 28 – May 4,15152
,,,May 5 – May 11,15122
,,,May 12 – May 18,15222
,,,May 19 – May 25,15901
,,,May 26 – Jun 1,15409
,,,Jun 2 – Jun 8,15416
,,,Jun 9 – Jun 15,15683
,,,Jun 16 – Jun 22,15572
,,,Jun 23 – Jun 29,15676
,,,Jun 30 – Jul 6,15570
,,,Jul 7 – Jul 13,15598
,,,Jul 14 – Jul 20,15353
,,,Jul 21 – Jul 27,15329
,,,Jul 28 – Aug 3,15292
,,,Aug 4 – Aug 10,15235
,,,Aug 11 – Aug 17,15377
,,,Aug 18 – Aug 24,15467
,,,Aug 25 – Aug 31,15567
,,,Sep 1 – Sep 7,15255
,,,Sep 8 – Sep 14,15360
,,,Sep 15 – Sep 21,15432
,,,Sep 22 – Sep 28,15162
,,,Sep 29 – Oct 5,15163
,,,Oct 6 – Oct 12,15262
,,,Oct 13 – Oct 19,15336
,,,Oct 20 – Oct 26,15305
,,,Oct 27 – Nov 2,15240
,,,Nov 3 – Nov 9,14957
,,,Nov 10 – Nov 16,14964
,,,Nov 17 – Nov 23,15245
,,,Nov 24 – Nov 30,14707
,,,Dec 1 – Dec 7,15331
,,,Dec 8 – Dec 14,15646
,,,Dec 15 – Dec 21,15735
,,,Dec 22 – Dec 28,16674
,No value,2023 – 2024,Dec 31 – Jan 6,10 or fewer
,,2024,Jan 7 – Jan 13,10 or fewer
,,,Jan 14 – Jan 20,10 or fewer
,,,Jan 21 – Jan 27,10 or fewer
,,,Jan 28 – Feb 3,10 or fewer
,,,Feb 4 – Feb 10,10 or fewer
,,,Feb 11 – Feb 17,10 or fewer
,,,Feb 18 – Feb 24,10 or fewer
,,,Feb 25 – Mar 2,10 or fewer
,,,Mar 3 – Mar 9,10 or fewer
,,,Mar 10 – Mar 16,10 or fewer
,,,Mar 17 – Mar 23,10 or fewer
,,,Mar 24 – Mar 30,10 or fewer
,,,Mar 31 – Apr 6,10 or fewer
,,,Apr 7 – Apr 13,10 or fewer
,,,Apr 14 – Apr 20,10 or fewer
,,,Apr 21 – Apr 27,10 or fewer
,,,Apr 28 – May 4,10 or fewer
,,,May 5 – May 11,10 or fewer
,,,May 12 – May 18,10 or fewer
,,,May 19 – May 25,10 or fewer
,,,May 26 – Jun 1,10 or fewer
,,,Jun 2 – Jun 8,10 or fewer
,,,Jun 9 – Jun 15,10 or fewer
,,,Jun 16 – Jun 22,10 or fewer
,,,Jun 23 – Jun 29,10 or fewer
,,,Jun 30 – Jul 6,10 or fewer
,,,Jul 7 – Jul 13,10 or fewer
,,,Jul 14 – Jul 20,10 or fewer
,,,Jul 21 – Jul 27,10 or fewer
,,,Jul 28 – Aug 3,10 or fewer
,,,Aug 4 – Aug 10,10 or fewer
,,,Aug 11 – Aug 17,10 or fewer
,,,Aug 18 – Aug 24,10 or fewer
,,,Aug 25 – Aug 31,10 or fewer
,,,Sep 1 – Sep 7,10 or fewer
,,,Sep 8 – Sep 14,10 or fewer
,,,Sep 15 – Sep 21,10 or fewer
,,,Sep 22 – Sep 28,10 or fewer
,,,Sep 29 – Oct 5,10 or fewer
,,,Oct 6 – Oct 12,10 or fewer
,,,Oct 13 – Oct 19,10 or fewer
,,,Oct 20 – Oct 26,10 or fewer
,,,Oct 27 – Nov 2,10 or fewer
,,,Nov 3 – Nov 9,10 or fewer
,,,Nov 10 – Nov 16,10 or fewer
,,,Nov 17 – Nov 23,10 or fewer
,,,Nov 24 – Nov 30,10 or fewer
,,,Dec 1 – Dec 7,10 or fewer
,,,Dec 8 – Dec 14,10 or fewer
,,,Dec 15 – Dec 21,10 or fewer
,,,Dec 22 – Dec 28,10 or fewer
,Total,2023 – 2024,Dec 31 – Jan 6,56285
,,2024,Jan 7 – Jan 13,54396
,,,Jan 14 – Jan 20,50065
,,,Jan 21 – Jan 27,54320
,,,Jan 28 – Feb 3,54676
,,,Feb 4 – Feb 10,56256
,,,Feb 11 – Feb 17,54227
,,,Feb 18 – Feb 24,57368
,,,Feb 25 – Mar 2,56530
,,,Mar 3 – Mar 9,56581
,,,Mar 10 – Mar 16,56900
,,,Mar 17 – Mar 23,55568
,,,Mar 24 – Mar 30,54600
,,,Mar 31 – Apr 6,54699
,,,Apr 7 – Apr 13,56267
,,,Apr 14 – Apr 20,56821
,,,Apr 21 – Apr 27,55015
,,,Apr 28 – May 4,57070
,,,May 5 – May 11,56487
,,,May 12 – May 18,56071
,,,May 19 – May 25,57655
,,,May 26 – Jun 1,56545
,,,Jun 2 – Jun 8,56798
,,,Jun 9 – Jun 15,55127
,,,Jun 16 – Jun 22,55159
,,,Jun 23 – Jun 29,55935
,,,Jun 30 – Jul 6,53756
,,,Jul 7 – Jul 13,56905
,,,Jul 14 – Jul 20,55241
,,,Jul 21 – Jul 27,54840
,,,Jul 28 – Aug 3,54819
,,,Aug 4 – Aug 10,54413
,,,Aug 11 – Aug 17,54793
,,,Aug 18 – Aug 24,54191
,,,Aug 25 – Aug 31,55612
,,,Sep 1 – Sep 7,56222
,,,Sep 8 – Sep 14,57017
,,,Sep 15 – Sep 21,58157
,,,Sep 22 – Sep 28,56484
,,,Sep 29 – Oct 5,56960
,,,Oct 6 – Oct 12,56667
,,,Oct 13 – Oct 19,56270
,,,Oct 20 – Oct 26,58340
,,,Oct 27 – Nov 2,57203
,,,Nov 3 – Nov 9,56997
,,,Nov 10 – Nov 16,56077
,,,Nov 17 – Nov 23,57184
,,,Nov 24 – Nov 30,53746
,,,Dec 1 – Dec 7,56216
,,,Dec 8 – Dec 14,57908
,,,Dec 15 – Dec 21,58814
,,,Dec 22 – Dec 28,59730
North Carolina,Less than 1 Years,2023 – 2024,Dec 31 – Jan 6,1244
,,2024,Jan 7 – Jan 13,903
,,,Jan 14 – Jan 20,833
,,,Jan 21 – Jan 27,936
,,,Jan 28 – Feb 3,904
,,,Feb 4 – Feb 10,957
,,,Feb 11 – Feb 17,926
,,,Feb 18 – Feb 24,898
,,,Feb 25 – Mar 2,932
,,,Mar 3 – Mar 9,910
,,,Mar 10 – Mar 16,881
,,,Mar 17 – Mar 23,989
,,,Mar 24 – Mar 30,959
,,,Mar 31 – Apr 6,868
,,,Apr 7 – Apr 13,846
,,,Apr 14 – Apr 20,840
,,,Apr 21 – Apr 27,805
,,,Apr 28 – May 4,814
,,,May 5 – May 11,852
,,,May 12 – May 18,855
,,,May 19 – May 25,795
,,,May 26 – Jun 1,874
,,,Jun 2 – Jun 8,827
,,,Jun 9 – Jun 15,744
,,,Jun 16 – Jun 22,819
,,,Jun 23 – Jun 29,706
,,,Jun 30 – Jul 6,730
,,,Jul 7 – Jul 13,760
,,,Jul 14 – Jul 20,784
,,,Jul 21 – Jul 27,797
,,,Jul 28 – Aug 3,899
,,,Aug 4 – Aug 10,884
,,,Aug 11 – Aug 17,861
,,,Aug 18 – Aug 24,838
,,,Aug 25 – Aug 31,798
,,,Sep 1 – Sep 7,967
,,,Sep 8 – Sep 14,925
,,,Sep 15 – Sep 21,918
,,,Sep 22 – Sep 28,864
,,,Sep 29 – Oct 5,819
,,,Oct 6 – Oct 12,861
,,,Oct 13 – Oct 19,878
,,,Oct 20 – Oct 26,850
,,,Oct 27 – Nov 2,863
,,,Nov 3 – Nov 9,928
,,,Nov 10 – Nov 16,945
,,,Nov 17 – Nov 23,944
,,,Nov 24 – Nov 30,1105
,,,Dec 1 – Dec 7,1136
,,,Dec 8 – Dec 14,1139
,,,Dec 15 – Dec 21,1299
,,,Dec 22 – Dec 28,1497
,≥ 1 and < 5 Years,2023 – 2024,Dec 31 – Jan 6,2486
,,2024,Jan 7 – Jan 13,2030
,,,Jan 14 – Jan 20,1962
,,,Jan 21 – Jan 27,2053
,,,Jan 28 – Feb 3,2199
,,,Feb 4 – Feb 10,2292
,,,Feb 11 – Feb 17,2293
,,,Feb 18 – Feb 24,2235
,,,Feb 25 – Mar 2,2341
,,,Mar 3 – Mar 9,2360
,,,Mar 10 – Mar 16,2319
,,,Mar 17 – Mar 23,2363
,,,Mar 24 – Mar 30,2336
,,,Mar 31 – Apr 6,2360
,,,Apr 7 – Apr 13,2178
,,,Apr 14 – Apr 20,2185
,,,Apr 21 – Apr 27,2107
,,,Apr 28 – May 4,2187
,,,May 5 – May 11,2244
,,,May 12 – May 18,2183
,,,May 19 – May 25,2142
,,,May 26 – Jun 1,2185
,,,Jun 2 – Jun 8,1998
,,,Jun 9 – Jun 15,2011
,,,Jun 16 – Jun 22,1919
,,,Jun 23 – Jun 29,1876
,,,Jun 30 – Jul 6,1796
,,,Jul 7 – Jul 13,1773
,,,Jul 14 – Jul 20,1722
,,,Jul 21 – Jul 27,1615
,,,Jul 28 – Aug 3,1872
,,,Aug 4 – Aug 10,1765
,,,Aug 11 – Aug 17,1814
,,,Aug 18 – Aug 24,1774
,,,Aug 25 – Aug 31,1857
,,,Sep 1 – Sep 7,2186
,,,Sep 8 – Sep 14,2218
,,,Sep 15 – Sep 21,2318
,,,Sep 22 – Sep 28,2198
,,,Sep 29 – Oct 5,2162
,,,Oct 6 – Oct 12,2146
,,,Oct 13 – Oct 19,2130
,,,Oct 20 – Oct 26,2313
,,,Oct 27 – Nov 2,2358
,,,Nov 3 – Nov 9,2578
,,,Nov 10 – Nov 16,2342
,,,Nov 17 – Nov 23,2585
,,,Nov 24 – Nov 30,2690
,,,Dec 1 – Dec 7,2559
,,,Dec 8 – Dec 14,2945
,,,Dec 15 – Dec 21,3199
,,,Dec 22 – Dec 28,3487
,≥ 5 and < 18 Years,2023 – 2024,Dec 31 – Jan 6,3945
,,2024,Jan 7 – Jan 13,3809
,,,Jan 14 – Jan 20,4082
,,,Jan 21 – Jan 27,4601
,,,Jan 28 – Feb 3,4909
,,,Feb 4 – Feb 10,5290
,,,Feb 11 – Feb 17,5136
,,,Feb 18 – Feb 24,4994
,,,Feb 25 – Mar 2,5307
,,,Mar 3 – Mar 9,4962
,,,Mar 10 – Mar 16,4920
,,,Mar 17 – Mar 23,5085
,,,Mar 24 – Mar 30,4409
,,,Mar 31 – Apr 6,4178
,,,Apr 7 – Apr 13,4655
,,,Apr 14 – Apr 20,4920
,,,Apr 21 – Apr 27,4814
,,,Apr 28 – May 4,5306
,,,May 5 – May 11,5188
,,,May 12 – May 18,4980
,,,May 19 – May 25,4776
,,,May 26 – Jun 1,4520
,,,Jun 2 – Jun 8,4347
,,,Jun 9 – Jun 15,3955
,,,Jun 16 – Jun 22,3773
,,,Jun 23 – Jun 29,3647
,,,Jun 30 – Jul 6,3603
,,,Jul 7 – Jul 13,3682
,,,Jul 14 – Jul 20,3488
,,,Jul 21 – Jul 27,3444
,,,Jul 28 – Aug 3,3523
,,,Aug 4 – Aug 10,3398
,,,Aug 11 – Aug 17,3658
,,,Aug 18 – Aug 24,3836
,,,Aug 25 – Aug 31,4319
,,,Sep 1 – Sep 7,4934
,,,Sep 8 – Sep 14,5468
,,,Sep 15 – Sep 21,4954
,,,Sep 22 – Sep 28,4808
,,,Sep 29 – Oct 5,5140
,,,Oct 6 – Oct 12,5338
,,,Oct 13 – Oct 19,5024
,,,Oct 20 – Oct 26,5617
,,,Oct 27 – Nov 2,5383
,,,Nov 3 – Nov 9,5255
,,,Nov 10 – Nov 16,5081
,,,Nov 17 – Nov 23,5451
,,,Nov 24 – Nov 30,4559
,,,Dec 1 – Dec 7,5096
,,,Dec 8 – Dec 14,5500
,,,Dec 15 – Dec 21,5338
,,,Dec 22 – Dec 28,4537
,≥ 18 and < 50 Years,2023 – 2024,Dec 31 – Jan 6,20248
,,2024,Jan 7 – Jan 13,18968
,,,Jan 14 – Jan 20,18418
,,,Jan 21 – Jan 27,19104
,,,Jan 28 – Feb 3,18773
,,,Feb 4 – Feb 10,19288
,,,Feb 11 – Feb 17,19234
,,,Feb 18 – Feb 24,19119
,,,Feb 25 – Mar 2,19161
,,,Mar 3 – Mar 9,19323
,,,Mar 10 – Mar 16,18985
,,,Mar 17 – Mar 23,19029
,,,Mar 24 – Mar 30,18552
,,,Mar 31 – Apr 6,18997
,,,Apr 7 – Apr 13,19363
,,,Apr 14 – Apr 20,19205
,,,Apr 21 – Apr 27,19243
,,,Apr 28 – May 4,19455
,,,May 5 – May 11,21048
,,,May 12 – May 18,20733
,,,May 19 – May 25,20975
,,,May 26 – Jun 1,20797
,,,Jun 2 – Jun 8,20594
,,,Jun 9 – Jun 15,20971
,,,Jun 16 – Jun 22,21010
,,,Jun 23 – Jun 29,21287
,,,Jun 30 – Jul 6,20638
,,,Jul 7 – Jul 13,21640
,,,Jul 14 – Jul 20,21561
,,,Jul 21 – Jul 27,21175
,,,Jul 28 – Aug 3,21498
,,,Aug 4 – Aug 10,20844
,,,Aug 11 – Aug 17,21575
,,,Aug 18 – Aug 24,21076
,,,Aug 25 – Aug 31,21536
,,,Sep 1 – Sep 7,21370
,,,Sep 8 – Sep 14,21163
,,,Sep 15 – Sep 21,21707
,,,Sep 22 – Sep 28,21385
,,,Sep 29 – Oct 5,21186
,,,Oct 6 – Oct 12,20707
,,,Oct 13 – Oct 19,20433
,,,Oct 20 – Oct 26,20956
,,,Oct 27 – Nov 2,21161
,,,Nov 3 – Nov 9,21706
,,,Nov 10 – Nov 16,21310
,,,Nov 17 – Nov 23,20747
,,,Nov 24 – Nov 30,19634
,,,Dec 1 – Dec 7,21136
,,,Dec 8 – Dec 14,21407
,,,Dec 15 – Dec 21,21883
,,,Dec 22 – Dec 28,21317
,≥ 50 and < 65 Years,2023 – 2024,Dec 31 – Jan 6,9021
,,2024,Jan 7 – Jan 13,8539
,,,Jan 14 – Jan 20,8096
,,,Jan 21 – Jan 27,8516
,,,Jan 28 – Feb 3,8237
,,,Feb 4 – Feb 10,8527
,,,Feb 11 – Feb 17,8446
,,,Feb 18 – Feb 24,8475
,,,Feb 25 – Mar 2,8342
,,,Mar 3 – Mar 9,8488
,,,Mar 10 – Mar 16,8573
,,,Mar 17 – Mar 23,8544
,,,Mar 24 – Mar 30,8203
,,,Mar 31 – Apr 6,8534
,,,Apr 7 – Apr 13,8600
,,,Apr 14 – Apr 20,8606
,,,Apr 21 – Apr 27,8234
,,,Apr 28 – May 4,8595
,,,May 5 – May 11,9246
,,,May 12 – May 18,9137
,,,May 19 – May 25,9383
,,,May 26 – Jun 1,9155
,,,Jun 2 – Jun 8,9323
,,,Jun 9 – Jun 15,9411
,,,Jun 16 – Jun 22,9532
,,,Jun 23 – Jun 29,9500
,,,Jun 30 – Jul 6,9144
,,,Jul 7 – Jul 13,9730
,,,Jul 14 – Jul 20,9507
,,,Jul 21 – Jul 27,9297
,,,Jul 28 – Aug 3,9241
,,,Aug 4 – Aug 10,9268
,,,Aug 11 – Aug 17,9781
,,,Aug 18 – Aug 24,9517
,,,Aug 25 – Aug 31,9598
,,,Sep 1 – Sep 7,9347
,,,Sep 8 – Sep 14,9218
,,,Sep 15 – Sep 21,9327
,,,Sep 22 – Sep 28,9051
,,,Sep 29 – Oct 5,9259
,,,Oct 6 – Oct 12,9038
,,,Oct 13 – Oct 19,8777
,,,Oct 20 – Oct 26,9066
,,,Oct 27 – Nov 2,9031
,,,Nov 3 – Nov 9,9334
,,,Nov 10 – Nov 16,8927
,,,Nov 17 – Nov 23,9027
,,,Nov 24 – Nov 30,8471
,,,Dec 1 – Dec 7,9082
,,,Dec 8 – Dec 14,9324
,,,Dec 15 – Dec 21,9520
,,,Dec 22 – Dec 28,9153
,65 Years or more,2023 – 2024,Dec 31 – Jan 6,12399
,,2024,Jan 7 – Jan 13,11896
,,,Jan 14 – Jan 20,11253
,,,Jan 21 – Jan 27,11644
,,,Jan 28 – Feb 3,11540
,,,Feb 4 – Feb 10,11500
,,,Feb 11 – Feb 17,11733
,,,Feb 18 – Feb 24,11905
,,,Feb 25 – Mar 2,11630
,,,Mar 3 – Mar 9,11637
,,,Mar 10 – Mar 16,11835
,,,Mar 17 – Mar 23,11547
,,,Mar 24 – Mar 30,11620
,,,Mar 31 – Apr 6,11987
,,,Apr 7 – Apr 13,11830
,,,Apr 14 – Apr 20,12279
,,,Apr 21 – Apr 27,11450
,,,Apr 28 – May 4,12100
,,,May 5 – May 11,12645
,,,May 12 – May 18,12383
,,,May 19 – May 25,12934
,,,May 26 – Jun 1,13044
,,,Jun 2 – Jun 8,13121
,,,Jun 9 – Jun 15,12875
,,,Jun 16 – Jun 22,12722
,,,Jun 23 – Jun 29,13198
,,,Jun 30 – Jul 6,13017
,,,Jul 7 – Jul 13,13285
,,,Jul 14 – Jul 20,12941
,,,Jul 21 – Jul 27,12926
,,,Jul 28 – Aug 3,13243
,,,Aug 4 – Aug 10,13171
,,,Aug 11 – Aug 17,13713
,,,Aug 18 – Aug 24,13173
,,,Aug 25 – Aug 31,13438
,,,Sep 1 – Sep 7,13248
,,,Sep 8 – Sep 14,13035
,,,Sep 15 – Sep 21,13235
,,,Sep 22 – Sep 28,12992
,,,Sep 29 – Oct 5,13401
,,,Oct 6 – Oct 12,12983
,,,Oct 13 – Oct 19,12697
,,,Oct 20 – Oct 26,13068
,,,Oct 27 – Nov 2,12795
,,,Nov 3 – Nov 9,12555
,,,Nov 10 – Nov 16,12704
,,,Nov 17 – Nov 23,12975
,,,Nov 24 – Nov 30,12675
,,,Dec 1 – Dec 7,13495
,,,Dec 8 – Dec 14,13540
,,,Dec 15 – Dec 21,13838
,,,Dec 22 – Dec 28,14033
,No value,2023 – 2024,Dec 31 – Jan 6,10 or fewer
,,2024,Jan 7 – Jan 13,10 or fewer
,,,Jan 14 – Jan 20,10 or fewer
,,,Jan 21 – Jan 27,10 or fewer
,,,Jan 28 – Feb 3,10 or fewer
,,,Feb 4 – Feb 10,10 or fewer
,,,Feb 11 – Feb 17,10 or fewer
,,,Feb 18 – Feb 24,10 or fewer
,,,Feb 25 – Mar 2,10 or fewer
,,,Mar 3 – Mar 9,10 or fewer
,,,Mar 10 – Mar 16,10 or fewer
,,,Mar 17 – Mar 23,10 or fewer
,,,Mar 24 – Mar 30,10 or fewer
,,,Mar 31 – Apr 6,10 or fewer
,,,Apr 7 – Apr 13,10 or fewer
,,,Apr 14 – Apr 20,10 or fewer
,,,Apr 21 – Apr 27,10 or fewer
,,,Apr 28 – May 4,10 or fewer
,,,May 5 – May 11,10 or fewer
,,,May 12 – May 18,10 or fewer
,,,May 19 – May 25,10 or fewer
,,,May 26 – Jun 1,10 or fewer
,,,Jun 2 – Jun 8,10 or fewer
,,,Jun 9 – Jun 15,10 or fewer
,,,Jun 16 – Jun 22,10 or fewer
,,,Jun 23 – Jun 29,10 or fewer
,,,Jun 30 – Jul 6,10 or fewer
,,,Jul 7 – Jul 13,10 or fewer
,,,Jul 14 – Jul 20,10 or fewer
,,,Jul 21 – Jul 27,10 or fewer
,,,Jul 28 – Aug 3,10 or fewer
,,,Aug 4 – Aug 10,10 or fewer
,,,Aug 11 – Aug 17,10 or fewer
,,,Aug 18 – Aug 24,10 or fewer
,,,Aug 25 – Aug 31,10 or fewer
,,,Sep 1 – Sep 7,10 or fewer
,,,Sep 8 – Sep 14,10 or fewer
,,,Sep 15 – Sep 21,10 or fewer
,,,Sep 22 – Sep 28,10 or fewer
,,,Sep 29 – Oct 5,10 or fewer
,,,Oct 6 – Oct 12,10 or fewer
,,,Oct 13 – Oct 19,10 or fewer
,,,Oct 20 – Oct 26,10 or fewer
,,,Oct 27 – Nov 2,10 or fewer
,,,Nov 3 – Nov 9,10 or fewer
,,,Nov 10 – Nov 16,10 or fewer
,,,Nov 17 – Nov 23,10 or fewer
,,,Nov 24 – Nov 30,10 or fewer
,,,Dec 1 – Dec 7,10 or fewer
,,,Dec 8 – Dec 14,10 or fewer
,,,Dec 15 – Dec 21,10 or fewer
,,,Dec 22 – Dec 28,10 or fewer
,Total,2023 – 2024,Dec 31 – Jan 6,49343
,,2024,Jan 7 – Jan 13,46145
,,,Jan 14 – Jan 20,44644
,,,Jan 21 – Jan 27,46854
,,,Jan 28 – Feb 3,46563
,,,Feb 4 – Feb 10,47854
,,,Feb 11 – Feb 17,47768
,,,Feb 18 – Feb 24,47626
,,,Feb 25 – Mar 2,47713
,,,Mar 3 – Mar 9,47681
,,,Mar 10 – Mar 16,47513
,,,Mar 17 – Mar 23,47557
,,,Mar 24 – Mar 30,46079
,,,Mar 31 – Apr 6,46924
,,,Apr 7 – Apr 13,47472
,,,Apr 14 – Apr 20,48035
,,,Apr 21 – Apr 27,46653
,,,Apr 28 – May 4,48457
,,,May 5 – May 11,51223
,,,May 12 – May 18,50271
,,,May 19 – May 25,51005
,,,May 26 – Jun 1,50575
,,,Jun 2 – Jun 8,50210
,,,Jun 9 – Jun 15,49967
,,,Jun 16 – Jun 22,49775
,,,Jun 23 – Jun 29,50214
,,,Jun 30 – Jul 6,48928
,,,Jul 7 – Jul 13,50870
,,,Jul 14 – Jul 20,50003
,,,Jul 21 – Jul 27,49256
,,,Jul 28 – Aug 3,50276
,,,Aug 4 – Aug 10,49330
,,,Aug 11 – Aug 17,51403
,,,Aug 18 – Aug 24,50215
,,,Aug 25 – Aug 31,51547
,,,Sep 1 – Sep 7,52053
,,,Sep 8 – Sep 14,52027
,,,Sep 15 – Sep 21,52459
,,,Sep 22 – Sep 28,51298
,,,Sep 29 – Oct 5,51967
,,,Oct 6 – Oct 12,51073
,,,Oct 13 – Oct 19,49939
,,,Oct 20 – Oct 26,51870
,,,Oct 27 – Nov 2,51591
,,,Nov 3 – Nov 9,52356
,,,Nov 10 – Nov 16,51309
,,,Nov 17 – Nov 23,51730
,,,Nov 24 – Nov 30,49134
,,,Dec 1 – Dec 7,52504
,,,Dec 8 – Dec 14,53855
,,,Dec 15 – Dec 21,55077
,,,Dec 22 – Dec 28,54024
New York,Less than 1 Years,2023 – 2024,Dec 31 – Jan 6,979
,,2024,Jan 7 – Jan 13,745
,,,Jan 14 – Jan 20,656
,,,Jan 21 – Jan 27,665
,,,Jan 28 – Feb 3,709
,,,Feb 4 – Feb 10,698
,,,Feb 11 – Feb 17,650
,,,Feb 18 – Feb 24,698
,,,Feb 25 – Mar 2,641
,,,Mar 3 – Mar 9,653
,,,Mar 10 – Mar 16,659
,,,Mar 17 – Mar 23,665
,,,Mar 24 – Mar 30,683
,,,Mar 31 – Apr 6,700
,,,Apr 7 – Apr 13,691
,,,Apr 14 – Apr 20,618
,,,Apr 21 – Apr 27,732
,,,Apr 28 – May 4,668
,,,May 5 – May 11,625
,,,May 12 – May 18,632
,,,May 19 – May 25,634
,,,May 26 – Jun 1,631
,,,Jun 2 – Jun 8,651
,,,Jun 9 – Jun 15,630
,,,Jun 16 – Jun 22,638
,,,Jun 23 – Jun 29,609
,,,Jun 30 – Jul 6,620
,,,Jul 7 – Jul 13,594
,,,Jul 14 – Jul 20,642
,,,Jul 21 – Jul 27,609
,,,Jul 28 – Aug 3,616
,,,Aug 4 – Aug 10,634
,,,Aug 11 – Aug 17,654
,,,Aug 18 – Aug 24,647
,,,Aug 25 – Aug 31,570
,,,Sep 1 – Sep 7,650
,,,Sep 8 – Sep 14,653
,,,Sep 15 – Sep 21,747
,,,Sep 22 – Sep 28,710
,,,Sep 29 – Oct 5,686
,,,Oct 6 – Oct 12,664
,,,Oct 13 – Oct 19,705
,,,Oct 20 – Oct 26,764
,,,Oct 27 – Nov 2,721
,,,Nov 3 – Nov 9,799
,,,Nov 10 – Nov 16,825
,,,Nov 17 – Nov 23,785
,,,Nov 24 – Nov 30,843
,,,Dec 1 – Dec 7,924
,,,Dec 8 – Dec 14,896
,,,Dec 15 – Dec 21,952
,,,Dec 22 – Dec 28,1102
,≥ 1 and < 5 Years,2023 – 2024,Dec 31 – Jan 6,2252
,,2024,Jan 7 – Jan 13,1745
,,,Jan 14 – Jan 20,1605
,,,Jan 21 – Jan 27,1671
,,,Jan 28 – Feb 3,1771
,,,Feb 4 – Feb 10,1856
,,,Feb 11 – Feb 17,1733
,,,Feb 18 – Feb 24,1804
,,,Feb 25 – Mar 2,1722
,,,Mar 3 – Mar 9,1842
,,,Mar 10 – Mar 16,1796
,,,Mar 17 – Mar 23,1849
,,,Mar 24 – Mar 30,1933
,,,Mar 31 – Apr 6,1816
,,,Apr 7 – Apr 13,1860
,,,Apr 14 – Apr 20,1735
,,,Apr 21 – Apr 27,1847
,,,Apr 28 – May 4,1894
,,,May 5 – May 11,1704
,,,May 12 – May 18,1730
,,,May 19 – May 25,1772
,,,May 26 – Jun 1,1767
,,,Jun 2 – Jun 8,1643
,,,Jun 9 – Jun 15,1612
,,,Jun 16 – Jun 22,1777
,,,Jun 23 – Jun 29,1829
,,,Jun 30 – Jul 6,1688
,,,Jul 7 – Jul 13,1578
,,,Jul 14 – Jul 20,1544
,,,Jul 21 – Jul 27,1584
,,,Jul 28 – Aug 3,1570
,,,Aug 4 – Aug 10,1474
,,,Aug 11 – Aug 17,1516
,,,Aug 18 – Aug 24,1418
,,,Aug 25 – Aug 31,1557
,,,Sep 1 – Sep 7,1462
,,,Sep 8 – Sep 14,1576
,,,Sep 15 – Sep 21,1863
,,,Sep 22 – Sep 28,1815
,,,Sep 29 – Oct 5,1804
,,,Oct 6 – Oct 12,1802
,,,Oct 13 – Oct 19,1859
,,,Oct 20 – Oct 26,1965
,,,Oct 27 – Nov 2,1860
,,,Nov 3 – Nov 9,2047
,,,Nov 10 – Nov 16,2107
,,,Nov 17 – Nov 23,2159
,,,Nov 24 – Nov 30,2400
,,,Dec 1 – Dec 7,2275
,,,Dec 8 – Dec 14,2525
,,,Dec 15 – Dec 21,2547
,,,Dec 22 – Dec 28,2770
,≥ 5 and < 18 Years,2023 – 2024,Dec 31 – Jan 6,3821
,,2024,Jan 7 – Jan 13,3887
,,,Jan 14 – Jan 20,3569
,,,Jan 21 – Jan 27,3616
,,,Jan 28 – Feb 3,4127
,,,Feb 4 – Feb 10,4348
,,,Feb 11 – Feb 17,3961
,,,Feb 18 – Feb 24,3498
,,,Feb 25 – Mar 2,3791
,,,Mar 3 – Mar 9,4117
,,,Mar 10 – Mar 16,4283
,,,Mar 17 – Mar 23,4344
,,,Mar 24 – Mar 30,4186
,,,Mar 31 – Apr 6,3562
,,,Apr 7 – Apr 13,3996
,,,Apr 14 – Apr 20,4087
,,,Apr 21 – Apr 27,4000
,,,Apr 28 – May 4,4260
,,,May 5 – May 11,4266
,,,May 12 – May 18,4257
,,,May 19 – May 25,4361
,,,May 26 – Jun 1,4056
,,,Jun 2 – Jun 8,4022
,,,Jun 9 – Jun 15,3974
,,,Jun 16 – Jun 22,3639
,,,Jun 23 – Jun 29,3585
,,,Jun 30 – Jul 6,3547
,,,Jul 7 – Jul 13,3583
,,,Jul 14 – Jul 20,3608
,,,Jul 21 – Jul 27,3460
,,,Jul 28 – Aug 3,3510
,,,Aug 4 – Aug 10,3383
,,,Aug 11 – Aug 17,3405
,,,Aug 18 – Aug 24,3272
,,,Aug 25 – Aug 31,3392
,,,Sep 1 – Sep 7,3363
,,,Sep 8 – Sep 14,4123
,,,Sep 15 – Sep 21,4693
,,,Sep 22 – Sep 28,4483
,,,Sep 29 – Oct 5,4269
,,,Oct 6 – Oct 12,4287
,,,Oct 13 – Oct 19,3964
,,,Oct 20 – Oct 26,4608
,,,Oct 27 – Nov 2,4276
,,,Nov 3 – Nov 9,4223
,,,Nov 10 – Nov 16,3956
,,,Nov 17 – Nov 23,4502
,,,Nov 24 – Nov 30,3788
,,,Dec 1 – Dec 7,4205
,,,Dec 8 – Dec 14,4469
,,,Dec 15 – Dec 21,4379
,,,Dec 22 – Dec 28,3945
,≥ 18 and < 50 Years,2023 – 2024,Dec 31 – Jan 6,19059
,,2024,Jan 7 – Jan 13,17974
,,,Jan 14 – Jan 20,16808
,,,Jan 21 – Jan 27,17896
,,,Jan 28 – Feb 3,17715
,,,Feb 4 – Feb 10,18335
,,,Feb 11 – Feb 17,17938
,,,Feb 18 – Feb 24,18362
,,,Feb 25 – Mar 2,18487
,,,Mar 3 – Mar 9,18685
,,,Mar 10 – Mar 16,18216
,,,Mar 17 – Mar 23,18099
,,,Mar 24 – Mar 30,18278
,,,Mar 31 – Apr 6,18611
,,,Apr 7 – Apr 13,19144
,,,Apr 14 – Apr 20,19215
,,,Apr 21 – Apr 27,18148
,,,Apr 28 – May 4,18621
,,,May 5 – May 11,18764
,,,May 12 – May 18,18818
,,,May 19 – May 25,18891
,,,May 26 – Jun 1,19256
,,,Jun 2 – Jun 8,19076
,,,Jun 9 – Jun 15,19077
,,,Jun 16 – Jun 22,19626
,,,Jun 23 – Jun 29,19779
,,,Jun 30 – Jul 6,19107
,,,Jul 7 – Jul 13,20106
,,,Jul 14 – Jul 20,19933
,,,Jul 21 – Jul 27,19523
,,,Jul 28 – Aug 3,19531
,,,Aug 4 – Aug 10,19861
,,,Aug 11 – Aug 17,19633
,,,Aug 18 – Aug 24,19271
,,,Aug 25 – Aug 31,19792
,,,Sep 1 – Sep 7,19228
,,,Sep 8 – Sep 14,19146
,,,Sep 15 – Sep 21,19963
,,,Sep 22 – Sep 28,19655
,,,Sep 29 – Oct 5,19417
,,,Oct 6 – Oct 12,18998
,,,Oct 13 – Oct 19,18505
,,,Oct 20 – Oct 26,19657
,,,Oct 27 – Nov 2,19224
,,,Nov 3 – Nov 9,20234
,,,Nov 10 – Nov 16,19479
,,,Nov 17 – Nov 23,19933
,,,Nov 24 – Nov 30,18315
,,,Dec 1 – Dec 7,19288
,,,Dec 8 – Dec 14,19556
,,,Dec 15 – Dec 21,19344
,,,Dec 22 – Dec 28,19121
,≥ 50 and < 65 Years,2023 – 2024,Dec 31 – Jan 6,8566
,,2024,Jan 7 – Jan 13,8348
,,,Jan 14 – Jan 20,7530
,,,Jan 21 – Jan 27,7898
,,,Jan 28 – Feb 3,8154
,,,Feb 4 – Feb 10,8453
,,,Feb 11 – Feb 17,8065
,,,Feb 18 – Feb 24,8319
,,,Feb 25 – Mar 2,8259
,,,Mar 3 – Mar 9,8415
,,,Mar 10 – Mar 16,8193
,,,Mar 17 – Mar 23,8068
,,,Mar 24 – Mar 30,8271
,,,Mar 31 – Apr 6,8023
,,,Apr 7 – Apr 13,8527
,,,Apr 14 – Apr 20,8467
,,,Apr 21 – Apr 27,8473
,,,Apr 28 – May 4,8703
,,,May 5 – May 11,8457
,,,May 12 – May 18,8396
,,,May 19 – May 25,8891
,,,May 26 – Jun 1,8601
,,,Jun 2 – Jun 8,8792
,,,Jun 9 – Jun 15,8849
,,,Jun 16 – Jun 22,8794
,,,Jun 23 – Jun 29,8816
,,,Jun 30 – Jul 6,8820
,,,Jul 7 – Jul 13,9275
,,,Jul 14 – Jul 20,9011
,,,Jul 21 – Jul 27,8919
,,,Jul 28 – Aug 3,9053
,,,Aug 4 – Aug 10,8968
,,,Aug 11 – Aug 17,8881
,,,Aug 18 – Aug 24,8805
,,,Aug 25 – Aug 31,8949
,,,Sep 1 – Sep 7,8602
,,,Sep 8 – Sep 14,8572
,,,Sep 15 – Sep 21,9074
,,,Sep 22 – Sep 28,8632
,,,Sep 29 – Oct 5,8680
,,,Oct 6 – Oct 12,8443
,,,Oct 13 – Oct 19,8258
,,,Oct 20 – Oct 26,8566
,,,Oct 27 – Nov 2,8457
,,,Nov 3 – Nov 9,8759
,,,Nov 10 – Nov 16,8795
,,,Nov 17 – Nov 23,8875
,,,Nov 24 – Nov 30,8228
,,,Dec 1 – Dec 7,8660
,,,Dec 8 – Dec 14,8776
,,,Dec 15 – Dec 21,8874
,,,Dec 22 – Dec 28,8745
,65 Years or more,2023 – 2024,Dec 31 – Jan 6,12373
,,2024,Jan 7 – Jan 13,12083
,,,Jan 14 – Jan 20,10772
,,,Jan 21 – Jan 27,11137
,,,Jan 28 – Feb 3,11274
,,,Feb 4 – Feb 10,11623
,,,Feb 11 – Feb 17,11331
,,,Feb 18 – Feb 24,11563
,,,Feb 25 – Mar 2,11251
,,,Mar 3 – Mar 9,11555
,,,Mar 10 – Mar 16,11788
,,,Mar 17 – Mar 23,11382
,,,Mar 24 – Mar 30,11865
,,,Mar 31 – Apr 6,11688
,,,Apr 7 – Apr 13,12159
,,,Apr 14 – Apr 20,11858
,,,Apr 21 – Apr 27,12004
,,,Apr 28 – May 4,12196
,,,May 5 – May 11,12264
,,,May 12 – May 18,12256
,,,May 19 – May 25,12781
,,,May 26 – Jun 1,12378
,,,Jun 2 – Jun 8,12574
,,,Jun 9 – Jun 15,12564
,,,Jun 16 – Jun 22,12877
,,,Jun 23 – Jun 29,12737
,,,Jun 30 – Jul 6,12767
,,,Jul 7 – Jul 13,12983
,,,Jul 14 – Jul 20,12931
,,,Jul 21 – Jul 27,12776
,,,Jul 28 – Aug 3,12784
,,,Aug 4 – Aug 10,12807
,,,Aug 11 – Aug 17,12961
,,,Aug 18 – Aug 24,12623
,,,Aug 25 – Aug 31,13038
,,,Sep 1 – Sep 7,12610
,,,Sep 8 – Sep 14,12549
,,,Sep 15 – Sep 21,12632
,,,Sep 22 – Sep 28,12579
,,,Sep 29 – Oct 5,12360
,,,Oct 6 – Oct 12,12725
,,,Oct 13 – Oct 19,12656
,,,Oct 20 – Oct 26,12721
,,,Oct 27 – Nov 2,12482
,,,Nov 3 – Nov 9,12982
,,,Nov 10 – Nov 16,12757
,,,Nov 17 – Nov 23,13134
,,,Nov 24 – Nov 30,12756
,,,Dec 1 – Dec 7,13198
,,,Dec 8 – Dec 14,13174
,,,Dec 15 – Dec 21,13230
,,,Dec 22 – Dec 28,13672
,No value,2023 – 2024,Dec 31 – Jan 6,10 or fewer
,,2024,Jan 7 – Jan 13,10 or fewer
,,,Jan 14 – Jan 20,10 or fewer
,,,Jan 21 – Jan 27,10 or fewer
,,,Jan 28 – Feb 3,10 or fewer
,,,Feb 4 – Feb 10,10 or fewer
,,,Feb 11 – Feb 17,10 or fewer
,,,Feb 18 – Feb 24,10 or fewer
,,,Feb 25 – Mar 2,10 or fewer
,,,Mar 3 – Mar 9,10 or fewer
,,,Mar 10 – Mar 16,10 or fewer
,,,Mar 17 – Mar 23,10 or fewer
,,,Mar 24 – Mar 30,10 or fewer
,,,Mar 31 – Apr 6,10 or fewer
,,,Apr 7 – Apr 13,10 or fewer
,,,Apr 14 – Apr 20,10 or fewer
,,,Apr 21 – Apr 27,10 or fewer
,,,Apr 28 – May 4,10 or fewer
,,,May 5 – May 11,10 or fewer
,,,May 12 – May 18,10 or fewer
,,,May 19 – May 25,10 or fewer
,,,May 26 – Jun 1,10 or fewer
,,,Jun 2 – Jun 8,10 or fewer
,,,Jun 9 – Jun 15,10 or fewer
,,,Jun 16 – Jun 22,10 or fewer
,,,Jun 23 – Jun 29,10 or fewer
,,,Jun 30 – Jul 6,10 or fewer
,,,Jul 7 – Jul 13,10 or fewer
,,,Jul 14 – Jul 20,10 or fewer
,,,Jul 21 – Jul 27,10 or fewer
,,,Jul 28 – Aug 3,10 or fewer
,,,Aug 4 – Aug 10,10 or fewer
,,,Aug 11 – Aug 17,10 or fewer
,,,Aug 18 – Aug 24,10 or fewer
,,,Aug 25 – Aug 31,10 or fewer
,,,Sep 1 – Sep 7,10 or fewer
,,,Sep 8 – Sep 14,10 or fewer
,,,Sep 15 – Sep 21,10 or fewer
,,,Sep 22 – Sep 28,10 or fewer
,,,Sep 29 – Oct 5,10 or fewer
,,,Oct 6 – Oct 12,10 or fewer
,,,Oct 13 – Oct 19,10 or fewer
,,,Oct 20 – Oct 26,10 or fewer
,,,Oct 27 – Nov 2,10 or fewer
,,,Nov 3 – Nov 9,10 or fewer
,,,Nov 10 – Nov 16,10 or fewer
,,,Nov 17 – Nov 23,10 or fewer
,,,Nov 24 – Nov 30,10 or fewer
,,,Dec 1 – Dec 7,10 or fewer
,,,Dec 8 – Dec 14,10 or fewer
,,,Dec 15 – Dec 21,10 or fewer
,,,Dec 22 – Dec 28,10 or fewer
,Total,2023 – 2024,Dec 31 – Jan 6,47050
,,2024,Jan 7 – Jan 13,44782
,,,Jan 14 – Jan 20,40940
,,,Jan 21 – Jan 27,42883
,,,Jan 28 – Feb 3,43750
,,,Feb 4 – Feb 10,45313
,,,Feb 11 – Feb 17,43678
,,,Feb 18 – Feb 24,44244
,,,Feb 25 – Mar 2,44151
,,,Mar 3 – Mar 9,45267
,,,Mar 10 – Mar 16,44935
,,,Mar 17 – Mar 23,44407
,,,Mar 24 – Mar 30,45216
,,,Mar 31 – Apr 6,44400
,,,Apr 7 – Apr 13,46377
,,,Apr 14 – Apr 20,45980
,,,Apr 21 – Apr 27,45204
,,,Apr 28 – May 4,46342
,,,May 5 – May 11,46080
,,,May 12 – May 18,46089
,,,May 19 – May 25,47330
,,,May 26 – Jun 1,46689
,,,Jun 2 – Jun 8,46758
,,,Jun 9 – Jun 15,46706
,,,Jun 16 – Jun 22,47351
,,,Jun 23 – Jun 29,47355
,,,Jun 30 – Jul 6,46549
,,,Jul 7 – Jul 13,48119
,,,Jul 14 – Jul 20,47669
,,,Jul 21 – Jul 27,46871
,,,Jul 28 – Aug 3,47064
,,,Aug 4 – Aug 10,47127
,,,Aug 11 – Aug 17,47050
,,,Aug 18 – Aug 24,46036
,,,Aug 25 – Aug 31,47298
,,,Sep 1 – Sep 7,45915
,,,Sep 8 – Sep 14,46619
,,,Sep 15 – Sep 21,48972
,,,Sep 22 – Sep 28,47874
,,,Sep 29 – Oct 5,47216
,,,Oct 6 – Oct 12,46919
,,,Oct 13 – Oct 19,45947
,,,Oct 20 – Oct 26,48281
,,,Oct 27 – Nov 2,47020
,,,Nov 3 – Nov 9,49044
,,,Nov 10 – Nov 16,47919
,,,Nov 17 – Nov 23,49388
,,,Nov 24 – Nov 30,46330
,,,Dec 1 – Dec 7,48550
,,,Dec 8 – Dec 14,49396
,,,Dec 15 – Dec 21,49326
,,,Dec 22 – Dec 28,49355
Virginia,Less than 1 Years,2023 – 2024,Dec 31 – Jan 6,1077
,,2024,Jan 7 – Jan 13,873
,,,Jan 14 – Jan 20,696
,,,Jan 21 – Jan 27,763
,,,Jan 28 – Feb 3,736
,,,Feb 4 – Feb 10,764
,,,Feb 11 – Feb 17,789
,,,Feb 18 – Feb 24,818
,,,Feb 25 – Mar 2,794
,,,Mar 3 – Mar 9,832
,,,Mar 10 – Mar 16,756
,,,Mar 17 – Mar 23,800
,,,Mar 24 – Mar 30,772
,,,Mar 31 – Apr 6,788
,,,Apr 7 – Apr 13,789
,,,Apr 14 – Apr 20,719
,,,Apr 21 – Apr 27,711
,,,Apr 28 – May 4,762
,,,May 5 – May 11,742
,,,May 12 – May 18,690
,,,May 19 – May 25,747
,,,May 26 – Jun 1,748
,,,Jun 2 – Jun 8,640
,,,Jun 9 – Jun 15,653
,,,Jun 16 – Jun 22,704
,,,Jun 23 – Jun 29,675
,,,Jun 30 – Jul 6,642
,,,Jul 7 – Jul 13,679
,,,Jul 14 – Jul 20,663
,,,Jul 21 – Jul 27,659
,,,Jul 28 – Aug 3,680
,,,Aug 4 – Aug 10,658
,,,Aug 11 – Aug 17,678
,,,Aug 18 – Aug 24,700
,,,Aug 25 – Aug 31,739
,,,Sep 1 – Sep 7,725
,,,Sep 8 – Sep 14,729
,,,Sep 15 – Sep 21,682
,,,Sep 22 – Sep 28,720
,,,Sep 29 – Oct 5,730
,,,Oct 6 – Oct 12,759
,,,Oct 13 – Oct 19,790
,,,Oct 20 – Oct 26,833
,,,Oct 27 – Nov 2,799
,,,Nov 3 – Nov 9,873
,,,Nov 10 – Nov 16,915
,,,Nov 17 – Nov 23,945
,,,Nov 24 – Nov 30,1000
,,,Dec 1 – Dec 7,1054
,,,Dec 8 – Dec 14,1061
,,,Dec 15 – Dec 21,1048
,,,Dec 22 – Dec 28,1325
,≥ 1 and < 5 Years,2023 – 2024,Dec 31 – Jan 6,2099
,,2024,Jan 7 – Jan 13,1809
,,,Jan 14 – Jan 20,1818
,,,Jan 21 – Jan 27,1892
,,,Jan 28 – Feb 3,1951
,,,Feb 4 – Feb 10,2066
,,,Feb 11 – Feb 17,2130
,,,Feb 18 – Feb 24,2229
,,,Feb 25 – Mar 2,2256
,,,Mar 3 – Mar 9,2217
,,,Mar 10 – Mar 16,2230
,,,Mar 17 – Mar 23,2186
,,,Mar 24 – Mar 30,2168
,,,Mar 31 – Apr 6,2039
,,,Apr 7 – Apr 13,1947
,,,Apr 14 – Apr 20,2037
,,,Apr 21 – Apr 27,1959
,,,Apr 28 – May 4,1952
,,,May 5 – May 11,1877
,,,May 12 – May 18,1855
,,,May 19 – May 25,1982
,,,May 26 – Jun 1,1985
,,,Jun 2 – Jun 8,1732
,,,Jun 9 – Jun 15,1778
,,,Jun 16 – Jun 22,1687
,,,Jun 23 – Jun 29,1603
,,,Jun 30 – Jul 6,1629
,,,Jul 7 – Jul 13,1602
,,,Jul 14 – Jul 20,1545
,,,Jul 21 – Jul 27,1553
,,,Jul 28 – Aug 3,1448
,,,Aug 4 – Aug 10,1534
,,,Aug 11 – Aug 17,1631
,,,Aug 18 – Aug 24,1705
,,,Aug 25 – Aug 31,1708
,,,Sep 1 – Sep 7,1842
,,,Sep 8 – Sep 14,1854
,,,Sep 15 – Sep 21,1894
,,,Sep 22 – Sep 28,1937
,,,Sep 29 – Oct 5,1959
,,,Oct 6 – Oct 12,1937
,,,Oct 13 – Oct 19,2093
,,,Oct 20 – Oct 26,2156
,,,Oct 27 – Nov 2,2209
,,,Nov 3 – Nov 9,2339
,,,Nov 10 – Nov 16,2217
,,,Nov 17 – Nov 23,2393
,,,Nov 24 – Nov 30,2612
,,,Dec 1 – Dec 7,2439
,,,Dec 8 – Dec 14,2562
,,,Dec 15 – Dec 21,2773
,,,Dec 22 – Dec 28,2871
,≥ 5 and < 18 Years,2023 – 2024,Dec 31 – Jan 6,3809
,,2024,Jan 7 – Jan 13,4169
,,,Jan 14 – Jan 20,3721
,,,Jan 21 – Jan 27,4290
,,,Jan 28 – Feb 3,4539
,,,Feb 4 – Feb 10,5371
,,,Feb 11 – Feb 17,5219
,,,Feb 18 – Feb 24,5392
,,,Feb 25 – Mar 2,5524
,,,Mar 3 – Mar 9,5108
,,,Mar 10 – Mar 16,5304
,,,Mar 17 – Mar 23,5112
,,,Mar 24 – Mar 30,4434
,,,Mar 31 – Apr 6,3848
,,,Apr 7 – Apr 13,4485
,,,Apr 14 – Apr 20,4976
,,,Apr 21 – Apr 27,4996
,,,Apr 28 – May 4,5155
,,,May 5 – May 11,4923
,,,May 12 – May 18,4785
,,,May 19 – May 25,4529
,,,May 26 – Jun 1,4183
,,,Jun 2 – Jun 8,4076
,,,Jun 9 – Jun 15,3863
,,,Jun 16 – Jun 22,3551
,,,Jun 23 – Jun 29,3508
,,,Jun 30 – Jul 6,3382
,,,Jul 7 – Jul 13,3573
,,,Jul 14 – Jul 20,3327
,,,Jul 21 – Jul 27,3237
,,,Jul 28 – Aug 3,3211
,,,Aug 4 – Aug 10,3301
,,,Aug 11 – Aug 17,3531
,,,Aug 18 – Aug 24,4154
,,,Aug 25 – Aug 31,4313
,,,Sep 1 – Sep 7,4696
,,,Sep 8 – Sep 14,5017
,,,Sep 15 – Sep 21,4950
,,,Sep 22 – Sep 28,4816
,,,Sep 29 – Oct 5,4587
,,,Oct 6 – Oct 12,5189
,,,Oct 13 – Oct 19,5088
,,,Oct 20 – Oct 26,5669
,,,Oct 27 – Nov 2,5147
,,,Nov 3 – Nov 9,5030
,,,Nov 10 – Nov 16,4973
,,,Nov 17 – Nov 23,5403
,,,Nov 24 – Nov 30,4260
,,,Dec 1 – Dec 7,4555
,,,Dec 8 – Dec 14,5054
,,,Dec 15 – Dec 21,5303
,,,Dec 22 – Dec 28,4217
,≥ 18 and < 50 Years,2023 – 2024,Dec 31 – Jan 6,19963
,,2024,Jan 7 – Jan 13,19226
,,,Jan 14 – Jan 20,17862
,,,Jan 21 – Jan 27,18938
,,,Jan 28 – Feb 3,18948
,,,Feb 4 – Feb 10,18947
,,,Feb 11 – Feb 17,18898
,,,Feb 18 – Feb 24,19594
,,,Feb 25 – Mar 2,19549
,,,Mar 3 – Mar 9,19645
,,,Mar 10 – Mar 16,19020
,,,Mar 17 – Mar 23,18762
,,,Mar 24 – Mar 30,18672
,,,Mar 31 – Apr 6,18675
,,,Apr 7 – Apr 13,18892
,,,Apr 14 – Apr 20,19339
,,,Apr 21 – Apr 27,18596
,,,Apr 28 – May 4,19060
,,,May 5 – May 11,19413
,,,May 12 – May 18,19533
,,,May 19 – May 25,19683
,,,May 26 – Jun 1,19396
,,,Jun 2 – Jun 8,19270
,,,Jun 9 – Jun 15,19585
,,,Jun 16 – Jun 22,19532
,,,Jun 23 – Jun 29,19725
,,,Jun 30 – Jul 6,18876
,,,Jul 7 – Jul 13,20086
,,,Jul 14 – Jul 20,19845
,,,Jul 21 – Jul 27,20028
,,,Jul 28 – Aug 3,19902
,,,Aug 4 – Aug 10,19432
,,,Aug 11 – Aug 17,20031
,,,Aug 18 – Aug 24,19528
,,,Aug 25 – Aug 31,19672
,,,Sep 1 – Sep 7,19687
,,,Sep 8 – Sep 14,19791
,,,Sep 15 – Sep 21,19824
,,,Sep 22 – Sep 28,19985
,,,Sep 29 – Oct 5,19724
,,,Oct 6 – Oct 12,19706
,,,Oct 13 – Oct 19,19375
,,,Oct 20 – Oct 26,19873
,,,Oct 27 – Nov 2,19824
,,,Nov 3 – Nov 9,20153
,,,Nov 10 – Nov 16,20001
,,,Nov 17 – Nov 23,19878
,,,Nov 24 – Nov 30,18278
,,,Dec 1 – Dec 7,19662
,,,Dec 8 – Dec 14,19902
,,,Dec 15 – Dec 21,19941
,,,Dec 22 – Dec 28,19599
,≥ 50 and < 65 Years,2023 – 2024,Dec 31 – Jan 6,8883
,,2024,Jan 7 – Jan 13,8799
,,,Jan 14 – Jan 20,7719
,,,Jan 21 – Jan 27,8470
,,,Jan 28 – Feb 3,8098
,,,Feb 4 – Feb 10,8303
,,,Feb 11 – Feb 17,8229
,,,Feb 18 – Feb 24,8346
,,,Feb 25 – Mar 2,8144
,,,Mar 3 – Mar 9,8281
,,,Mar 10 – Mar 16,8419
,,,Mar 17 – Mar 23,8309
,,,Mar 24 – Mar 30,8076
,,,Mar 31 – Apr 6,8186
,,,Apr 7 – Apr 13,8339
,,,Apr 14 – Apr 20,8559
,,,Apr 21 – Apr 27,8194
,,,Apr 28 – May 4,8309
,,,May 5 – May 11,8541
,,,May 12 – May 18,8260
,,,May 19 – May 25,8527
,,,May 26 – Jun 1,8487
,,,Jun 2 – Jun 8,8496
,,,Jun 9 – Jun 15,8721
,,,Jun 16 – Jun 22,8641
,,,Jun 23 – Jun 29,8691
,,,Jun 30 – Jul 6,8397
,,,Jul 7 – Jul 13,8810
,,,Jul 14 – Jul 20,8554
,,,Jul 21 – Jul 27,8444
,,,Jul 28 – Aug 3,8642
,,,Aug 4 – Aug 10,8683
,,,Aug 11 – Aug 17,8653
,,,Aug 18 – Aug 24,8510
,,,Aug 25 – Aug 31,8614
,,,Sep 1 – Sep 7,8384
,,,Sep 8 – Sep 14,8386
,,,Sep 15 – Sep 21,8690
,,,Sep 22 – Sep 28,8383
,,,Sep 29 – Oct 5,8427
,,,Oct 6 – Oct 12,8377
,,,Oct 13 – Oct 19,8135
,,,Oct 20 – Oct 26,8342
,,,Oct 27 – Nov 2,8153
,,,Nov 3 – Nov 9,8248
,,,Nov 10 – Nov 16,8016
,,,Nov 17 – Nov 23,8318
,,,Nov 24 – Nov 30,7808
,,,Dec 1 – Dec 7,8147
,,,Dec 8 – Dec 14,8339
,,,Dec 15 – Dec 21,8313
,,,Dec 22 – Dec 28,8424
,65 Years or more,2023 – 2024,Dec 31 – Jan 6,12468
,,2024,Jan 7 – Jan 13,12096
,,,Jan 14 – Jan 20,10751
,,,Jan 21 – Jan 27,11617
,,,Jan 28 – Feb 3,11346
,,,Feb 4 – Feb 10,11451
,,,Feb 11 – Feb 17,11341
,,,Feb 18 – Feb 24,11671
,,,Feb 25 – Mar 2,11514
,,,Mar 3 – Mar 9,11553
,,,Mar 10 – Mar 16,11845
,,,Mar 17 – Mar 23,11410
,,,Mar 24 – Mar 30,11174
,,,Mar 31 – Apr 6,11525
,,,Apr 7 – Apr 13,11784
,,,Apr 14 – Apr 20,11866
,,,Apr 21 – Apr 27,11400
,,,Apr 28 – May 4,11939
,,,May 5 – May 11,11758
,,,May 12 – May 18,11595
,,,May 19 – May 25,12155
,,,May 26 – Jun 1,12203
,,,Jun 2 – Jun 8,12381
,,,Jun 9 – Jun 15,12065
,,,Jun 16 – Jun 22,12199
,,,Jun 23 – Jun 29,12133
,,,Jun 30 – Jul 6,11805
,,,Jul 7 – Jul 13,12095
,,,Jul 14 – Jul 20,12212
,,,Jul 21 – Jul 27,12210
,,,Jul 28 – Aug 3,12065
,,,Aug 4 – Aug 10,12344
,,,Aug 11 – Aug 17,12545
,,,Aug 18 – Aug 24,12283
,,,Aug 25 – Aug 31,12209
,,,Sep 1 – Sep 7,12336
,,,Sep 8 – Sep 14,12239
,,,Sep 15 – Sep 21,12138
,,,Sep 22 – Sep 28,12057
,,,Sep 29 – Oct 5,12043
,,,Oct 6 – Oct 12,11868
,,,Oct 13 – Oct 19,11814
,,,Oct 20 – Oct 26,12302
,,,Oct 27 – Nov 2,12024
,,,Nov 3 – Nov 9,11913
,,,Nov 10 – Nov 16,11612
,,,Nov 17 – Nov 23,11808
,,,Nov 24 – Nov 30,11747
,,,Dec 1 – Dec 7,11892
,,,Dec 8 – Dec 14,12424
,,,Dec 15 – Dec 21,12581
,,,Dec 22 – Dec 28,12612
,No value,2023 – 2024,Dec 31 – Jan 6,10 or fewer
,,2024,Jan 7 – Jan 13,10 or fewer
,,,Jan 14 – Jan 20,10 or fewer
,,,Jan 21 – Jan 27,10 or fewer
,,,Jan 28 – Feb 3,10 or fewer
,,,Feb 4 – Feb 10,10 or fewer
,,,Feb 11 – Feb 17,10 or fewer
,,,Feb 18 – Feb 24,10 or fewer
,,,Feb 25 – Mar 2,10 or fewer
,,,Mar 3 – Mar 9,10 or fewer
,,,Mar 10 – Mar 16,10 or fewer
,,,Mar 17 – Mar 23,10 or fewer
,,,Mar 24 – Mar 30,10 or fewer
,,,Mar 31 – Apr 6,10 or fewer
,,,Apr 7 – Apr 13,10 or fewer
,,,Apr 14 – Apr 20,10 or fewer
,,,Apr 21 – Apr 27,10 or fewer
,,,Apr 28 – May 4,10 or fewer
,,,May 5 – May 11,10 or fewer
,,,May 12 – May 18,10 or fewer
,,,May 19 – May 25,10 or fewer
,,,May 26 – Jun 1,10 or fewer
,,,Jun 2 – Jun 8,10 or fewer
,,,Jun 9 – Jun 15,10 or fewer
,,,Jun 16 – Jun 22,10 or fewer
,,,Jun 23 – Jun 29,10 or fewer
,,,Jun 30 – Jul 6,10 or fewer
,,,Jul 7 – Jul 13,10 or fewer
,,,Jul 14 – Jul 20,10 or fewer
,,,Jul 21 – Jul 27,10 or fewer
,,,Jul 28 – Aug 3,10 or fewer
,,,Aug 4 – Aug 10,10 or fewer
,,,Aug 11 – Aug 17,10 or fewer
,,,Aug 18 – Aug 24,10 or fewer
,,,Aug 25 – Aug 31,10 or fewer
,,,Sep 1 – Sep 7,10 or fewer
,,,Sep 8 – Sep 14,10 or fewer
,,,Sep 15 – Sep 21,10 or fewer
,,,Sep 22 – Sep 28,10 or fewer
,,,Sep 29 – Oct 5,10 or fewer
,,,Oct 6 – Oct 12,10 or fewer
,,,Oct 13 – Oct 19,10 or fewer
,,,Oct 20 – Oct 26,10 or fewer
,,,Oct 27 – Nov 2,10 or fewer
,,,Nov 3 – Nov 9,10 or fewer
,,,Nov 10 – Nov 16,10 or fewer
,,,Nov 17 – Nov 23,10 or fewer
,,,Nov 24 – Nov 30,10 or fewer
,,,Dec 1 – Dec 7,10 or fewer
,,,Dec 8 – Dec 14,10 or fewer
,,,Dec 15 – Dec 21,10 or fewer
,,,Dec 22 – Dec 28,10 or fewer
,Total,2023 – 2024,Dec 31 – Jan 6,48299
,,2024,Jan 7 – Jan 13,46972
,,,Jan 14 – Jan 20,42567
,,,Jan 21 – Jan 27,45970
,,,Jan 28 – Feb 3,45618
,,,Feb 4 – Feb 10,46903
,,,Feb 11 – Feb 17,46606
,,,Feb 18 – Feb 24,48051
,,,Feb 25 – Mar 2,47781
,,,Mar 3 – Mar 9,47636
,,,Mar 10 – Mar 16,47574
,,,Mar 17 – Mar 23,46579
,,,Mar 24 – Mar 30,45296
,,,Mar 31 – Apr 6,45061
,,,Apr 7 – Apr 13,46236
,,,Apr 14 – Apr 20,47496
,,,Apr 21 – Apr 27,45856
,,,Apr 28 – May 4,47178
,,,May 5 – May 11,47254
,,,May 12 – May 18,46718
,,,May 19 – May 25,47623
,,,May 26 – Jun 1,47003
,,,Jun 2 – Jun 8,46595
,,,Jun 9 – Jun 15,46665
,,,Jun 16 – Jun 22,46314
,,,Jun 23 – Jun 29,46335
,,,Jun 30 – Jul 6,44731
,,,Jul 7 – Jul 13,46845
,,,Jul 14 – Jul 20,46146
,,,Jul 21 – Jul 27,46131
,,,Jul 28 – Aug 3,45948
,,,Aug 4 – Aug 10,45952
,,,Aug 11 – Aug 17,47069
,,,Aug 18 – Aug 24,46880
,,,Aug 25 – Aug 31,47255
,,,Sep 1 – Sep 7,47670
,,,Sep 8 – Sep 14,48016
,,,Sep 15 – Sep 21,48178
,,,Sep 22 – Sep 28,47898
,,,Sep 29 – Oct 5,47470
,,,Oct 6 – Oct 12,47836
,,,Oct 13 – Oct 19,47295
,,,Oct 20 – Oct 26,49175
,,,Oct 27 – Nov 2,48156
,,,Nov 3 – Nov 9,48556
,,,Nov 10 – Nov 16,47734
,,,Nov 17 – Nov 23,48745
,,,Nov 24 – Nov 30,45705
,,,Dec 1 – Dec 7,47749
,,,Dec 8 – Dec 14,49342
,,,Dec 15 – Dec 21,49959
,,,Dec 22 – Dec 28,49048
Illinois,Less than 1 Years,2023 – 2024,Dec 31 – Jan 6,1284
,,2024,Jan 7 – Jan 13,976
,,,Jan 14 – Jan 20,840
,,,Jan 21 – Jan 27,788
,,,Jan 28 – Feb 3,901
,,,Feb 4 – Feb 10,905
,,,Feb 11 – Feb 17,926
,,,Feb 18 – Feb 24,924
,,,Feb 25 – Mar 2,879
,,,Mar 3 – Mar 9,888
,,,Mar 10 – Mar 16,906
,,,Mar 17 – Mar 23,912
,,,Mar 24 – Mar 30,935
,,,Mar 31 – Apr 6,924
,,,Apr 7 – Apr 13,844
,,,Apr 14 – Apr 20,835
,,,Apr 21 – Apr 27,864
,,,Apr 28 – May 4,891
,,,May 5 – May 11,796
,,,May 12 – May 18,851
,,,May 19 – May 25,827
,,,May 26 – Jun 1,822
,,,Jun 2 – Jun 8,839
,,,Jun 9 – Jun 15,793
,,,Jun 16 – Jun 22,719
,,,Jun 23 – Jun 29,721
,,,Jun 30 – Jul 6,730
,,,Jul 7 – Jul 13,679
,,,Jul 14 – Jul 20,796
,,,Jul 21 – Jul 27,785
,,,Jul 28 – Aug 3,792
,,,Aug 4 – Aug 10,806
,,,Aug 11 – Aug 17,837
,,,Aug 18 – Aug 24,825
,,,Aug 25 – Aug 31,870
,,,Sep 1 – Sep 7,872
,,,Sep 8 – Sep 14,812
,,,Sep 15 – Sep 21,798
,,,Sep 22 – Sep 28,747
,,,Sep 29 – Oct 5,759
,,,Oct 6 – Oct 12,783
,,,Oct 13 – Oct 19,824
,,,Oct 20 – Oct 26,894
,,,Oct 27 – Nov 2,904
,,,Nov 3 – Nov 9,885
,,,Nov 10 – Nov 16,846
,,,Nov 17 – Nov 23,1008
,,,Nov 24 – Nov 30,1060
,,,Dec 1 – Dec 7,1152
,,,Dec 8 – Dec 14,1129
,,,Dec 15 – Dec 21,1343
,,,Dec 22 – Dec 28,1534
,≥ 1 and < 5 Years,2023 – 2024,Dec 31 – Jan 6,2444
,,2024,Jan 7 – Jan 13,2021
,,,Jan 14 – Jan 20,1814
,,,Jan 21 – Jan 27,1815
,,,Jan 28 – Feb 3,2088
,,,Feb 4 – Feb 10,2238
,,,Feb 11 – Feb 17,2261
,,,Feb 18 – Feb 24,2419
,,,Feb 25 – Mar 2,2385
,,,Mar 3 – Mar 9,2422
,,,Mar 10 – Mar 16,2395
,,,Mar 17 – Mar 23,2348
,,,Mar 24 – Mar 30,2511
,,,Mar 31 – Apr 6,2307
,,,Apr 7 – Apr 13,2307
,,,Apr 14 – Apr 20,2209
,,,Apr 21 – Apr 27,2214
,,,Apr 28 – May 4,2276
,,,May 5 – May 11,2156
,,,May 12 – May 18,2168
,,,May 19 – May 25,2220
,,,May 26 – Jun 1,2141
,,,Jun 2 – Jun 8,2014
,,,Jun 9 – Jun 15,1810
,,,Jun 16 – Jun 22,1800
,,,Jun 23 – Jun 29,1692
,,,Jun 30 – Jul 6,1652
,,,Jul 7 – Jul 13,1579
,,,Jul 14 – Jul 20,1655
,,,Jul 21 – Jul 27,1669
,,,Jul 28 – Aug 3,1719
,,,Aug 4 – Aug 10,1664
,,,Aug 11 – Aug 17,1545
,,,Aug 18 – Aug 24,1808
,,,Aug 25 – Aug 31,1895
,,,Sep 1 – Sep 7,1948
,,,Sep 8 – Sep 14,1917
,,,Sep 15 – Sep 21,1917
,,,Sep 22 – Sep 28,1858
,,,Sep 29 – Oct 5,1853
,,,Oct 6 – Oct 12,1984
,,,Oct 13 – Oct 19,1881
,,,Oct 20 – Oct 26,2104
,,,Oct 27 – Nov 2,2093
,,,Nov 3 – Nov 9,2262
,,,Nov 10 – Nov 16,2316
,,,Nov 17 – Nov 23,2367
,,,Nov 24 – Nov 30,2481
,,,Dec 1 – Dec 7,2493
,,,Dec 8 – Dec 14,2842
,,,Dec 15 – Dec 21,3172
,,,Dec 22 – Dec 28,3703
,≥ 5 and < 18 Years,2023 – 2024,Dec 31 – Jan 6,3559
,,2024,Jan 7 – Jan 13,3610
,,,Jan 14 – Jan 20,3317
,,,Jan 21 – Jan 27,4055
,,,Jan 28 – Feb 3,4922
,,,Feb 4 – Feb 10,5146
,,,Feb 11 – Feb 17,5038
,,,Feb 18 – Feb 24,5048
,,,Feb 25 – Mar 2,5414
,,,Mar 3 – Mar 9,5394
,,,Mar 10 – Mar 16,5341
,,,Mar 17 – Mar 23,5118
,,,Mar 24 – Mar 30,4189
,,,Mar 31 – Apr 6,4244
,,,Apr 7 – Apr 13,4681
,,,Apr 14 – Apr 20,5145
,,,Apr 21 – Apr 27,5279
,,,Apr 28 – May 4,5334
,,,May 5 – May 11,4894
,,,May 12 – May 18,5083
,,,May 19 – May 25,4770
,,,May 26 – Jun 1,4294
,,,Jun 2 – Jun 8,3926
,,,Jun 9 – Jun 15,3767
,,,Jun 16 – Jun 22,3566
,,,Jun 23 – Jun 29,3675
,,,Jun 30 – Jul 6,3455
,,,Jul 7 – Jul 13,3521
,,,Jul 14 – Jul 20,3481
,,,Jul 21 – Jul 27,3561
,,,Jul 28 – Aug 3,3476
,,,Aug 4 – Aug 10,3400
,,,Aug 11 – Aug 17,3713
,,,Aug 18 – Aug 24,4103
,,,Aug 25 – Aug 31,4562
,,,Sep 1 – Sep 7,4828
,,,Sep 8 – Sep 14,5044
,,,Sep 15 – Sep 21,5230
,,,Sep 22 – Sep 28,4898
,,,Sep 29 – Oct 5,5026
,,,Oct 6 – Oct 12,5008
,,,Oct 13 – Oct 19,4515
,,,Oct 20 – Oct 26,5176
,,,Oct 27 – Nov 2,4716
,,,Nov 3 – Nov 9,4425
,,,Nov 10 – Nov 16,4707
,,,Nov 17 – Nov 23,4787
,,,Nov 24 – Nov 30,3943
,,,Dec 1 – Dec 7,4631
,,,Dec 8 – Dec 14,5115
,,,Dec 15 – Dec 21,5193
,,,Dec 22 – Dec 28,5066
,≥ 18 and < 50 Years,2023 – 2024,Dec 31 – Jan 6,15262
,,2024,Jan 7 – Jan 13,13946
,,,Jan 14 – Jan 20,13309
,,,Jan 21 – Jan 27,14509
,,,Jan 28 – Feb 3,14763
,,,Feb 4 – Feb 10,14749
,,,Feb 11 – Feb 17,14649
,,,Feb 18 – Feb 24,15194
,,,Feb 25 – Mar 2,15074
,,,Mar 3 – Mar 9,15009
,,,Mar 10 – Mar 16,14967
,,,Mar 17 – Mar 23,14719
,,,Mar 24 – Mar 30,14623
,,,Mar 31 – Apr 6,14800
,,,Apr 7 – Apr 13,15093
,,,Apr 14 – Apr 20,15015
,,,Apr 21 – Apr 27,14787
,,,Apr 28 – May 4,15089
,,,May 5 – May 11,15108
,,,May 12 – May 18,15247
,,,May 19 – May 25,15299
,,,May 26 – Jun 1,15108
,,,Jun 2 – Jun 8,15060
,,,Jun 9 – Jun 15,15211
,,,Jun 16 – Jun 22,15623
,,,Jun 23 – Jun 29,15526
,,,Jun 30 – Jul 6,14974
,,,Jul 7 – Jul 13,15747
,,,Jul 14 – Jul 20,15401
,,,Jul 21 – Jul 27,15655
,,,Jul 28 – Aug 3,15729
,,,Aug 4 – Aug 10,15830
,,,Aug 11 – Aug 17,15951
,,,Aug 18 – Aug 24,15716
,,,Aug 25 – Aug 31,16203
,,,Sep 1 – Sep 7,15937
,,,Sep 8 – Sep 14,15675
,,,Sep 15 – Sep 21,16345
,,,Sep 22 – Sep 28,15848
,,,Sep 29 – Oct 5,15467
,,,Oct 6 – Oct 12,15533
,,,Oct 13 – Oct 19,14961
,,,Oct 20 – Oct 26,15645
,,,Oct 27 – Nov 2,15827
,,,Nov 3 – Nov 9,15891
,,,Nov 10 – Nov 16,15825
,,,Nov 17 – Nov 23,15525
,,,Nov 24 – Nov 30,14770
,,,Dec 1 – Dec 7,15303
,,,Dec 8 – Dec 14,15662
,,,Dec 15 – Dec 21,16085
,,,Dec 22 – Dec 28,16411
,≥ 50 and < 65 Years,2023 – 2024,Dec 31 – Jan 6,7068
,,2024,Jan 7 – Jan 13,6466
,,,Jan 14 – Jan 20,6056
,,,Jan 21 – Jan 27,6844
,,,Jan 28 – Feb 3,6608
,,,Feb 4 – Feb 10,6615
,,,Feb 11 – Feb 17,6517
,,,Feb 18 – Feb 24,6880
,,,Feb 25 – Mar 2,6620
,,,Mar 3 – Mar 9,6797
,,,Mar 10 – Mar 16,6607
,,,Mar 17 – Mar 23,6428
,,,Mar 24 – Mar 30,6568
,,,Mar 31 – Apr 6,6432
,,,Apr 7 – Apr 13,6661
,,,Apr 14 – Apr 20,6686
,,,Apr 21 – Apr 27,6669
,,,Apr 28 – May 4,6720
,,,May 5 – May 11,6751
,,,May 12 – May 18,6915
,,,May 19 – May 25,7100
,,,May 26 – Jun 1,6740
,,,Jun 2 – Jun 8,7052
,,,Jun 9 – Jun 15,6996
,,,Jun 16 – Jun 22,6931
,,,Jun 23 – Jun 29,6960
,,,Jun 30 – Jul 6,6813
,,,Jul 7 – Jul 13,7157
,,,Jul 14 – Jul 20,6958
,,,Jul 21 – Jul 27,7129
,,,Jul 28 – Aug 3,7128
,,,Aug 4 – Aug 10,7285
,,,Aug 11 – Aug 17,7241
,,,Aug 18 – Aug 24,7052
,,,Aug 25 – Aug 31,7088
,,,Sep 1 – Sep 7,6930
,,,Sep 8 – Sep 14,7055
,,,Sep 15 – Sep 21,7141
,,,Sep 22 – Sep 28,6842
,,,Sep 29 – Oct 5,6783
,,,Oct 6 – Oct 12,6736
,,,Oct 13 – Oct 19,6634
,,,Oct 20 – Oct 26,6831
,,,Oct 27 – Nov 2,6767
,,,Nov 3 – Nov 9,6795
,,,Nov 10 – Nov 16,6703
,,,Nov 17 – Nov 23,6663
,,,Nov 24 – Nov 30,6320
,,,Dec 1 – Dec 7,6667
,,,Dec 8 – Dec 14,6802
,,,Dec 15 – Dec 21,6936
,,,Dec 22 – Dec 28,7296
,65 Years or more,2023 – 2024,Dec 31 – Jan 6,10752
,,2024,Jan 7 – Jan 13,9823
,,,Jan 14 – Jan 20,9379
,,,Jan 21 – Jan 27,9943
,,,Jan 28 – Feb 3,9981
,,,Feb 4 – Feb 10,10209
,,,Feb 11 – Feb 17,9830
,,,Feb 18 – Feb 24,10195
,,,Feb 25 – Mar 2,10290
,,,Mar 3 – Mar 9,10398
,,,Mar 10 – Mar 16,10476
,,,Mar 17 – Mar 23,10086
,,,Mar 24 – Mar 30,10211
,,,Mar 31 – Apr 6,10175
,,,Apr 7 – Apr 13,10408
,,,Apr 14 – Apr 20,10324
,,,Apr 21 – Apr 27,10227
,,,Apr 28 – May 4,10614
,,,May 5 – May 11,10454
,,,May 12 – May 18,10847
,,,May 19 – May 25,10899
,,,May 26 – Jun 1,10575
,,,Jun 2 – Jun 8,10889
,,,Jun 9 – Jun 15,10918
,,,Jun 16 – Jun 22,10767
,,,Jun 23 – Jun 29,10694
,,,Jun 30 – Jul 6,10523
,,,Jul 7 – Jul 13,10806
,,,Jul 14 – Jul 20,10848
,,,Jul 21 – Jul 27,10920
,,,Jul 28 – Aug 3,10825
,,,Aug 4 – Aug 10,10904
,,,Aug 11 – Aug 17,10971
,,,Aug 18 – Aug 24,10915
,,,Aug 25 – Aug 31,11182
,,,Sep 1 – Sep 7,10795
,,,Sep 8 – Sep 14,10992
,,,Sep 15 – Sep 21,11001
,,,Sep 22 – Sep 28,10707
,,,Sep 29 – Oct 5,10820
,,,Oct 6 – Oct 12,10828
,,,Oct 13 – Oct 19,10507
,,,Oct 20 – Oct 26,10725
,,,Oct 27 – Nov 2,10715
,,,Nov 3 – Nov 9,10379
,,,Nov 10 – Nov 16,10616
,,,Nov 17 – Nov 23,10785
,,,Nov 24 – Nov 30,10355
,,,Dec 1 – Dec 7,11077
,,,Dec 8 – Dec 14,11202
,,,Dec 15 – Dec 21,11462
,,,Dec 22 – Dec 28,11975
,No value,2023 – 2024,Dec 31 – Jan 6,10 or fewer
,,2024,Jan 7 – Jan 13,10 or fewer
,,,Jan 14 – Jan 20,10 or fewer
,,,Jan 21 – Jan 27,10 or fewer
,,,Jan 28 – Feb 3,10 or fewer
,,,Feb 4 – Feb 10,10 or fewer
,,,Feb 11 – Feb 17,10 or fewer
,,,Feb 18 – Feb 24,10 or fewer
,,,Feb 25 – Mar 2,10 or fewer
,,,Mar 3 – Mar 9,10 or fewer
,,,Mar 10 – Mar 16,10 or fewer
,,,Mar 17 – Mar 23,10 or fewer
,,,Mar 24 – Mar 30,10 or fewer
,,,Mar 31 – Apr 6,10 or fewer
,,,Apr 7 – Apr 13,10 or fewer
,,,Apr 14 – Apr 20,10 or fewer
,,,Apr 21 – Apr 27,10 or fewer
,,,Apr 28 – May 4,10 or fewer
,,,May 5 – May 11,10 or fewer
,,,May 12 – May 18,10 or fewer
,,,May 19 – May 25,10 or fewer
,,,May 26 – Jun 1,10 or fewer
,,,Jun 2 – Jun 8,10 or fewer
,,,Jun 9 – Jun 15,10 or fewer
,,,Jun 16 – Jun 22,10 or fewer
,,,Jun 23 – Jun 29,10 or fewer
,,,Jun 30 – Jul 6,10 or fewer
,,,Jul 7 – Jul 13,10 or fewer
,,,Jul 14 – Jul 20,10 or fewer
,,,Jul 21 – Jul 27,10 or fewer
,,,Jul 28 – Aug 3,10 or fewer
,,,Aug 4 – Aug 10,10 or fewer
,,,Aug 11 – Aug 17,10 or fewer
,,,Aug 18 – Aug 24,10 or fewer
,,,Aug 25 – Aug 31,10 or fewer
,,,Sep 1 – Sep 7,10 or fewer
,,,Sep 8 – Sep 14,10 or fewer
,,,Sep 15 – Sep 21,10 or fewer
,,,Sep 22 – Sep 28,10 or fewer
,,,Sep 29 – Oct 5,10 or fewer
,,,Oct 6 – Oct 12,10 or fewer
,,,Oct 13 – Oct 19,10 or fewer
,,,Oct 20 – Oct 26,10 or fewer
,,,Oct 27 – Nov 2,10 or fewer
,,,Nov 3 – Nov 9,10 or fewer
,,,Nov 10 – Nov 16,10 or fewer
,,,Nov 17 – Nov 23,10 or fewer
,,,Nov 24 – Nov 30,10 or fewer
,,,Dec 1 – Dec 7,10 or fewer
,,,Dec 8 – Dec 14,10 or fewer
,,,Dec 15 – Dec 21,10 or fewer
,,,Dec 22 – Dec 28,10 or fewer
,Total,2023 – 2024,Dec 31 – Jan 6,40369
,,2024,Jan 7 – Jan 13,36842
,,,Jan 14 – Jan 20,34715
,,,Jan 21 – Jan 27,37954
,,,Jan 28 – Feb 3,39263
,,,Feb 4 – Feb 10,39862
,,,Feb 11 – Feb 17,39221
,,,Feb 18 – Feb 24,40661
,,,Feb 25 – Mar 2,40663
,,,Mar 3 – Mar 9,40908
,,,Mar 10 – Mar 16,40692
,,,Mar 17 – Mar 23,39611
,,,Mar 24 – Mar 30,39037
,,,Mar 31 – Apr 6,38882
,,,Apr 7 – Apr 13,39994
,,,Apr 14 – Apr 20,40214
,,,Apr 21 – Apr 27,40040
,,,Apr 28 – May 4,40925
,,,May 5 – May 11,40159
,,,May 12 – May 18,41111
,,,May 19 – May 25,41115
,,,May 26 – Jun 1,39681
,,,Jun 2 – Jun 8,39780
,,,Jun 9 – Jun 15,39495
,,,Jun 16 – Jun 22,39406
,,,Jun 23 – Jun 29,39268
,,,Jun 30 – Jul 6,38147
,,,Jul 7 – Jul 13,39489
,,,Jul 14 – Jul 20,39139
,,,Jul 21 – Jul 27,39720
,,,Jul 28 – Aug 3,39669
,,,Aug 4 – Aug 10,39890
,,,Aug 11 – Aug 17,40258
,,,Aug 18 – Aug 24,40419
,,,Aug 25 – Aug 31,41800
,,,Sep 1 – Sep 7,41310
,,,Sep 8 – Sep 14,41495
,,,Sep 15 – Sep 21,42432
,,,Sep 22 – Sep 28,40900
,,,Sep 29 – Oct 5,40708
,,,Oct 6 – Oct 12,40872
,,,Oct 13 – Oct 19,39322
,,,Oct 20 – Oct 26,41375
,,,Oct 27 – Nov 2,41022
,,,Nov 3 – Nov 9,40637
,,,Nov 10 – Nov 16,41013
,,,Nov 17 – Nov 23,41135
,,,Nov 24 – Nov 30,38929
,,,Dec 1 – Dec 7,41323
,,,Dec 8 – Dec 14,42752
,,,Dec 15 – Dec 21,44191
,,,Dec 22 – Dec 28,45985
California,Less than 1 Years,2023 – 2024,Dec 31 – Jan 6,1056
,,2024,Jan 7 – Jan 13,874
,,,Jan 14 – Jan 20,797
,,,Jan 21 – Jan 27,770
,,,Jan 28 – Feb 3,812
,,,Feb 4 – Feb 10,783
,,,Feb 11 – Feb 17,799
,,,Feb 18 – Feb 24,772
,,,Feb 25 – Mar 2,805
,,,Mar 3 – Mar 9,734
,,,Mar 10 – Mar 16,813
,,,Mar 17 – Mar 23,797
,,,Mar 24 – Mar 30,826
,,,Mar 31 – Apr 6,863
,,,Apr 7 – Apr 13,788
,,,Apr 14 – Apr 20,716
,,,Apr 21 – Apr 27,754
,,,Apr 28 – May 4,734
,,,May 5 – May 11,742
,,,May 12 – May 18,794
,,,May 19 – May 25,752
,,,May 26 – Jun 1,747
,,,Jun 2 – Jun 8,715
,,,Jun 9 – Jun 15,803
,,,Jun 16 – Jun 22,822
,,,Jun 23 – Jun 29,726
,,,Jun 30 – Jul 6,711
,,,Jul 7 – Jul 13,759
,,,Jul 14 – Jul 20,754
,,,Jul 21 – Jul 27,805
,,,Jul 28 – Aug 3,753
,,,Aug 4 – Aug 10,712
,,,Aug 11 – Aug 17,778
,,,Aug 18 – Aug 24,750
,,,Aug 25 – Aug 31,848
,,,Sep 1 – Sep 7,783
,,,Sep 8 – Sep 14,723
,,,Sep 15 – Sep 21,696
,,,Sep 22 – Sep 28,675
,,,Sep 29 – Oct 5,684
,,,Oct 6 – Oct 12,698
,,,Oct 13 – Oct 19,658
,,,Oct 20 – Oct 26,715
,,,Oct 27 – Nov 2,719
,,,Nov 3 – Nov 9,794
,,,Nov 10 – Nov 16,818
,,,Nov 17 – Nov 23,822
,,,Nov 24 – Nov 30,857
,,,Dec 1 – Dec 7,899
,,,Dec 8 – Dec 14,856
,,,Dec 15 – Dec 21,1040
,,,Dec 22 – Dec 28,1190
,≥ 1 and < 5 Years,2023 – 2024,Dec 31 – Jan 6,1842
,,2024,Jan 7 – Jan 13,1556
,,,Jan 14 – Jan 20,1665
,,,Jan 21 – Jan 27,1618
,,,Jan 28 – Feb 3,1682
,,,Feb 4 – Feb 10,1649
,,,Feb 11 – Feb 17,1728
,,,Feb 18 – Feb 24,1862
,,,Feb 25 – Mar 2,1748
,,,Mar 3 – Mar 9,1833
,,,Mar 10 – Mar 16,1903
,,,Mar 17 – Mar 23,2059
,,,Mar 24 – Mar 30,2047
,,,Mar 31 – Apr 6,1939
,,,Apr 7 – Apr 13,1916
,,,Apr 14 – Apr 20,1836
,,,Apr 21 – Apr 27,1866
,,,Apr 28 – May 4,1933
,,,May 5 – May 11,1816
,,,May 12 – May 18,1893
,,,May 19 – May 25,1915
,,,May 26 – Jun 1,1939
,,,Jun 2 – Jun 8,1863
,,,Jun 9 – Jun 15,1770
,,,Jun 16 – Jun 22,1672
,,,Jun 23 – Jun 29,1706
,,,Jun 30 – Jul 6,1628
,,,Jul 7 – Jul 13,1596
,,,Jul 14 – Jul 20,1484
,,,Jul 21 – Jul 27,1472
,,,Jul 28 – Aug 3,1460
,,,Aug 4 – Aug 10,1446
,,,Aug 11 – Aug 17,1432
,,,Aug 18 – Aug 24,1521
,,,Aug 25 – Aug 31,1639
,,,Sep 1 – Sep 7,1697
,,,Sep 8 – Sep 14,1596
,,,Sep 15 – Sep 21,1531
,,,Sep 22 – Sep 28,1616
,,,Sep 29 – Oct 5,1676
,,,Oct 6 – Oct 12,1600
,,,Oct 13 – Oct 19,1637
,,,Oct 20 – Oct 26,1715
,,,Oct 27 – Nov 2,1783
,,,Nov 3 – Nov 9,1852
,,,Nov 10 – Nov 16,1892
,,,Nov 17 – Nov 23,2001
,,,Nov 24 – Nov 30,2162
,,,Dec 1 – Dec 7,2104
,,,Dec 8 – Dec 14,2012
,,,Dec 15 – Dec 21,2460
,,,Dec 22 – Dec 28,2916
,≥ 5 and < 18 Years,2023 – 2024,Dec 31 – Jan 6,2762
,,2024,Jan 7 – Jan 13,2919
,,,Jan 14 – Jan 20,3380
,,,Jan 21 – Jan 27,3496
,,,Jan 28 – Feb 3,3623
,,,Feb 4 – Feb 10,3408
,,,Feb 11 – Feb 17,3665
,,,Feb 18 – Feb 24,3653
,,,Feb 25 – Mar 2,3883
,,,Mar 3 – Mar 9,4077
,,,Mar 10 – Mar 16,4229
,,,Mar 17 – Mar 23,4267
,,,Mar 24 – Mar 30,3621
,,,Mar 31 – Apr 6,3695
,,,Apr 7 – Apr 13,4025
,,,Apr 14 – Apr 20,4263
,,,Apr 21 – Apr 27,4343
,,,Apr 28 – May 4,4470
,,,May 5 – May 11,4423
,,,May 12 – May 18,4467
,,,May 19 – May 25,4233
,,,May 26 – Jun 1,4100
,,,Jun 2 – Jun 8,3788
,,,Jun 9 – Jun 15,3572
,,,Jun 16 – Jun 22,3490
,,,Jun 23 – Jun 29,3314
,,,Jun 30 – Jul 6,3292
,,,Jul 7 – Jul 13,3293
,,,Jul 14 – Jul 20,3297
,,,Jul 21 – Jul 27,3084
,,,Jul 28 – Aug 3,3188
,,,Aug 4 – Aug 10,3193
,,,Aug 11 – Aug 17,3400
,,,Aug 18 – Aug 24,3810
,,,Aug 25 – Aug 31,4198
,,,Sep 1 – Sep 7,3898
,,,Sep 8 – Sep 14,3918
,,,Sep 15 – Sep 21,3987
,,,Sep 22 – Sep 28,4108
,,,Sep 29 – Oct 5,3997
,,,Oct 6 – Oct 12,3999
,,,Oct 13 – Oct 19,4024
,,,Oct 20 – Oct 26,4162
,,,Oct 27 – Nov 2,3914
,,,Nov 3 – Nov 9,4169
,,,Nov 10 – Nov 16,4100
,,,Nov 17 – Nov 23,4235
,,,Nov 24 – Nov 30,3394
,,,Dec 1 – Dec 7,4071
,,,Dec 8 – Dec 14,4472
,,,Dec 15 – Dec 21,4649
,,,Dec 22 – Dec 28,4355
,≥ 18 and < 50 Years,2023 – 2024,Dec 31 – Jan 6,14674
,,2024,Jan 7 – Jan 13,14050
,,,Jan 14 – Jan 20,14430
,,,Jan 21 – Jan 27,14583
,,,Jan 28 – Feb 3,14323
,,,Feb 4 – Feb 10,14013
,,,Feb 11 – Feb 17,14183
,,,Feb 18 – Feb 24,14866
,,,Feb 25 – Mar 2,15589
,,,Mar 3 – Mar 9,16569
,,,Mar 10 – Mar 16,17354
,,,Mar 17 – Mar 23,17550
,,,Mar 24 – Mar 30,17019
,,,Mar 31 – Apr 6,16891
,,,Apr 7 – Apr 13,17310
,,,Apr 14 – Apr 20,17547
,,,Apr 21 – Apr 27,17545
,,,Apr 28 – May 4,17457
,,,May 5 – May 11,17675
,,,May 12 – May 18,17921
,,,May 19 – May 25,18146
,,,May 26 – Jun 1,18324
,,,Jun 2 – Jun 8,18302
,,,Jun 9 – Jun 15,18298
,,,Jun 16 – Jun 22,18195
,,,Jun 23 – Jun 29,18592
,,,Jun 30 – Jul 6,18126
,,,Jul 7 – Jul 13,18794
,,,Jul 14 – Jul 20,18258
,,,Jul 21 – Jul 27,18565
,,,Jul 28 – Aug 3,18200
,,,Aug 4 – Aug 10,18313
,,,Aug 11 – Aug 17,18482
,,,Aug 18 – Aug 24,18370
,,,Aug 25 – Aug 31,18527
,,,Sep 1 – Sep 7,18947
,,,Sep 8 – Sep 14,18744
,,,Sep 15 – Sep 21,18004
,,,Sep 22 – Sep 28,18430
,,,Sep 29 – Oct 5,18557
,,,Oct 6 – Oct 12,18373
,,,Oct 13 – Oct 19,18084
,,,Oct 20 – Oct 26,18284
,,,Oct 27 – Nov 2,17980
,,,Nov 3 – Nov 9,18126
,,,Nov 10 – Nov 16,18476
,,,Nov 17 – Nov 23,18002
,,,Nov 24 – Nov 30,18219
,,,Dec 1 – Dec 7,19114
,,,Dec 8 – Dec 14,18547
,,,Dec 15 – Dec 21,19224
,,,Dec 22 – Dec 28,19399
,≥ 50 and < 65 Years,2023 – 2024,Dec 31 – Jan 6,6666
,,2024,Jan 7 – Jan 13,6431
,,,Jan 14 – Jan 20,6426
,,,Jan 21 – Jan 27,6377
,,,Jan 28 – Feb 3,6346
,,,Feb 4 – Feb 10,6173
,,,Feb 11 – Feb 17,6448
,,,Feb 18 – Feb 24,6654
,,,Feb 25 – Mar 2,6831
,,,Mar 3 – Mar 9,7495
,,,Mar 10 – Mar 16,7664
,,,Mar 17 – Mar 23,7603
,,,Mar 24 – Mar 30,7594
,,,Mar 31 – Apr 6,7399
,,,Apr 7 – Apr 13,7773
,,,Apr 14 – Apr 20,8040
,,,Apr 21 – Apr 27,7819
,,,Apr 28 – May 4,7705
,,,May 5 – May 11,7752
,,,May 12 – May 18,7984
,,,May 19 – May 25,7884
,,,May 26 – Jun 1,7987
,,,Jun 2 – Jun 8,8089
,,,Jun 9 – Jun 15,8313
,,,Jun 16 – Jun 22,8043
,,,Jun 23 – Jun 29,8196
,,,Jun 30 – Jul 6,7951
,,,Jul 7 – Jul 13,8407
,,,Jul 14 – Jul 20,8131
,,,Jul 21 – Jul 27,8133
,,,Jul 28 – Aug 3,8183
,,,Aug 4 – Aug 10,8177
,,,Aug 11 – Aug 17,7990
,,,Aug 18 – Aug 24,7995
,,,Aug 25 – Aug 31,7936
,,,Sep 1 – Sep 7,7961
,,,Sep 8 – Sep 14,7948
,,,Sep 15 – Sep 21,7628
,,,Sep 22 – Sep 28,7967
,,,Sep 29 – Oct 5,7759
,,,Oct 6 – Oct 12,7767
,,,Oct 13 – Oct 19,7773
,,,Oct 20 – Oct 26,7785
,,,Oct 27 – Nov 2,7599
,,,Nov 3 – Nov 9,7694
,,,Nov 10 – Nov 16,7979
,,,Nov 17 – Nov 23,7880
,,,Nov 24 – Nov 30,7702
,,,Dec 1 – Dec 7,8292
,,,Dec 8 – Dec 14,7965
,,,Dec 15 – Dec 21,8132
,,,Dec 22 – Dec 28,8286
,65 Years or more,2023 – 2024,Dec 31 – Jan 6,9068
,,2024,Jan 7 – Jan 13,8934
,,,Jan 14 – Jan 20,8805
,,,Jan 21 – Jan 27,8457
,,,Jan 28 – Feb 3,8447
,,,Feb 4 – Feb 10,8336
,,,Feb 11 – Feb 17,8450
,,,Feb 18 – Feb 24,8628
,,,Feb 25 – Mar 2,9059
,,,Mar 3 – Mar 9,10051
,,,Mar 10 – Mar 16,10104
,,,Mar 17 – Mar 23,10014
,,,Mar 24 – Mar 30,9851
,,,Mar 31 – Apr 6,10165
,,,Apr 7 – Apr 13,10471
,,,Apr 14 – Apr 20,10368
,,,Apr 21 – Apr 27,10148
,,,Apr 28 – May 4,10191
,,,May 5 – May 11,10310
,,,May 12 – May 18,10363
,,,May 19 – May 25,10481
,,,May 26 – Jun 1,10532
,,,Jun 2 – Jun 8,10835
,,,Jun 9 – Jun 15,10688
,,,Jun 16 – Jun 22,11046
,,,Jun 23 – Jun 29,10960
,,,Jun 30 – Jul 6,10652
,,,Jul 7 – Jul 13,11097
,,,Jul 14 – Jul 20,10898
,,,Jul 21 – Jul 27,10973
,,,Jul 28 – Aug 3,10624
,,,Aug 4 – Aug 10,10933
,,,Aug 11 – Aug 17,10921
,,,Aug 18 – Aug 24,10732
,,,Aug 25 – Aug 31,10722
,,,Sep 1 – Sep 7,10795
,,,Sep 8 – Sep 14,10558
,,,Sep 15 – Sep 21,10509
,,,Sep 22 – Sep 28,10427
,,,Sep 29 – Oct 5,10385
,,,Oct 6 – Oct 12,10604
,,,Oct 13 – Oct 19,10222
,,,Oct 20 – Oct 26,10491
,,,Oct 27 – Nov 2,10216
,,,Nov 3 – Nov 9,10712
,,,Nov 10 – Nov 16,10774
,,,Nov 17 – Nov 23,10650
,,,Nov 24 – Nov 30,10839
,,,Dec 1 – Dec 7,11275
,,,Dec 8 – Dec 14,10796
,,,Dec 15 – Dec 21,11204
,,,Dec 22 – Dec 28,11896
,No value,2023 – 2024,Dec 31 – Jan 6,10 or fewer
,,2024,Jan 7 – Jan 13,10 or fewer
,,,Jan 14 – Jan 20,10 or fewer
,,,Jan 21 – Jan 27,10 or fewer
,,,Jan 28 – Feb 3,10 or fewer
,,,Feb 4 – Feb 10,10 or fewer
,,,Feb 11 – Feb 17,10 or fewer
,,,Feb 18 – Feb 24,10 or fewer
,,,Feb 25 – Mar 2,10 or fewer
,,,Mar 3 – Mar 9,10 or fewer
,,,Mar 10 – Mar 16,10 or fewer
,,,Mar 17 – Mar 23,10 or fewer
,,,Mar 24 – Mar 30,10 or fewer
,,,Mar 31 – Apr 6,10 or fewer
,,,Apr 7 – Apr 13,10 or fewer
,,,Apr 14 – Apr 20,10 or fewer
,,,Apr 21 – Apr 27,10 or fewer
,,,Apr 28 – May 4,10 or fewer
,,,May 5 – May 11,10 or fewer
,,,May 12 – May 18,10 or fewer
,,,May 19 – May 25,10 or fewer
,,,May 26 – Jun 1,10 or fewer
,,,Jun 2 – Jun 8,10 or fewer
,,,Jun 9 – Jun 15,10 or fewer
,,,Jun 16 – Jun 22,10 or fewer
,,,Jun 23 – Jun 29,10 or fewer
,,,Jun 30 – Jul 6,10 or fewer
,,,Jul 7 – Jul 13,10 or fewer
,,,Jul 14 – Jul 20,10 or fewer
,,,Jul 21 – Jul 27,10 or fewer
,,,Jul 28 – Aug 3,10 or fewer
,,,Aug 4 – Aug 10,10 or fewer
,,,Aug 11 – Aug 17,10 or fewer
,,,Aug 18 – Aug 24,10 or fewer
,,,Aug 25 – Aug 31,10 or fewer
,,,Sep 1 – Sep 7,10 or fewer
,,,Sep 8 – Sep 14,10 or fewer
,,,Sep 15 – Sep 21,10 or fewer
,,,Sep 22 – Sep 28,10 or fewer
,,,Sep 29 – Oct 5,10 or fewer
,,,Oct 6 – Oct 12,10 or fewer
,,,Oct 13 – Oct 19,10 or fewer
,,,Oct 20 – Oct 26,10 or fewer
,,,Oct 27 – Nov 2,10 or fewer
,,,Nov 3 – Nov 9,10 or fewer
,,,Nov 10 – Nov 16,10 or fewer
,,,Nov 17 – Nov 23,10 or fewer
,,,Nov 24 – Nov 30,10 or fewer
,,,Dec 1 – Dec 7,10 or fewer
,,,Dec 8 – Dec 14,10 or fewer
,,,Dec 15 – Dec 21,10 or fewer
,,,Dec 22 – Dec 28,10 or fewer
,Total,2023 – 2024,Dec 31 – Jan 6,36068
,,2024,Jan 7 – Jan 13,34764
,,,Jan 14 – Jan 20,35503
,,,Jan 21 – Jan 27,35301
,,,Jan 28 – Feb 3,35233
,,,Feb 4 – Feb 10,34362
,,,Feb 11 – Feb 17,35273
,,,Feb 18 – Feb 24,36435
,,,Feb 25 – Mar 2,37915
,,,Mar 3 – Mar 9,40759
,,,Mar 10 – Mar 16,42067
,,,Mar 17 – Mar 23,42290
,,,Mar 24 – Mar 30,40958
,,,Mar 31 – Apr 6,40952
,,,Apr 7 – Apr 13,42283
,,,Apr 14 – Apr 20,42770
,,,Apr 21 – Apr 27,42475
,,,Apr 28 – May 4,42490
,,,May 5 – May 11,42718
,,,May 12 – May 18,43422
,,,May 19 – May 25,43411
,,,May 26 – Jun 1,43629
,,,Jun 2 – Jun 8,43592
,,,Jun 9 – Jun 15,43444
,,,Jun 16 – Jun 22,43268
,,,Jun 23 – Jun 29,43494
,,,Jun 30 – Jul 6,42360
,,,Jul 7 – Jul 13,43946
,,,Jul 14 – Jul 20,42822
,,,Jul 21 – Jul 27,43032
,,,Jul 28 – Aug 3,42408
,,,Aug 4 – Aug 10,42774
,,,Aug 11 – Aug 17,43003
,,,Aug 18 – Aug 24,43178
,,,Aug 25 – Aug 31,43870
,,,Sep 1 – Sep 7,44081
,,,Sep 8 – Sep 14,43487
,,,Sep 15 – Sep 21,42355
,,,Sep 22 – Sep 28,43223
,,,Sep 29 – Oct 5,43059
,,,Oct 6 – Oct 12,43041
,,,Oct 13 – Oct 19,42398
,,,Oct 20 – Oct 26,43152
,,,Oct 27 – Nov 2,42211
,,,Nov 3 – Nov 9,43347
,,,Nov 10 – Nov 16,44039
,,,Nov 17 – Nov 23,43590
,,,Nov 24 – Nov 30,43173
,,,Dec 1 – Dec 7,45755
,,,Dec 8 – Dec 14,44648
,,,Dec 15 – Dec 21,46709
,,,Dec 22 – Dec 28,48042
Michigan,Less than 1 Years,2023 – 2024,Dec 31 – Jan 6,963
,,2024,Jan 7 – Jan 13,668
,,,Jan 14 – Jan 20,501
,,,Jan 21 – Jan 27,481
,,,Jan 28 – Feb 3,521
,,,Feb 4 – Feb 10,622
,,,Feb 11 – Feb 17,583
,,,Feb 18 – Feb 24,646
,,,Feb 25 – Mar 2,588
,,,Mar 3 – Mar 9,621
,,,Mar 10 – Mar 16,577
,,,Mar 17 – Mar 23,578
,,,Mar 24 – Mar 30,636
,,,Mar 31 – Apr 6,601
,,,Apr 7 – Apr 13,546
,,,Apr 14 – Apr 20,567
,,,Apr 21 – Apr 27,555
,,,Apr 28 – May 4,506
,,,May 5 – May 11,557
,,,May 12 – May 18,469
,,,May 19 – May 25,505
,,,May 26 – Jun 1,503
,,,Jun 2 – Jun 8,468
,,,Jun 9 – Jun 15,440
,,,Jun 16 – Jun 22,432
,,,Jun 23 – Jun 29,445
,,,Jun 30 – Jul 6,424
,,,Jul 7 – Jul 13,421
,,,Jul 14 – Jul 20,430
,,,Jul 21 – Jul 27,538
,,,Jul 28 – Aug 3,589
,,,Aug 4 – Aug 10,578
,,,Aug 11 – Aug 17,555
,,,Aug 18 – Aug 24,584
,,,Aug 25 – Aug 31,632
,,,Sep 1 – Sep 7,685
,,,Sep 8 – Sep 14,650
,,,Sep 15 – Sep 21,623
,,,Sep 22 – Sep 28,664
,,,Sep 29 – Oct 5,622
,,,Oct 6 – Oct 12,673
,,,Oct 13 – Oct 19,655
,,,Oct 20 – Oct 26,707
,,,Oct 27 – Nov 2,691
,,,Nov 3 – Nov 9,740
,,,Nov 10 – Nov 16,728
,,,Nov 17 – Nov 23,732
,,,Nov 24 – Nov 30,768
,,,Dec 1 – Dec 7,843
,,,Dec 8 – Dec 14,793
,,,Dec 15 – Dec 21,876
,,,Dec 22 – Dec 28,1044
,≥ 1 and < 5 Years,2023 – 2024,Dec 31 – Jan 6,1731
,,2024,Jan 7 – Jan 13,1348
,,,Jan 14 – Jan 20,1113
,,,Jan 21 – Jan 27,1167
,,,Jan 28 – Feb 3,1290
,,,Feb 4 – Feb 10,1462
,,,Feb 11 – Feb 17,1535
,,,Feb 18 – Feb 24,1469
,,,Feb 25 – Mar 2,1558
,,,Mar 3 – Mar 9,1563
,,,Mar 10 – Mar 16,1489
,,,Mar 17 – Mar 23,1516
,,,Mar 24 – Mar 30,1549
,,,Mar 31 – Apr 6,1504
,,,Apr 7 – Apr 13,1488
,,,Apr 14 – Apr 20,1355
,,,Apr 21 – Apr 27,1432
,,,Apr 28 – May 4,1411
,,,May 5 – May 11,1401
,,,May 12 – May 18,1384
,,,May 19 – May 25,1311
,,,May 26 – Jun 1,1258
,,,Jun 2 – Jun 8,1269
,,,Jun 9 – Jun 15,1198
,,,Jun 16 – Jun 22,1168
,,,Jun 23 – Jun 29,1106
,,,Jun 30 – Jul 6,1163
,,,Jul 7 – Jul 13,1098
,,,Jul 14 – Jul 20,1129
,,,Jul 21 – Jul 27,1413
,,,Jul 28 – Aug 3,1441
,,,Aug 4 – Aug 10,1368
,,,Aug 11 – Aug 17,1400
,,,Aug 18 – Aug 24,1331
,,,Aug 25 – Aug 31,1422
,,,Sep 1 – Sep 7,1522
,,,Sep 8 – Sep 14,1548
,,,Sep 15 – Sep 21,1639
,,,Sep 22 – Sep 28,1553
,,,Sep 29 – Oct 5,1534
,,,Oct 6 – Oct 12,1684
,,,Oct 13 – Oct 19,1680
,,,Oct 20 – Oct 26,1824
,,,Oct 27 – Nov 2,1840
,,,Nov 3 – Nov 9,1728
,,,Nov 10 – Nov 16,1823
,,,Nov 17 – Nov 23,1865
,,,Nov 24 – Nov 30,1916
,,,Dec 1 – Dec 7,1800
,,,Dec 8 – Dec 14,1943
,,,Dec 15 – Dec 21,2128
,,,Dec 22 – Dec 28,2404
,≥ 5 and < 18 Years,2023 – 2024,Dec 31 – Jan 6,2383
,,2024,Jan 7 – Jan 13,2499
,,,Jan 14 – Jan 20,2138
,,,Jan 21 – Jan 27,2505
,,,Jan 28 – Feb 3,3071
,,,Feb 4 – Feb 10,3504
,,,Feb 11 – Feb 17,3460
,,,Feb 18 – Feb 24,3378
,,,Feb 25 – Mar 2,3467
,,,Mar 3 – Mar 9,3656
,,,Mar 10 – Mar 16,3522
,,,Mar 17 – Mar 23,3235
,,,Mar 24 – Mar 30,2758
,,,Mar 31 – Apr 6,2760
,,,Apr 7 – Apr 13,3123
,,,Apr 14 – Apr 20,3450
,,,Apr 21 – Apr 27,3499
,,,Apr 28 – May 4,3608
,,,May 5 – May 11,3418
,,,May 12 – May 18,3494
,,,May 19 – May 25,3372
,,,May 26 – Jun 1,3064
,,,Jun 2 – Jun 8,2903
,,,Jun 9 – Jun 15,2642
,,,Jun 16 – Jun 22,2554
,,,Jun 23 – Jun 29,2619
,,,Jun 30 – Jul 6,2495
,,,Jul 7 – Jul 13,2535
,,,Jul 14 – Jul 20,2532
,,,Jul 21 – Jul 27,3063
,,,Jul 28 – Aug 3,3059
,,,Aug 4 – Aug 10,3083
,,,Aug 11 – Aug 17,3167
,,,Aug 18 – Aug 24,3273
,,,Aug 25 – Aug 31,3504
,,,Sep 1 – Sep 7,3991
,,,Sep 8 – Sep 14,4478
,,,Sep 15 – Sep 21,4523
,,,Sep 22 – Sep 28,4274
,,,Sep 29 – Oct 5,4446
,,,Oct 6 – Oct 12,4384
,,,Oct 13 – Oct 19,4228
,,,Oct 20 – Oct 26,4565
,,,Oct 27 – Nov 2,4272
,,,Nov 3 – Nov 9,4170
,,,Nov 10 – Nov 16,4080
,,,Nov 17 – Nov 23,4305
,,,Nov 24 – Nov 30,3625
,,,Dec 1 – Dec 7,3757
,,,Dec 8 – Dec 14,4058
,,,Dec 15 – Dec 21,4052
,,,Dec 22 – Dec 28,3500
,≥ 18 and < 50 Years,2023 – 2024,Dec 31 – Jan 6,13488
,,2024,Jan 7 – Jan 13,12252
,,,Jan 14 – Jan 20,11785
,,,Jan 21 – Jan 27,12680
,,,Jan 28 – Feb 3,12766
,,,Feb 4 – Feb 10,12796
,,,Feb 11 – Feb 17,12831
,,,Feb 18 – Feb 24,13034
,,,Feb 25 – Mar 2,13134
,,,Mar 3 – Mar 9,13089
,,,Mar 10 – Mar 16,13333
,,,Mar 17 – Mar 23,13254
,,,Mar 24 – Mar 30,12733
,,,Mar 31 – Apr 6,13152
,,,Apr 7 – Apr 13,13105
,,,Apr 14 – Apr 20,13138
,,,Apr 21 – Apr 27,12853
,,,Apr 28 – May 4,13080
,,,May 5 – May 11,13194
,,,May 12 – May 18,13166
,,,May 19 – May 25,13254
,,,May 26 – Jun 1,13194
,,,Jun 2 – Jun 8,13057
,,,Jun 9 – Jun 15,12956
,,,Jun 16 – Jun 22,13525
,,,Jun 23 – Jun 29,13739
,,,Jun 30 – Jul 6,12874
,,,Jul 7 – Jul 13,13794
,,,Jul 14 – Jul 20,13604
,,,Jul 21 – Jul 27,17601
,,,Jul 28 – Aug 3,18412
,,,Aug 4 – Aug 10,17973
,,,Aug 11 – Aug 17,17895
,,,Aug 18 – Aug 24,17464
,,,Aug 25 – Aug 31,17996
,,,Sep 1 – Sep 7,17873
,,,Sep 8 – Sep 14,17903
,,,Sep 15 – Sep 21,18143
,,,Sep 22 – Sep 28,17749
,,,Sep 29 – Oct 5,17477
,,,Oct 6 – Oct 12,17092
,,,Oct 13 – Oct 19,16882
,,,Oct 20 – Oct 26,17504
,,,Oct 27 – Nov 2,17360
,,,Nov 3 – Nov 9,17698
,,,Nov 10 – Nov 16,17221
,,,Nov 17 – Nov 23,17780
,,,Nov 24 – Nov 30,16212
,,,Dec 1 – Dec 7,17336
,,,Dec 8 – Dec 14,17138
,,,Dec 15 – Dec 21,17664
,,,Dec 22 – Dec 28,17218
,≥ 50 and < 65 Years,2023 – 2024,Dec 31 – Jan 6,6303
,,2024,Jan 7 – Jan 13,5791
,,,Jan 14 – Jan 20,5505
,,,Jan 21 – Jan 27,5977
,,,Jan 28 – Feb 3,5895
,,,Feb 4 – Feb 10,6058
,,,Feb 11 – Feb 17,5935
,,,Feb 18 – Feb 24,6051
,,,Feb 25 – Mar 2,6162
,,,Mar 3 – Mar 9,6352
,,,Mar 10 – Mar 16,6070
,,,Mar 17 – Mar 23,5836
,,,Mar 24 – Mar 30,5934
,,,Mar 31 – Apr 6,6117
,,,Apr 7 – Apr 13,6287
,,,Apr 14 – Apr 20,5994
,,,Apr 21 – Apr 27,5931
,,,Apr 28 – May 4,6116
,,,May 5 – May 11,6016
,,,May 12 – May 18,6207
,,,May 19 – May 25,6340
,,,May 26 – Jun 1,6220
,,,Jun 2 – Jun 8,6178
,,,Jun 9 – Jun 15,6220
,,,Jun 16 – Jun 22,6163
,,,Jun 23 – Jun 29,6229
,,,Jun 30 – Jul 6,6103
,,,Jul 7 – Jul 13,6585
,,,Jul 14 – Jul 20,6235
,,,Jul 21 – Jul 27,8247
,,,Jul 28 – Aug 3,8419
,,,Aug 4 – Aug 10,8464
,,,Aug 11 – Aug 17,8319
,,,Aug 18 – Aug 24,8184
,,,Aug 25 – Aug 31,8351
,,,Sep 1 – Sep 7,8075
,,,Sep 8 – Sep 14,8219
,,,Sep 15 – Sep 21,8236
,,,Sep 22 – Sep 28,8158
,,,Sep 29 – Oct 5,7654
,,,Oct 6 – Oct 12,7957
,,,Oct 13 – Oct 19,7627
,,,Oct 20 – Oct 26,8007
,,,Oct 27 – Nov 2,7910
,,,Nov 3 – Nov 9,7925
,,,Nov 10 – Nov 16,8007
,,,Nov 17 – Nov 23,8043
,,,Nov 24 – Nov 30,7449
,,,Dec 1 – Dec 7,7725
,,,Dec 8 – Dec 14,7808
,,,Dec 15 – Dec 21,8031
,,,Dec 22 – Dec 28,8404
,65 Years or more,2023 – 2024,Dec 31 – Jan 6,9380
,,2024,Jan 7 – Jan 13,8523
,,,Jan 14 – Jan 20,8024
,,,Jan 21 – Jan 27,8437
,,,Jan 28 – Feb 3,8581
,,,Feb 4 – Feb 10,8751
,,,Feb 11 – Feb 17,8796
,,,Feb 18 – Feb 24,9236
,,,Feb 25 – Mar 2,8988
,,,Mar 3 – Mar 9,9017
,,,Mar 10 – Mar 16,8956
,,,Mar 17 – Mar 23,8663
,,,Mar 24 – Mar 30,8977
,,,Mar 31 – Apr 6,8876
,,,Apr 7 – Apr 13,9085
,,,Apr 14 – Apr 20,9019
,,,Apr 21 – Apr 27,8959
,,,Apr 28 – May 4,9054
,,,May 5 – May 11,8968
,,,May 12 – May 18,9328
,,,May 19 – May 25,9592
,,,May 26 – Jun 1,9278
,,,Jun 2 – Jun 8,9260
,,,Jun 9 – Jun 15,9345
,,,Jun 16 – Jun 22,9251
,,,Jun 23 – Jun 29,9134
,,,Jun 30 – Jul 6,9219
,,,Jul 7 – Jul 13,9512
,,,Jul 14 – Jul 20,9276
,,,Jul 21 – Jul 27,12229
,,,Jul 28 – Aug 3,12099
,,,Aug 4 – Aug 10,12078
,,,Aug 11 – Aug 17,12292
,,,Aug 18 – Aug 24,12197
,,,Aug 25 – Aug 31,12547
,,,Sep 1 – Sep 7,11872
,,,Sep 8 – Sep 14,12316
,,,Sep 15 – Sep 21,12411
,,,Sep 22 – Sep 28,12139
,,,Sep 29 – Oct 5,11864
,,,Oct 6 – Oct 12,12083
,,,Oct 13 – Oct 19,11582
,,,Oct 20 – Oct 26,12085
,,,Oct 27 – Nov 2,11642
,,,Nov 3 – Nov 9,11604
,,,Nov 10 – Nov 16,11715
,,,Nov 17 – Nov 23,11811
,,,Nov 24 – Nov 30,11604
,,,Dec 1 – Dec 7,11782
,,,Dec 8 – Dec 14,11981
,,,Dec 15 – Dec 21,12236
,,,Dec 22 – Dec 28,12879
,No value,2023 – 2024,Dec 31 – Jan 6,10 or fewer
,,2024,Jan 7 – Jan 13,10 or fewer
,,,Jan 14 – Jan 20,10 or fewer
,,,Jan 21 – Jan 27,10 or fewer
,,,Jan 28 – Feb 3,10 or fewer
,,,Feb 4 – Feb 10,10 or fewer
,,,Feb 11 – Feb 17,10 or fewer
,,,Feb 18 – Feb 24,10 or fewer
,,,Feb 25 – Mar 2,10 or fewer
,,,Mar 3 – Mar 9,10 or fewer
,,,Mar 10 – Mar 16,10 or fewer
,,,Mar 17 – Mar 23,10 or fewer
,,,Mar 24 – Mar 30,10 or fewer
,,,Mar 31 – Apr 6,10 or fewer
,,,Apr 7 – Apr 13,10 or fewer
,,,Apr 14 – Apr 20,10 or fewer
,,,Apr 21 – Apr 27,10 or fewer
,,,Apr 28 – May 4,10 or fewer
,,,May 5 – May 11,10 or fewer
,,,May 12 – May 18,10 or fewer
,,,May 19 – May 25,10 or fewer
,,,May 26 – Jun 1,10 or fewer
,,,Jun 2 – Jun 8,10 or fewer
,,,Jun 9 – Jun 15,10 or fewer
,,,Jun 16 – Jun 22,10 or fewer
,,,Jun 23 – Jun 29,10 or fewer
,,,Jun 30 – Jul 6,10 or fewer
,,,Jul 7 – Jul 13,10 or fewer
,,,Jul 14 – Jul 20,10 or fewer
,,,Jul 21 – Jul 27,10 or fewer
,,,Jul 28 – Aug 3,10 or fewer
,,,Aug 4 – Aug 10,10 or fewer
,,,Aug 11 – Aug 17,10 or fewer
,,,Aug 18 – Aug 24,10 or fewer
,,,Aug 25 – Aug 31,10 or fewer
,,,Sep 1 – Sep 7,10 or fewer
,,,Sep 8 – Sep 14,10 or fewer
,,,Sep 15 – Sep 21,10 or fewer
,,,Sep 22 – Sep 28,10 or fewer
,,,Sep 29 – Oct 5,10 or fewer
,,,Oct 6 – Oct 12,10 or fewer
,,,Oct 13 – Oct 19,10 or fewer
,,,Oct 20 – Oct 26,10 or fewer
,,,Oct 27 – Nov 2,10 or fewer
,,,Nov 3 – Nov 9,10 or fewer
,,,Nov 10 – Nov 16,10 or fewer
,,,Nov 17 – Nov 23,10 or fewer
,,,Nov 24 – Nov 30,10 or fewer
,,,Dec 1 – Dec 7,10 or fewer
,,,Dec 8 – Dec 14,10 or fewer
,,,Dec 15 – Dec 21,10 or fewer
,,,Dec 22 – Dec 28,10 or fewer
,Total,2023 – 2024,Dec 31 – Jan 6,34248
,,2024,Jan 7 – Jan 13,31081
,,,Jan 14 – Jan 20,29066
,,,Jan 21 – Jan 27,31247
,,,Jan 28 – Feb 3,32124
,,,Feb 4 – Feb 10,33193
,,,Feb 11 – Feb 17,33140
,,,Feb 18 – Feb 24,33814
,,,Feb 25 – Mar 2,33897
,,,Mar 3 – Mar 9,34298
,,,Mar 10 – Mar 16,33947
,,,Mar 17 – Mar 23,33082
,,,Mar 24 – Mar 30,32587
,,,Mar 31 – Apr 6,33010
,,,Apr 7 – Apr 13,33634
,,,Apr 14 – Apr 20,33523
,,,Apr 21 – Apr 27,33229
,,,Apr 28 – May 4,33775
,,,May 5 – May 11,33554
,,,May 12 – May 18,34048
,,,May 19 – May 25,34374
,,,May 26 – Jun 1,33517
,,,Jun 2 – Jun 8,33135
,,,Jun 9 – Jun 15,32801
,,,Jun 16 – Jun 22,33093
,,,Jun 23 – Jun 29,33272
,,,Jun 30 – Jul 6,32278
,,,Jul 7 – Jul 13,33945
,,,Jul 14 – Jul 20,33209
,,,Jul 21 – Jul 27,43091
,,,Jul 28 – Aug 3,44019
,,,Aug 4 – Aug 10,43545
,,,Aug 11 – Aug 17,43628
,,,Aug 18 – Aug 24,43033
,,,Aug 25 – Aug 31,44452
,,,Sep 1 – Sep 7,44018
,,,Sep 8 – Sep 14,45114
,,,Sep 15 – Sep 21,45575
,,,Sep 22 – Sep 28,44537
,,,Sep 29 – Oct 5,43597
,,,Oct 6 – Oct 12,43873
,,,Oct 13 – Oct 19,42654
,,,Oct 20 – Oct 26,44692
,,,Oct 27 – Nov 2,43715
,,,Nov 3 – Nov 9,43865
,,,Nov 10 – Nov 16,43574
,,,Nov 17 – Nov 23,44536
,,,Nov 24 – Nov 30,41574
,,,Dec 1 – Dec 7,43243
,,,Dec 8 – Dec 14,43721
,,,Dec 15 – Dec 21,44987
,,,Dec 22 – Dec 28,45449
Georgia,Less than 1 Years,2023 – 2024,Dec 31 – Jan 6,1292
,,2024,Jan 7 – Jan 13,1053
,,,Jan 14 – Jan 20,1019
,,,Jan 21 – Jan 27,1109
,,,Jan 28 – Feb 3,1149
,,,Feb 4 – Feb 10,1086
,,,Feb 11 – Feb 17,1021
,,,Feb 18 – Feb 24,1082
,,,Feb 25 – Mar 2,1037
,,,Mar 3 – Mar 9,970
,,,Mar 10 – Mar 16,994
,,,Mar 17 – Mar 23,1086
,,,Mar 24 – Mar 30,1064
,,,Mar 31 – Apr 6,996
,,,Apr 7 – Apr 13,1059
,,,Apr 14 – Apr 20,931
,,,Apr 21 – Apr 27,915
,,,Apr 28 – May 4,965
,,,May 5 – May 11,961
,,,May 12 – May 18,912
,,,May 19 – May 25,893
,,,May 26 – Jun 1,952
,,,Jun 2 – Jun 8,891
,,,Jun 9 – Jun 15,833
,,,Jun 16 – Jun 22,789
,,,Jun 23 – Jun 29,859
,,,Jun 30 – Jul 6,800
,,,Jul 7 – Jul 13,879
,,,Jul 14 – Jul 20,879
,,,Jul 21 – Jul 27,975
,,,Jul 28 – Aug 3,856
,,,Aug 4 – Aug 10,963
,,,Aug 11 – Aug 17,1079
,,,Aug 18 – Aug 24,1120
,,,Aug 25 – Aug 31,1020
,,,Sep 1 – Sep 7,1035
,,,Sep 8 – Sep 14,933
,,,Sep 15 – Sep 21,985
,,,Sep 22 – Sep 28,959
,,,Sep 29 – Oct 5,1085
,,,Oct 6 – Oct 12,1022
,,,Oct 13 – Oct 19,980
,,,Oct 20 – Oct 26,1171
,,,Oct 27 – Nov 2,1164
,,,Nov 3 – Nov 9,1298
,,,Nov 10 – Nov 16,1418
,,,Nov 17 – Nov 23,1482
,,,Nov 24 – Nov 30,1502
,,,Dec 1 – Dec 7,1566
,,,Dec 8 – Dec 14,1408
,,,Dec 15 – Dec 21,1543
,,,Dec 22 – Dec 28,1575
,≥ 1 and < 5 Years,2023 – 2024,Dec 31 – Jan 6,2812
,,2024,Jan 7 – Jan 13,2441
,,,Jan 14 – Jan 20,2516
,,,Jan 21 – Jan 27,2697
,,,Jan 28 – Feb 3,2687
,,,Feb 4 – Feb 10,2686
,,,Feb 11 – Feb 17,2610
,,,Feb 18 – Feb 24,2687
,,,Feb 25 – Mar 2,2467
,,,Mar 3 – Mar 9,2477
,,,Mar 10 – Mar 16,2495
,,,Mar 17 – Mar 23,2335
,,,Mar 24 – Mar 30,2424
,,,Mar 31 – Apr 6,2485
,,,Apr 7 – Apr 13,2192
,,,Apr 14 – Apr 20,2188
,,,Apr 21 – Apr 27,2198
,,,Apr 28 – May 4,2309
,,,May 5 – May 11,2157
,,,May 12 – May 18,2264
,,,May 19 – May 25,2213
,,,May 26 – Jun 1,2153
,,,Jun 2 – Jun 8,2065
,,,Jun 9 – Jun 15,1920
,,,Jun 16 – Jun 22,1874
,,,Jun 23 – Jun 29,1892
,,,Jun 30 – Jul 6,1830
,,,Jul 7 – Jul 13,1865
,,,Jul 14 – Jul 20,1823
,,,Jul 21 – Jul 27,1810
,,,Jul 28 – Aug 3,1792
,,,Aug 4 – Aug 10,2007
,,,Aug 11 – Aug 17,2348
,,,Aug 18 – Aug 24,2437
,,,Aug 25 – Aug 31,2274
,,,Sep 1 – Sep 7,2414
,,,Sep 8 – Sep 14,2119
,,,Sep 15 – Sep 21,2435
,,,Sep 22 – Sep 28,2283
,,,Sep 29 – Oct 5,2437
,,,Oct 6 – Oct 12,2459
,,,Oct 13 – Oct 19,2395
,,,Oct 20 – Oct 26,2638
,,,Oct 27 – Nov 2,2873
,,,Nov 3 – Nov 9,3104
,,,Nov 10 – Nov 16,3197
,,,Nov 17 – Nov 23,3232
,,,Nov 24 – Nov 30,3280
,,,Dec 1 – Dec 7,2882
,,,Dec 8 – Dec 14,2936
,,,Dec 15 – Dec 21,3392
,,,Dec 22 – Dec 28,3608
,≥ 5 and < 18 Years,2023 – 2024,Dec 31 – Jan 6,3753
,,2024,Jan 7 – Jan 13,4192
,,,Jan 14 – Jan 20,4191
,,,Jan 21 – Jan 27,5409
,,,Jan 28 – Feb 3,5535
,,,Feb 4 – Feb 10,5963
,,,Feb 11 – Feb 17,5241
,,,Feb 18 – Feb 24,4578
,,,Feb 25 – Mar 2,4763
,,,Mar 3 – Mar 9,4763
,,,Mar 10 – Mar 16,4933
,,,Mar 17 – Mar 23,4951
,,,Mar 24 – Mar 30,4889
,,,Mar 31 – Apr 6,3672
,,,Apr 7 – Apr 13,4420
,,,Apr 14 – Apr 20,4689
,,,Apr 21 – Apr 27,4698
,,,Apr 28 – May 4,4741
,,,May 5 – May 11,4694
,,,May 12 – May 18,4429
,,,May 19 – May 25,4016
,,,May 26 – Jun 1,3580
,,,Jun 2 – Jun 8,3587
,,,Jun 9 – Jun 15,3374
,,,Jun 16 – Jun 22,3495
,,,Jun 23 – Jun 29,3453
,,,Jun 30 – Jul 6,3400
,,,Jul 7 – Jul 13,3523
,,,Jul 14 – Jul 20,3374
,,,Jul 21 – Jul 27,3277
,,,Jul 28 – Aug 3,3319
,,,Aug 4 – Aug 10,4141
,,,Aug 11 – Aug 17,5054
,,,Aug 18 – Aug 24,5470
,,,Aug 25 – Aug 31,5008
,,,Sep 1 – Sep 7,4876
,,,Sep 8 – Sep 14,4964
,,,Sep 15 – Sep 21,5149
,,,Sep 22 – Sep 28,4383
,,,Sep 29 – Oct 5,5236
,,,Oct 6 – Oct 12,4984
,,,Oct 13 – Oct 19,4443
,,,Oct 20 – Oct 26,5526
,,,Oct 27 – Nov 2,5591
,,,Nov 3 – Nov 9,5696
,,,Nov 10 – Nov 16,5694
,,,Nov 17 – Nov 23,5621
,,,Nov 24 – Nov 30,4117
,,,Dec 1 – Dec 7,4790
,,,Dec 8 – Dec 14,5416
,,,Dec 15 – Dec 21,5542
,,,Dec 22 – Dec 28,4760
,≥ 18 and < 50 Years,2023 – 2024,Dec 31 – Jan 6,13510
,,2024,Jan 7 – Jan 13,13020
,,,Jan 14 – Jan 20,12611
,,,Jan 21 – Jan 27,13545
,,,Jan 28 – Feb 3,13262
,,,Feb 4 – Feb 10,13233
,,,Feb 11 – Feb 17,13225
,,,Feb 18 – Feb 24,12788
,,,Feb 25 – Mar 2,13316
,,,Mar 3 – Mar 9,12988
,,,Mar 10 – Mar 16,12860
,,,Mar 17 – Mar 23,12852
,,,Mar 24 – Mar 30,12782
,,,Mar 31 – Apr 6,13087
,,,Apr 7 – Apr 13,13095
,,,Apr 14 – Apr 20,13215
,,,Apr 21 – Apr 27,13100
,,,Apr 28 – May 4,13566
,,,May 5 – May 11,13321
,,,May 12 – May 18,13361
,,,May 19 – May 25,13534
,,,May 26 – Jun 1,13585
,,,Jun 2 – Jun 8,13550
,,,Jun 9 – Jun 15,13816
,,,Jun 16 – Jun 22,13310
,,,Jun 23 – Jun 29,13726
,,,Jun 30 – Jul 6,13533
,,,Jul 7 – Jul 13,13992
,,,Jul 14 – Jul 20,13562
,,,Jul 21 – Jul 27,13885
,,,Jul 28 – Aug 3,13846
,,,Aug 4 – Aug 10,13959
,,,Aug 11 – Aug 17,14231
,,,Aug 18 – Aug 24,14189
,,,Aug 25 – Aug 31,14102
,,,Sep 1 – Sep 7,13896
,,,Sep 8 – Sep 14,13835
,,,Sep 15 – Sep 21,13869
,,,Sep 22 – Sep 28,13279
,,,Sep 29 – Oct 5,13954
,,,Oct 6 – Oct 12,13507
,,,Oct 13 – Oct 19,13246
,,,Oct 20 – Oct 26,13888
,,,Oct 27 – Nov 2,13562
,,,Nov 3 – Nov 9,14308
,,,Nov 10 – Nov 16,13915
,,,Nov 17 – Nov 23,14020
,,,Nov 24 – Nov 30,12907
,,,Dec 1 – Dec 7,13583
,,,Dec 8 – Dec 14,14122
,,,Dec 15 – Dec 21,14002
,,,Dec 22 – Dec 28,13772
,≥ 50 and < 65 Years,2023 – 2024,Dec 31 – Jan 6,5962
,,2024,Jan 7 – Jan 13,5715
,,,Jan 14 – Jan 20,5465
,,,Jan 21 – Jan 27,5942
,,,Jan 28 – Feb 3,5819
,,,Feb 4 – Feb 10,5955
,,,Feb 11 – Feb 17,5812
,,,Feb 18 – Feb 24,5727
,,,Feb 25 – Mar 2,5808
,,,Mar 3 – Mar 9,5802
,,,Mar 10 – Mar 16,5699
,,,Mar 17 – Mar 23,5617
,,,Mar 24 – Mar 30,5531
,,,Mar 31 – Apr 6,5722
,,,Apr 7 – Apr 13,5853
,,,Apr 14 – Apr 20,5868
,,,Apr 21 – Apr 27,5752
,,,Apr 28 – May 4,5776
,,,May 5 – May 11,5863
,,,May 12 – May 18,5746
,,,May 19 – May 25,6024
,,,May 26 – Jun 1,5860
,,,Jun 2 – Jun 8,5891
,,,Jun 9 – Jun 15,6051
,,,Jun 16 – Jun 22,6009
,,,Jun 23 – Jun 29,6004
,,,Jun 30 – Jul 6,5845
,,,Jul 7 – Jul 13,6261
,,,Jul 14 – Jul 20,5925
,,,Jul 21 – Jul 27,6139
,,,Jul 28 – Aug 3,6074
,,,Aug 4 – Aug 10,6293
,,,Aug 11 – Aug 17,6228
,,,Aug 18 – Aug 24,6067
,,,Aug 25 – Aug 31,6026
,,,Sep 1 – Sep 7,5951
,,,Sep 8 – Sep 14,5895
,,,Sep 15 – Sep 21,6012
,,,Sep 22 – Sep 28,5639
,,,Sep 29 – Oct 5,6099
,,,Oct 6 – Oct 12,5968
,,,Oct 13 – Oct 19,5744
,,,Oct 20 – Oct 26,5880
,,,Oct 27 – Nov 2,5863
,,,Nov 3 – Nov 9,6112
,,,Nov 10 – Nov 16,5865
,,,Nov 17 – Nov 23,5888
,,,Nov 24 – Nov 30,5675
,,,Dec 1 – Dec 7,5951
,,,Dec 8 – Dec 14,6052
,,,Dec 15 – Dec 21,6141
,,,Dec 22 – Dec 28,6256
,65 Years or more,2023 – 2024,Dec 31 – Jan 6,7169
,,2024,Jan 7 – Jan 13,6844
,,,Jan 14 – Jan 20,6325
,,,Jan 21 – Jan 27,6772
,,,Jan 28 – Feb 3,6838
,,,Feb 4 – Feb 10,6785
,,,Feb 11 – Feb 17,6845
,,,Feb 18 – Feb 24,6780
,,,Feb 25 – Mar 2,6624
,,,Mar 3 – Mar 9,6840
,,,Mar 10 – Mar 16,6584
,,,Mar 17 – Mar 23,6605
,,,Mar 24 – Mar 30,6528
,,,Mar 31 – Apr 6,6658
,,,Apr 7 – Apr 13,6721
,,,Apr 14 – Apr 20,6903
,,,Apr 21 – Apr 27,6524
,,,Apr 28 – May 4,6629
,,,May 5 – May 11,6694
,,,May 12 – May 18,6783
,,,May 19 – May 25,7016
,,,May 26 – Jun 1,6696
,,,Jun 2 – Jun 8,6809
,,,Jun 9 – Jun 15,6977
,,,Jun 16 – Jun 22,6914
,,,Jun 23 – Jun 29,6781
,,,Jun 30 – Jul 6,6846
,,,Jul 7 – Jul 13,7007
,,,Jul 14 – Jul 20,6892
,,,Jul 21 – Jul 27,6786
,,,Jul 28 – Aug 3,7113
,,,Aug 4 – Aug 10,7242
,,,Aug 11 – Aug 17,7067
,,,Aug 18 – Aug 24,7092
,,,Aug 25 – Aug 31,7168
,,,Sep 1 – Sep 7,6912
,,,Sep 8 – Sep 14,6891
,,,Sep 15 – Sep 21,6875
,,,Sep 22 – Sep 28,6624
,,,Sep 29 – Oct 5,7157
,,,Oct 6 – Oct 12,6798
,,,Oct 13 – Oct 19,6874
,,,Oct 20 – Oct 26,6916
,,,Oct 27 – Nov 2,6740
,,,Nov 3 – Nov 9,6817
,,,Nov 10 – Nov 16,6977
,,,Nov 17 – Nov 23,7075
,,,Nov 24 – Nov 30,6945
,,,Dec 1 – Dec 7,7258
,,,Dec 8 – Dec 14,7352
,,,Dec 15 – Dec 21,7516
,,,Dec 22 – Dec 28,7680
,No value,2023 – 2024,Dec 31 – Jan 6,10 or fewer
,,2024,Jan 7 – Jan 13,10 or fewer
,,,Jan 14 – Jan 20,10 or fewer
,,,Jan 21 – Jan 27,10 or fewer
,,,Jan 28 – Feb 3,10 or fewer
,,,Feb 4 – Feb 10,10 or fewer
,,,Feb 11 – Feb 17,10 or fewer
,,,Feb 18 – Feb 24,10 or fewer
,,,Feb 25 – Mar 2,10 or fewer
,,,Mar 3 – Mar 9,10 or fewer
,,,Mar 10 – Mar 16,10 or fewer
,,,Mar 17 – Mar 23,10 or fewer
,,,Mar 24 – Mar 30,10 or fewer
,,,Mar 31 – Apr 6,10 or fewer
,,,Apr 7 – Apr 13,10 or fewer
,,,Apr 14 – Apr 20,10 or fewer
,,,Apr 21 – Apr 27,10 or fewer
,,,Apr 28 – May 4,10 or fewer
,,,May 5 – May 11,10 or fewer
,,,May 12 – May 18,10 or fewer
,,,May 19 – May 25,10 or fewer
,,,May 26 – Jun 1,10 or fewer
,,,Jun 2 – Jun 8,10 or fewer
,,,Jun 9 – Jun 15,10 or fewer
,,,Jun 16 – Jun 22,10 or fewer
,,,Jun 23 – Jun 29,10 or fewer
,,,Jun 30 – Jul 6,10 or fewer
,,,Jul 7 – Jul 13,10 or fewer
,,,Jul 14 – Jul 20,10 or fewer
,,,Jul 21 – Jul 27,10 or fewer
,,,Jul 28 – Aug 3,10 or fewer
,,,Aug 4 – Aug 10,10 or fewer
,,,Aug 11 – Aug 17,10 or fewer
,,,Aug 18 – Aug 24,10 or fewer
,,,Aug 25 – Aug 31,10 or fewer
,,,Sep 1 – Sep 7,10 or fewer
,,,Sep 8 – Sep 14,10 or fewer
,,,Sep 15 – Sep 21,10 or fewer
,,,Sep 22 – Sep 28,10 or fewer
,,,Sep 29 – Oct 5,10 or fewer
,,,Oct 6 – Oct 12,10 or fewer
,,,Oct 13 – Oct 19,10 or fewer
,,,Oct 20 – Oct 26,10 or fewer
,,,Oct 27 – Nov 2,10 or fewer
,,,Nov 3 – Nov 9,10 or fewer
,,,Nov 10 – Nov 16,10 or fewer
,,,Nov 17 – Nov 23,10 or fewer
,,,Nov 24 – Nov 30,10 or fewer
,,,Dec 1 – Dec 7,10 or fewer
,,,Dec 8 – Dec 14,10 or fewer
,,,Dec 15 – Dec 21,10 or fewer
,,,Dec 22 – Dec 28,10 or fewer
,Total,2023 – 2024,Dec 31 – Jan 6,34498
,,2024,Jan 7 – Jan 13,33265
,,,Jan 14 – Jan 20,32127
,,,Jan 21 – Jan 27,35474
,,,Jan 28 – Feb 3,35290
,,,Feb 4 – Feb 10,35708
,,,Feb 11 – Feb 17,34754
,,,Feb 18 – Feb 24,33642
,,,Feb 25 – Mar 2,34015
,,,Mar 3 – Mar 9,33840
,,,Mar 10 – Mar 16,33565
,,,Mar 17 – Mar 23,33446
,,,Mar 24 – Mar 30,33218
,,,Mar 31 – Apr 6,32620
,,,Apr 7 – Apr 13,33340
,,,Apr 14 – Apr 20,33794
,,,Apr 21 – Apr 27,33187
,,,Apr 28 – May 4,33986
,,,May 5 – May 11,33690
,,,May 12 – May 18,33496
,,,May 19 – May 25,33696
,,,May 26 – Jun 1,32826
,,,Jun 2 – Jun 8,32793
,,,Jun 9 – Jun 15,32972
,,,Jun 16 – Jun 22,32391
,,,Jun 23 – Jun 29,32715
,,,Jun 30 – Jul 6,32254
,,,Jul 7 – Jul 13,33527
,,,Jul 14 – Jul 20,32455
,,,Jul 21 – Jul 27,32872
,,,Jul 28 – Aug 3,33000
,,,Aug 4 – Aug 10,34606
,,,Aug 11 – Aug 17,36007
,,,Aug 18 – Aug 24,36376
,,,Aug 25 – Aug 31,35598
,,,Sep 1 – Sep 7,35084
,,,Sep 8 – Sep 14,34637
,,,Sep 15 – Sep 21,35325
,,,Sep 22 – Sep 28,33167
,,,Sep 29 – Oct 5,35968
,,,Oct 6 – Oct 12,34738
,,,Oct 13 – Oct 19,33682
,,,Oct 20 – Oct 26,36019
,,,Oct 27 – Nov 2,35793
,,,Nov 3 – Nov 9,37335
,,,Nov 10 – Nov 16,37066
,,,Nov 17 – Nov 23,37318
,,,Nov 24 – Nov 30,34426
,,,Dec 1 – Dec 7,36030
,,,Dec 8 – Dec 14,37286
,,,Dec 15 – Dec 21,38136
,,,Dec 22 – Dec 28,37651
South Carolina,Less than 1 Years,2023 – 2024,Dec 31 – Jan 6,713
,,2024,Jan 7 – Jan 13,579
,,,Jan 14 – Jan 20,511
,,,Jan 21 – Jan 27,578
,,,Jan 28 – Feb 3,622
,,,Feb 4 – Feb 10,642
,,,Feb 11 – Feb 17,642
,,,Feb 18 – Feb 24,595
,,,Feb 25 – Mar 2,569
,,,Mar 3 – Mar 9,594
,,,Mar 10 – Mar 16,601
,,,Mar 17 – Mar 23,552
,,,Mar 24 – Mar 30,578
,,,Mar 31 – Apr 6,598
,,,Apr 7 – Apr 13,557
,,,Apr 14 – Apr 20,528
,,,Apr 21 – Apr 27,506
,,,Apr 28 – May 4,519
,,,May 5 – May 11,500
,,,May 12 – May 18,497
,,,May 19 – May 25,481
,,,May 26 – Jun 1,536
,,,Jun 2 – Jun 8,502
,,,Jun 9 – Jun 15,458
,,,Jun 16 – Jun 22,470
,,,Jun 23 – Jun 29,465
,,,Jun 30 – Jul 6,487
,,,Jul 7 – Jul 13,492
,,,Jul 14 – Jul 20,460
,,,Jul 21 – Jul 27,480
,,,Jul 28 – Aug 3,577
,,,Aug 4 – Aug 10,531
,,,Aug 11 – Aug 17,547
,,,Aug 18 – Aug 24,618
,,,Aug 25 – Aug 31,655
,,,Sep 1 – Sep 7,647
,,,Sep 8 – Sep 14,546
,,,Sep 15 – Sep 21,540
,,,Sep 22 – Sep 28,541
,,,Sep 29 – Oct 5,592
,,,Oct 6 – Oct 12,548
,,,Oct 13 – Oct 19,531
,,,Oct 20 – Oct 26,595
,,,Oct 27 – Nov 2,587
,,,Nov 3 – Nov 9,667
,,,Nov 10 – Nov 16,655
,,,Nov 17 – Nov 23,660
,,,Nov 24 – Nov 30,861
,,,Dec 1 – Dec 7,816
,,,Dec 8 – Dec 14,813
,,,Dec 15 – Dec 21,815
,,,Dec 22 – Dec 28,978
,≥ 1 and < 5 Years,2023 – 2024,Dec 31 – Jan 6,1666
,,2024,Jan 7 – Jan 13,1313
,,,Jan 14 – Jan 20,1313
,,,Jan 21 – Jan 27,1394
,,,Jan 28 – Feb 3,1443
,,,Feb 4 – Feb 10,1528
,,,Feb 11 – Feb 17,1613
,,,Feb 18 – Feb 24,1496
,,,Feb 25 – Mar 2,1584
,,,Mar 3 – Mar 9,1589
,,,Mar 10 – Mar 16,1547
,,,Mar 17 – Mar 23,1654
,,,Mar 24 – Mar 30,1567
,,,Mar 31 – Apr 6,1511
,,,Apr 7 – Apr 13,1448
,,,Apr 14 – Apr 20,1379
,,,Apr 21 – Apr 27,1291
,,,Apr 28 – May 4,1373
,,,May 5 – May 11,1351
,,,May 12 – May 18,1363
,,,May 19 – May 25,1340
,,,May 26 – Jun 1,1390
,,,Jun 2 – Jun 8,1215
,,,Jun 9 – Jun 15,1239
,,,Jun 16 – Jun 22,1145
,,,Jun 23 – Jun 29,1127
,,,Jun 30 – Jul 6,1164
,,,Jul 7 – Jul 13,1167
,,,Jul 14 – Jul 20,1176
,,,Jul 21 – Jul 27,1159
,,,Jul 28 – Aug 3,1182
,,,Aug 4 – Aug 10,1132
,,,Aug 11 – Aug 17,1265
,,,Aug 18 – Aug 24,1479
,,,Aug 25 – Aug 31,1457
,,,Sep 1 – Sep 7,1545
,,,Sep 8 – Sep 14,1377
,,,Sep 15 – Sep 21,1402
,,,Sep 22 – Sep 28,1459
,,,Sep 29 – Oct 5,1455
,,,Oct 6 – Oct 12,1309
,,,Oct 13 – Oct 19,1460
,,,Oct 20 – Oct 26,1595
,,,Oct 27 – Nov 2,1629
,,,Nov 3 – Nov 9,1730
,,,Nov 10 – Nov 16,1630
,,,Nov 17 – Nov 23,1802
,,,Nov 24 – Nov 30,1872
,,,Dec 1 – Dec 7,1732
,,,Dec 8 – Dec 14,1892
,,,Dec 15 – Dec 21,2026
,,,Dec 22 – Dec 28,2106
,≥ 5 and < 18 Years,2023 – 2024,Dec 31 – Jan 6,2564
,,2024,Jan 7 – Jan 13,2551
,,,Jan 14 – Jan 20,2853
,,,Jan 21 – Jan 27,3407
,,,Jan 28 – Feb 3,3583
,,,Feb 4 – Feb 10,3806
,,,Feb 11 – Feb 17,3513
,,,Feb 18 – Feb 24,3370
,,,Feb 25 – Mar 2,3433
,,,Mar 3 – Mar 9,3526
,,,Mar 10 – Mar 16,3397
,,,Mar 17 – Mar 23,3398
,,,Mar 24 – Mar 30,3235
,,,Mar 31 – Apr 6,2740
,,,Apr 7 – Apr 13,3183
,,,Apr 14 – Apr 20,3400
,,,Apr 21 – Apr 27,3325
,,,Apr 28 – May 4,3411
,,,May 5 – May 11,3269
,,,May 12 – May 18,3233
,,,May 19 – May 25,2994
,,,May 26 – Jun 1,2775
,,,Jun 2 – Jun 8,2624
,,,Jun 9 – Jun 15,2544
,,,Jun 16 – Jun 22,2530
,,,Jun 23 – Jun 29,2367
,,,Jun 30 – Jul 6,2302
,,,Jul 7 – Jul 13,2463
,,,Jul 14 – Jul 20,2369
,,,Jul 21 – Jul 27,2329
,,,Jul 28 – Aug 3,2386
,,,Aug 4 – Aug 10,2446
,,,Aug 11 – Aug 17,3111
,,,Aug 18 – Aug 24,3748
,,,Aug 25 – Aug 31,3845
,,,Sep 1 – Sep 7,3544
,,,Sep 8 – Sep 14,3576
,,,Sep 15 – Sep 21,3528
,,,Sep 22 – Sep 28,3451
,,,Sep 29 – Oct 5,3354
,,,Oct 6 – Oct 12,3231
,,,Oct 13 – Oct 19,3390
,,,Oct 20 – Oct 26,3842
,,,Oct 27 – Nov 2,3856
,,,Nov 3 – Nov 9,3472
,,,Nov 10 – Nov 16,3614
,,,Nov 17 – Nov 23,3651
,,,Nov 24 – Nov 30,2894
,,,Dec 1 – Dec 7,3352
,,,Dec 8 – Dec 14,3661
,,,Dec 15 – Dec 21,3596
,,,Dec 22 – Dec 28,2839
,≥ 18 and < 50 Years,2023 – 2024,Dec 31 – Jan 6,13855
,,2024,Jan 7 – Jan 13,12459
,,,Jan 14 – Jan 20,12425
,,,Jan 21 – Jan 27,12563
,,,Jan 28 – Feb 3,12844
,,,Feb 4 – Feb 10,12709
,,,Feb 11 – Feb 17,12706
,,,Feb 18 – Feb 24,12718
,,,Feb 25 – Mar 2,12614
,,,Mar 3 – Mar 9,12605
,,,Mar 10 – Mar 16,12449
,,,Mar 17 – Mar 23,12527
,,,Mar 24 – Mar 30,12328
,,,Mar 31 – Apr 6,12637
,,,Apr 7 – Apr 13,12961
,,,Apr 14 – Apr 20,12831
,,,Apr 21 – Apr 27,12699
,,,Apr 28 – May 4,12991
,,,May 5 – May 11,12936
,,,May 12 – May 18,12807
,,,May 19 – May 25,12903
,,,May 26 – Jun 1,12904
,,,Jun 2 – Jun 8,13055
,,,Jun 9 – Jun 15,13123
,,,Jun 16 – Jun 22,13018
,,,Jun 23 – Jun 29,13249
,,,Jun 30 – Jul 6,12877
,,,Jul 7 – Jul 13,13528
,,,Jul 14 – Jul 20,13343
,,,Jul 21 – Jul 27,13382
,,,Jul 28 – Aug 3,13497
,,,Aug 4 – Aug 10,12988
,,,Aug 11 – Aug 17,13926
,,,Aug 18 – Aug 24,13803
,,,Aug 25 – Aug 31,13837
,,,Sep 1 – Sep 7,13957
,,,Sep 8 – Sep 14,13432
,,,Sep 15 – Sep 21,13392
,,,Sep 22 – Sep 28,13077
,,,Sep 29 – Oct 5,13109
,,,Oct 6 – Oct 12,12968
,,,Oct 13 – Oct 19,12878
,,,Oct 20 – Oct 26,13447
,,,Oct 27 – Nov 2,13589
,,,Nov 3 – Nov 9,13807
,,,Nov 10 – Nov 16,13515
,,,Nov 17 – Nov 23,13450
,,,Nov 24 – Nov 30,12370
,,,Dec 1 – Dec 7,13210
,,,Dec 8 – Dec 14,13336
,,,Dec 15 – Dec 21,13309
,,,Dec 22 – Dec 28,13276
,≥ 50 and < 65 Years,2023 – 2024,Dec 31 – Jan 6,6306
,,2024,Jan 7 – Jan 13,5806
,,,Jan 14 – Jan 20,5793
,,,Jan 21 – Jan 27,5929
,,,Jan 28 – Feb 3,5728
,,,Feb 4 – Feb 10,5992
,,,Feb 11 – Feb 17,5975
,,,Feb 18 – Feb 24,5769
,,,Feb 25 – Mar 2,5800
,,,Mar 3 – Mar 9,5894
,,,Mar 10 – Mar 16,5984
,,,Mar 17 – Mar 23,5783
,,,Mar 24 – Mar 30,5703
,,,Mar 31 – Apr 6,5878
,,,Apr 7 – Apr 13,5927
,,,Apr 14 – Apr 20,5942
,,,Apr 21 – Apr 27,5773
,,,Apr 28 – May 4,5887
,,,May 5 – May 11,6005
,,,May 12 – May 18,5971
,,,May 19 – May 25,5953
,,,May 26 – Jun 1,5984
,,,Jun 2 – Jun 8,5937
,,,Jun 9 – Jun 15,6118
,,,Jun 16 – Jun 22,6103
,,,Jun 23 – Jun 29,6170
,,,Jun 30 – Jul 6,5889
,,,Jul 7 – Jul 13,6458
,,,Jul 14 – Jul 20,6112
,,,Jul 21 – Jul 27,6140
,,,Jul 28 – Aug 3,6083
,,,Aug 4 – Aug 10,6148
,,,Aug 11 – Aug 17,6251
,,,Aug 18 – Aug 24,6345
,,,Aug 25 – Aug 31,6242
,,,Sep 1 – Sep 7,6191
,,,Sep 8 – Sep 14,5891
,,,Sep 15 – Sep 21,6043
,,,Sep 22 – Sep 28,6078
,,,Sep 29 – Oct 5,6082
,,,Oct 6 – Oct 12,5857
,,,Oct 13 – Oct 19,5732
,,,Oct 20 – Oct 26,5923
,,,Oct 27 – Nov 2,5744
,,,Nov 3 – Nov 9,6226
,,,Nov 10 – Nov 16,5905
,,,Nov 17 – Nov 23,5971
,,,Nov 24 – Nov 30,5566
,,,Dec 1 – Dec 7,5817
,,,Dec 8 – Dec 14,6134
,,,Dec 15 – Dec 21,6183
,,,Dec 22 – Dec 28,6057
,65 Years or more,2023 – 2024,Dec 31 – Jan 6,8133
,,2024,Jan 7 – Jan 13,7695
,,,Jan 14 – Jan 20,7293
,,,Jan 21 – Jan 27,7714
,,,Jan 28 – Feb 3,7753
,,,Feb 4 – Feb 10,7571
,,,Feb 11 – Feb 17,7967
,,,Feb 18 – Feb 24,7550
,,,Feb 25 – Mar 2,7562
,,,Mar 3 – Mar 9,7569
,,,Mar 10 – Mar 16,7853
,,,Mar 17 – Mar 23,7668
,,,Mar 24 – Mar 30,7685
,,,Mar 31 – Apr 6,7671
,,,Apr 7 – Apr 13,7831
,,,Apr 14 – Apr 20,8092
,,,Apr 21 – Apr 27,7651
,,,Apr 28 – May 4,7860
,,,May 5 – May 11,7988
,,,May 12 – May 18,7813
,,,May 19 – May 25,8168
,,,May 26 – Jun 1,8106
,,,Jun 2 – Jun 8,8026
,,,Jun 9 – Jun 15,8127
,,,Jun 16 – Jun 22,7998
,,,Jun 23 – Jun 29,8132
,,,Jun 30 – Jul 6,8014
,,,Jul 7 – Jul 13,8061
,,,Jul 14 – Jul 20,8068
,,,Jul 21 – Jul 27,8071
,,,Jul 28 – Aug 3,8286
,,,Aug 4 – Aug 10,8062
,,,Aug 11 – Aug 17,8549
,,,Aug 18 – Aug 24,8328
,,,Aug 25 – Aug 31,8257
,,,Sep 1 – Sep 7,8176
,,,Sep 8 – Sep 14,8011
,,,Sep 15 – Sep 21,8175
,,,Sep 22 – Sep 28,8205
,,,Sep 29 – Oct 5,8788
,,,Oct 6 – Oct 12,8229
,,,Oct 13 – Oct 19,8037
,,,Oct 20 – Oct 26,8203
,,,Oct 27 – Nov 2,7736
,,,Nov 3 – Nov 9,7830
,,,Nov 10 – Nov 16,7731
,,,Nov 17 – Nov 23,7816
,,,Nov 24 – Nov 30,7904
,,,Dec 1 – Dec 7,7939
,,,Dec 8 – Dec 14,8211
,,,Dec 15 – Dec 21,8416
,,,Dec 22 – Dec 28,8676
,No value,2023 – 2024,Dec 31 – Jan 6,10 or fewer
,,2024,Jan 7 – Jan 13,10 or fewer
,,,Jan 14 – Jan 20,10 or fewer
,,,Jan 21 – Jan 27,10 or fewer
,,,Jan 28 – Feb 3,10 or fewer
,,,Feb 4 – Feb 10,10 or fewer
,,,Feb 11 – Feb 17,10 or fewer
,,,Feb 18 – Feb 24,10 or fewer
,,,Feb 25 – Mar 2,10 or fewer
,,,Mar 3 – Mar 9,10 or fewer
,,,Mar 10 – Mar 16,10 or fewer
,,,Mar 17 – Mar 23,10 or fewer
,,,Mar 24 – Mar 30,10 or fewer
,,,Mar 31 – Apr 6,10 or fewer
,,,Apr 7 – Apr 13,10 or fewer
,,,Apr 14 – Apr 20,10 or fewer
,,,Apr 21 – Apr 27,10 or fewer
,,,Apr 28 – May 4,10 or fewer
,,,May 5 – May 11,10 or fewer
,,,May 12 – May 18,10 or fewer
,,,May 19 – May 25,10 or fewer
,,,May 26 – Jun 1,10 or fewer
,,,Jun 2 – Jun 8,10 or fewer
,,,Jun 9 – Jun 15,10 or fewer
,,,Jun 16 – Jun 22,10 or fewer
,,,Jun 23 – Jun 29,10 or fewer
,,,Jun 30 – Jul 6,10 or fewer
,,,Jul 7 – Jul 13,10 or fewer
,,,Jul 14 – Jul 20,10 or fewer
,,,Jul 21 – Jul 27,10 or fewer
,,,Jul 28 – Aug 3,10 or fewer
,,,Aug 4 – Aug 10,10 or fewer
,,,Aug 11 – Aug 17,10 or fewer
,,,Aug 18 – Aug 24,10 or fewer
,,,Aug 25 – Aug 31,10 or fewer
,,,Sep 1 – Sep 7,10 or fewer
,,,Sep 8 – Sep 14,10 or fewer
,,,Sep 15 – Sep 21,10 or fewer
,,,Sep 22 – Sep 28,10 or fewer
,,,Sep 29 – Oct 5,10 or fewer
,,,Oct 6 – Oct 12,10 or fewer
,,,Oct 13 – Oct 19,10 or fewer
,,,Oct 20 – Oct 26,10 or fewer
,,,Oct 27 – Nov 2,10 or fewer
,,,Nov 3 – Nov 9,10 or fewer
,,,Nov 10 – Nov 16,10 or fewer
,,,Nov 17 – Nov 23,10 or fewer
,,,Nov 24 – Nov 30,10 or fewer
,,,Dec 1 – Dec 7,10 or fewer
,,,Dec 8 – Dec 14,10 or fewer
,,,Dec 15 – Dec 21,10 or fewer
,,,Dec 22 – Dec 28,10 or fewer
,Total,2023 – 2024,Dec 31 – Jan 6,33237
,,2024,Jan 7 – Jan 13,30403
,,,Jan 14 – Jan 20,30188
,,,Jan 21 – Jan 27,31585
,,,Jan 28 – Feb 3,31973
,,,Feb 4 – Feb 10,32248
,,,Feb 11 – Feb 17,32416
,,,Feb 18 – Feb 24,31498
,,,Feb 25 – Mar 2,31562
,,,Mar 3 – Mar 9,31777
,,,Mar 10 – Mar 16,31831
,,,Mar 17 – Mar 23,31582
,,,Mar 24 – Mar 30,31096
,,,Mar 31 – Apr 6,31035
,,,Apr 7 – Apr 13,31907
,,,Apr 14 – Apr 20,32172
,,,Apr 21 – Apr 27,31245
,,,Apr 28 – May 4,32041
,,,May 5 – May 11,32049
,,,May 12 – May 18,31684
,,,May 19 – May 25,31839
,,,May 26 – Jun 1,31695
,,,Jun 2 – Jun 8,31359
,,,Jun 9 – Jun 15,31609
,,,Jun 16 – Jun 22,31264
,,,Jun 23 – Jun 29,31510
,,,Jun 30 – Jul 6,30733
,,,Jul 7 – Jul 13,32169
,,,Jul 14 – Jul 20,31528
,,,Jul 21 – Jul 27,31561
,,,Jul 28 – Aug 3,32012
,,,Aug 4 – Aug 10,31307
,,,Aug 11 – Aug 17,33649
,,,Aug 18 – Aug 24,34321
,,,Aug 25 – Aug 31,34293
,,,Sep 1 – Sep 7,34060
,,,Sep 8 – Sep 14,32833
,,,Sep 15 – Sep 21,33080
,,,Sep 22 – Sep 28,32811
,,,Sep 29 – Oct 5,33380
,,,Oct 6 – Oct 12,32142
,,,Oct 13 – Oct 19,32028
,,,Oct 20 – Oct 26,33605
,,,Oct 27 – Nov 2,33141
,,,Nov 3 – Nov 9,33732
,,,Nov 10 – Nov 16,33050
,,,Nov 17 – Nov 23,33350
,,,Nov 24 – Nov 30,31467
,,,Dec 1 – Dec 7,32866
,,,Dec 8 – Dec 14,34047
,,,Dec 15 – Dec 21,34345
,,,Dec 22 – Dec 28,33932
New Jersey,Less than 1 Years,2023 – 2024,Dec 31 – Jan 6,814
,,2024,Jan 7 – Jan 13,692
,,,Jan 14 – Jan 20,585
,,,Jan 21 – Jan 27,626
,,,Jan 28 – Feb 3,568
,,,Feb 4 – Feb 10,589
,,,Feb 11 – Feb 17,594
,,,Feb 18 – Feb 24,618
,,,Feb 25 – Mar 2,605
,,,Mar 3 – Mar 9,638
,,,Mar 10 – Mar 16,633
,,,Mar 17 – Mar 23,596
,,,Mar 24 – Mar 30,568
,,,Mar 31 – Apr 6,575
,,,Apr 7 – Apr 13,608
,,,Apr 14 – Apr 20,553
,,,Apr 21 – Apr 27,524
,,,Apr 28 – May 4,563
,,,May 5 – May 11,592
,,,May 12 – May 18,481
,,,May 19 – May 25,530
,,,May 26 – Jun 1,554
,,,Jun 2 – Jun 8,533
,,,Jun 9 – Jun 15,473
,,,Jun 16 – Jun 22,447
,,,Jun 23 – Jun 29,539
,,,Jun 30 – Jul 6,441
,,,Jul 7 – Jul 13,490
,,,Jul 14 – Jul 20,532
,,,Jul 21 – Jul 27,491
,,,Jul 28 – Aug 3,465
,,,Aug 4 – Aug 10,481
,,,Aug 11 – Aug 17,519
,,,Aug 18 – Aug 24,492
,,,Aug 25 – Aug 31,535
,,,Sep 1 – Sep 7,553
,,,Sep 8 – Sep 14,549
,,,Sep 15 – Sep 21,597
,,,Sep 22 – Sep 28,569
,,,Sep 29 – Oct 5,568
,,,Oct 6 – Oct 12,573
,,,Oct 13 – Oct 19,599
,,,Oct 20 – Oct 26,589
,,,Oct 27 – Nov 2,630
,,,Nov 3 – Nov 9,680
,,,Nov 10 – Nov 16,702
,,,Nov 17 – Nov 23,733
,,,Nov 24 – Nov 30,732
,,,Dec 1 – Dec 7,804
,,,Dec 8 – Dec 14,854
,,,Dec 15 – Dec 21,812
,,,Dec 22 – Dec 28,967
,≥ 1 and < 5 Years,2023 – 2024,Dec 31 – Jan 6,1590
,,2024,Jan 7 – Jan 13,1469
,,,Jan 14 – Jan 20,1355
,,,Jan 21 – Jan 27,1424
,,,Jan 28 – Feb 3,1463
,,,Feb 4 – Feb 10,1578
,,,Feb 11 – Feb 17,1488
,,,Feb 18 – Feb 24,1675
,,,Feb 25 – Mar 2,1720
,,,Mar 3 – Mar 9,1630
,,,Mar 10 – Mar 16,1691
,,,Mar 17 – Mar 23,1611
,,,Mar 24 – Mar 30,1689
,,,Mar 31 – Apr 6,1684
,,,Apr 7 – Apr 13,1515
,,,Apr 14 – Apr 20,1463
,,,Apr 21 – Apr 27,1599
,,,Apr 28 – May 4,1615
,,,May 5 – May 11,1456
,,,May 12 – May 18,1465
,,,May 19 – May 25,1499
,,,May 26 – Jun 1,1445
,,,Jun 2 – Jun 8,1392
,,,Jun 9 – Jun 15,1404
,,,Jun 16 – Jun 22,1323
,,,Jun 23 – Jun 29,1350
,,,Jun 30 – Jul 6,1217
,,,Jul 7 – Jul 13,1206
,,,Jul 14 – Jul 20,1192
,,,Jul 21 – Jul 27,1235
,,,Jul 28 – Aug 3,1199
,,,Aug 4 – Aug 10,1123
,,,Aug 11 – Aug 17,1284
,,,Aug 18 – Aug 24,1157
,,,Aug 25 – Aug 31,1166
,,,Sep 1 – Sep 7,1120
,,,Sep 8 – Sep 14,1321
,,,Sep 15 – Sep 21,1472
,,,Sep 22 – Sep 28,1398
,,,Sep 29 – Oct 5,1562
,,,Oct 6 – Oct 12,1599
,,,Oct 13 – Oct 19,1550
,,,Oct 20 – Oct 26,1717
,,,Oct 27 – Nov 2,1686
,,,Nov 3 – Nov 9,1756
,,,Nov 10 – Nov 16,1696
,,,Nov 17 – Nov 23,1788
,,,Nov 24 – Nov 30,1970
,,,Dec 1 – Dec 7,1967
,,,Dec 8 – Dec 14,2060
,,,Dec 15 – Dec 21,2139
,,,Dec 22 – Dec 28,2131
,≥ 5 and < 18 Years,2023 – 2024,Dec 31 – Jan 6,2989
,,2024,Jan 7 – Jan 13,3064
,,,Jan 14 – Jan 20,2772
,,,Jan 21 – Jan 27,3056
,,,Jan 28 – Feb 3,3448
,,,Feb 4 – Feb 10,3730
,,,Feb 11 – Feb 17,3442
,,,Feb 18 – Feb 24,3428
,,,Feb 25 – Mar 2,3758
,,,Mar 3 – Mar 9,3788
,,,Mar 10 – Mar 16,3760
,,,Mar 17 – Mar 23,3638
,,,Mar 24 – Mar 30,3477
,,,Mar 31 – Apr 6,2578
,,,Apr 7 – Apr 13,3165
,,,Apr 14 – Apr 20,3302
,,,Apr 21 – Apr 27,3662
,,,Apr 28 – May 4,3871
,,,May 5 – May 11,3415
,,,May 12 – May 18,3364
,,,May 19 – May 25,3470
,,,May 26 – Jun 1,3268
,,,Jun 2 – Jun 8,3276
,,,Jun 9 – Jun 15,3092
,,,Jun 16 – Jun 22,2499
,,,Jun 23 – Jun 29,2563
,,,Jun 30 – Jul 6,2413
,,,Jul 7 – Jul 13,2564
,,,Jul 14 – Jul 20,2435
,,,Jul 21 – Jul 27,2365
,,,Jul 28 – Aug 3,2312
,,,Aug 4 – Aug 10,2191
,,,Aug 11 – Aug 17,2376
,,,Aug 18 – Aug 24,2401
,,,Aug 25 – Aug 31,2381
,,,Sep 1 – Sep 7,2605
,,,Sep 8 – Sep 14,3187
,,,Sep 15 – Sep 21,3640
,,,Sep 22 – Sep 28,3542
,,,Sep 29 – Oct 5,3541
,,,Oct 6 – Oct 12,3634
,,,Oct 13 – Oct 19,3517
,,,Oct 20 – Oct 26,3917
,,,Oct 27 – Nov 2,3672
,,,Nov 3 – Nov 9,3081
,,,Nov 10 – Nov 16,3297
,,,Nov 17 – Nov 23,3429
,,,Nov 24 – Nov 30,3008
,,,Dec 1 – Dec 7,3472
,,,Dec 8 – Dec 14,3722
,,,Dec 15 – Dec 21,3796
,,,Dec 22 – Dec 28,2991
,≥ 18 and < 50 Years,2023 – 2024,Dec 31 – Jan 6,11044
,,2024,Jan 7 – Jan 13,10719
,,,Jan 14 – Jan 20,10149
,,,Jan 21 – Jan 27,10753
,,,Jan 28 – Feb 3,10715
,,,Feb 4 – Feb 10,10805
,,,Feb 11 – Feb 17,10460
,,,Feb 18 – Feb 24,10964
,,,Feb 25 – Mar 2,11008
,,,Mar 3 – Mar 9,11077
,,,Mar 10 – Mar 16,10683
,,,Mar 17 – Mar 23,10749
,,,Mar 24 – Mar 30,10751
,,,Mar 31 – Apr 6,10613
,,,Apr 7 – Apr 13,10944
,,,Apr 14 – Apr 20,10629
,,,Apr 21 – Apr 27,10620
,,,Apr 28 – May 4,10875
,,,May 5 – May 11,10934
,,,May 12 – May 18,10918
,,,May 19 – May 25,11125
,,,May 26 – Jun 1,10868
,,,Jun 2 – Jun 8,11241
,,,Jun 9 – Jun 15,11093
,,,Jun 16 – Jun 22,10975
,,,Jun 23 – Jun 29,11234
,,,Jun 30 – Jul 6,10976
,,,Jul 7 – Jul 13,11435
,,,Jul 14 – Jul 20,11258
,,,Jul 21 – Jul 27,11299
,,,Jul 28 – Aug 3,11238
,,,Aug 4 – Aug 10,11067
,,,Aug 11 – Aug 17,11230
,,,Aug 18 – Aug 24,11057
,,,Aug 25 – Aug 31,10996
,,,Sep 1 – Sep 7,10890
,,,Sep 8 – Sep 14,10992
,,,Sep 15 – Sep 21,11504
,,,Sep 22 – Sep 28,11337
,,,Sep 29 – Oct 5,11873
,,,Oct 6 – Oct 12,11690
,,,Oct 13 – Oct 19,11558
,,,Oct 20 – Oct 26,11778
,,,Oct 27 – Nov 2,11773
,,,Nov 3 – Nov 9,11745
,,,Nov 10 – Nov 16,11452
,,,Nov 17 – Nov 23,11627
,,,Nov 24 – Nov 30,10971
,,,Dec 1 – Dec 7,11492
,,,Dec 8 – Dec 14,11896
,,,Dec 15 – Dec 21,11961
,,,Dec 22 – Dec 28,11539
,≥ 50 and < 65 Years,2023 – 2024,Dec 31 – Jan 6,4937
,,2024,Jan 7 – Jan 13,4881
,,,Jan 14 – Jan 20,4505
,,,Jan 21 – Jan 27,4780
,,,Jan 28 – Feb 3,4733
,,,Feb 4 – Feb 10,4870
,,,Feb 11 – Feb 17,4747
,,,Feb 18 – Feb 24,4884
,,,Feb 25 – Mar 2,4708
,,,Mar 3 – Mar 9,4817
,,,Mar 10 – Mar 16,4971
,,,Mar 17 – Mar 23,4770
,,,Mar 24 – Mar 30,4780
,,,Mar 31 – Apr 6,4627
,,,Apr 7 – Apr 13,5004
,,,Apr 14 – Apr 20,4839
,,,Apr 21 – Apr 27,4820
,,,Apr 28 – May 4,4895
,,,May 5 – May 11,4826
,,,May 12 – May 18,4915
,,,May 19 – May 25,4984
,,,May 26 – Jun 1,4917
,,,Jun 2 – Jun 8,5033
,,,Jun 9 – Jun 15,4918
,,,Jun 16 – Jun 22,4751
,,,Jun 23 – Jun 29,5105
,,,Jun 30 – Jul 6,4839
,,,Jul 7 – Jul 13,5284
,,,Jul 14 – Jul 20,5010
,,,Jul 21 – Jul 27,5019
,,,Jul 28 – Aug 3,5047
,,,Aug 4 – Aug 10,4970
,,,Aug 11 – Aug 17,5067
,,,Aug 18 – Aug 24,4988
,,,Aug 25 – Aug 31,4992
,,,Sep 1 – Sep 7,5077
,,,Sep 8 – Sep 14,5053
,,,Sep 15 – Sep 21,5017
,,,Sep 22 – Sep 28,5011
,,,Sep 29 – Oct 5,5313
,,,Oct 6 – Oct 12,5212
,,,Oct 13 – Oct 19,5131
,,,Oct 20 – Oct 26,5248
,,,Oct 27 – Nov 2,5052
,,,Nov 3 – Nov 9,5128
,,,Nov 10 – Nov 16,4987
,,,Nov 17 – Nov 23,5078
,,,Nov 24 – Nov 30,4900
,,,Dec 1 – Dec 7,4941
,,,Dec 8 – Dec 14,5193
,,,Dec 15 – Dec 21,5155
,,,Dec 22 – Dec 28,5162
,65 Years or more,2023 – 2024,Dec 31 – Jan 6,6826
,,2024,Jan 7 – Jan 13,6861
,,,Jan 14 – Jan 20,6137
,,,Jan 21 – Jan 27,6413
,,,Jan 28 – Feb 3,6440
,,,Feb 4 – Feb 10,6420
,,,Feb 11 – Feb 17,6335
,,,Feb 18 – Feb 24,6528
,,,Feb 25 – Mar 2,6320
,,,Mar 3 – Mar 9,6351
,,,Mar 10 – Mar 16,6457
,,,Mar 17 – Mar 23,6317
,,,Mar 24 – Mar 30,6410
,,,Mar 31 – Apr 6,6478
,,,Apr 7 – Apr 13,6595
,,,Apr 14 – Apr 20,6463
,,,Apr 21 – Apr 27,6519
,,,Apr 28 – May 4,6500
,,,May 5 – May 11,6572
,,,May 12 – May 18,6631
,,,May 19 – May 25,6845
,,,May 26 – Jun 1,6652
,,,Jun 2 – Jun 8,6717
,,,Jun 9 – Jun 15,6564
,,,Jun 16 – Jun 22,6590
,,,Jun 23 – Jun 29,6909
,,,Jun 30 – Jul 6,6721
,,,Jul 7 – Jul 13,6861
,,,Jul 14 – Jul 20,6833
,,,Jul 21 – Jul 27,6699
,,,Jul 28 – Aug 3,6829
,,,Aug 4 – Aug 10,6602
,,,Aug 11 – Aug 17,6839
,,,Aug 18 – Aug 24,6798
,,,Aug 25 – Aug 31,6714
,,,Sep 1 – Sep 7,6668
,,,Sep 8 – Sep 14,6665
,,,Sep 15 – Sep 21,6749
,,,Sep 22 – Sep 28,6819
,,,Sep 29 – Oct 5,7065
,,,Oct 6 – Oct 12,7129
,,,Oct 13 – Oct 19,7243
,,,Oct 20 – Oct 26,7150
,,,Oct 27 – Nov 2,7116
,,,Nov 3 – Nov 9,7088
,,,Nov 10 – Nov 16,6972
,,,Nov 17 – Nov 23,7219
,,,Nov 24 – Nov 30,6936
,,,Dec 1 – Dec 7,7092
,,,Dec 8 – Dec 14,7349
,,,Dec 15 – Dec 21,7320
,,,Dec 22 – Dec 28,7569
,No value,2023 – 2024,Dec 31 – Jan 6,10 or fewer
,,2024,Jan 7 – Jan 13,10 or fewer
,,,Jan 14 – Jan 20,10 or fewer
,,,Jan 21 – Jan 27,10 or fewer
,,,Jan 28 – Feb 3,10 or fewer
,,,Feb 4 – Feb 10,10 or fewer
,,,Feb 11 – Feb 17,10 or fewer
,,,Feb 18 – Feb 24,10 or fewer
,,,Feb 25 – Mar 2,10 or fewer
,,,Mar 3 – Mar 9,10 or fewer
,,,Mar 10 – Mar 16,10 or fewer
,,,Mar 17 – Mar 23,10 or fewer
,,,Mar 24 – Mar 30,10 or fewer
,,,Mar 31 – Apr 6,10 or fewer
,,,Apr 7 – Apr 13,10 or fewer
,,,Apr 14 – Apr 20,10 or fewer
,,,Apr 21 – Apr 27,10 or fewer
,,,Apr 28 – May 4,10 or fewer
,,,May 5 – May 11,10 or fewer
,,,May 12 – May 18,10 or fewer
,,,May 19 – May 25,10 or fewer
,,,May 26 – Jun 1,10 or fewer
,,,Jun 2 – Jun 8,10 or fewer
,,,Jun 9 – Jun 15,10 or fewer
,,,Jun 16 – Jun 22,10 or fewer
,,,Jun 23 – Jun 29,10 or fewer
,,,Jun 30 – Jul 6,10 or fewer
,,,Jul 7 – Jul 13,10 or fewer
,,,Jul 14 – Jul 20,10 or fewer
,,,Jul 21 – Jul 27,10 or fewer
,,,Jul 28 – Aug 3,10 or fewer
,,,Aug 4 – Aug 10,10 or fewer
,,,Aug 11 – Aug 17,10 or fewer
,,,Aug 18 – Aug 24,10 or fewer
,,,Aug 25 – Aug 31,10 or fewer
,,,Sep 1 – Sep 7,10 or fewer
,,,Sep 8 – Sep 14,10 or fewer
,,,Sep 15 – Sep 21,10 or fewer
,,,Sep 22 – Sep 28,10 or fewer
,,,Sep 29 – Oct 5,10 or fewer
,,,Oct 6 – Oct 12,10 or fewer
,,,Oct 13 – Oct 19,10 or fewer
,,,Oct 20 – Oct 26,10 or fewer
,,,Oct 27 – Nov 2,10 or fewer
,,,Nov 3 – Nov 9,10 or fewer
,,,Nov 10 – Nov 16,10 or fewer
,,,Nov 17 – Nov 23,10 or fewer
,,,Nov 24 – Nov 30,10 or fewer
,,,Dec 1 – Dec 7,10 or fewer
,,,Dec 8 – Dec 14,10 or fewer
,,,Dec 15 – Dec 21,10 or fewer
,,,Dec 22 – Dec 28,10 or fewer
,Total,2023 – 2024,Dec 31 – Jan 6,28200
,,2024,Jan 7 – Jan 13,27686
,,,Jan 14 – Jan 20,25503
,,,Jan 21 – Jan 27,27052
,,,Jan 28 – Feb 3,27367
,,,Feb 4 – Feb 10,27992
,,,Feb 11 – Feb 17,27066
,,,Feb 18 – Feb 24,28097
,,,Feb 25 – Mar 2,28119
,,,Mar 3 – Mar 9,28301
,,,Mar 10 – Mar 16,28195
,,,Mar 17 – Mar 23,27681
,,,Mar 24 – Mar 30,27675
,,,Mar 31 – Apr 6,26555
,,,Apr 7 – Apr 13,27831
,,,Apr 14 – Apr 20,27249
,,,Apr 21 – Apr 27,27744
,,,Apr 28 – May 4,28319
,,,May 5 – May 11,27795
,,,May 12 – May 18,27774
,,,May 19 – May 25,28453
,,,May 26 – Jun 1,27704
,,,Jun 2 – Jun 8,28192
,,,Jun 9 – Jun 15,27544
,,,Jun 16 – Jun 22,26585
,,,Jun 23 – Jun 29,27700
,,,Jun 30 – Jul 6,26607
,,,Jul 7 – Jul 13,27840
,,,Jul 14 – Jul 20,27260
,,,Jul 21 – Jul 27,27108
,,,Jul 28 – Aug 3,27090
,,,Aug 4 – Aug 10,26434
,,,Aug 11 – Aug 17,27315
,,,Aug 18 – Aug 24,26893
,,,Aug 25 – Aug 31,26784
,,,Sep 1 – Sep 7,26913
,,,Sep 8 – Sep 14,27767
,,,Sep 15 – Sep 21,28979
,,,Sep 22 – Sep 28,28676
,,,Sep 29 – Oct 5,29922
,,,Oct 6 – Oct 12,29837
,,,Oct 13 – Oct 19,29598
,,,Oct 20 – Oct 26,30399
,,,Oct 27 – Nov 2,29929
,,,Nov 3 – Nov 9,29478
,,,Nov 10 – Nov 16,29106
,,,Nov 17 – Nov 23,29874
,,,Nov 24 – Nov 30,28517
,,,Dec 1 – Dec 7,29768
,,,Dec 8 – Dec 14,31074
,,,Dec 15 – Dec 21,31183
,,,Dec 22 – Dec 28,30359
Louisiana,Less than 1 Years,2023 – 2024,Dec 31 – Jan 6,811
,,2024,Jan 7 – Jan 13,628
,,,Jan 14 – Jan 20,572
,,,Jan 21 – Jan 27,604
,,,Jan 28 – Feb 3,620
,,,Feb 4 – Feb 10,644
,,,Feb 11 – Feb 17,624
,,,Feb 18 – Feb 24,653
,,,Feb 25 – Mar 2,573
,,,Mar 3 – Mar 9,616
,,,Mar 10 – Mar 16,639
,,,Mar 17 – Mar 23,672
,,,Mar 24 – Mar 30,692
,,,Mar 31 – Apr 6,679
,,,Apr 7 – Apr 13,647
,,,Apr 14 – Apr 20,610
,,,Apr 21 – Apr 27,636
,,,Apr 28 – May 4,652
,,,May 5 – May 11,612
,,,May 12 – May 18,586
,,,May 19 – May 25,620
,,,May 26 – Jun 1,602
,,,Jun 2 – Jun 8,587
,,,Jun 9 – Jun 15,544
,,,Jun 16 – Jun 22,537
,,,Jun 23 – Jun 29,561
,,,Jun 30 – Jul 6,550
,,,Jul 7 – Jul 13,612
,,,Jul 14 – Jul 20,617
,,,Jul 21 – Jul 27,602
,,,Jul 28 – Aug 3,647
,,,Aug 4 – Aug 10,644
,,,Aug 11 – Aug 17,622
,,,Aug 18 – Aug 24,681
,,,Aug 25 – Aug 31,662
,,,Sep 1 – Sep 7,665
,,,Sep 8 – Sep 14,593
,,,Sep 15 – Sep 21,611
,,,Sep 22 – Sep 28,651
,,,Sep 29 – Oct 5,582
,,,Oct 6 – Oct 12,656
,,,Oct 13 – Oct 19,638
,,,Oct 20 – Oct 26,693
,,,Oct 27 – Nov 2,699
,,,Nov 3 – Nov 9,764
,,,Nov 10 – Nov 16,794
,,,Nov 17 – Nov 23,866
,,,Nov 24 – Nov 30,941
,,,Dec 1 – Dec 7,938
,,,Dec 8 – Dec 14,902
,,,Dec 15 – Dec 21,919
,,,Dec 22 – Dec 28,1067
,≥ 1 and < 5 Years,2023 – 2024,Dec 31 – Jan 6,1669
,,2024,Jan 7 – Jan 13,1398
,,,Jan 14 – Jan 20,1307
,,,Jan 21 – Jan 27,1361
,,,Jan 28 – Feb 3,1460
,,,Feb 4 – Feb 10,1528
,,,Feb 11 – Feb 17,1385
,,,Feb 18 – Feb 24,1390
,,,Feb 25 – Mar 2,1435
,,,Mar 3 – Mar 9,1586
,,,Mar 10 – Mar 16,1727
,,,Mar 17 – Mar 23,1751
,,,Mar 24 – Mar 30,1691
,,,Mar 31 – Apr 6,1744
,,,Apr 7 – Apr 13,1521
,,,Apr 14 – Apr 20,1586
,,,Apr 21 – Apr 27,1542
,,,Apr 28 – May 4,1625
,,,May 5 – May 11,1749
,,,May 12 – May 18,1630
,,,May 19 – May 25,1683
,,,May 26 – Jun 1,1573
,,,Jun 2 – Jun 8,1427
,,,Jun 9 – Jun 15,1419
,,,Jun 16 – Jun 22,1313
,,,Jun 23 – Jun 29,1345
,,,Jun 30 – Jul 6,1292
,,,Jul 7 – Jul 13,1326
,,,Jul 14 – Jul 20,1285
,,,Jul 21 – Jul 27,1219
,,,Jul 28 – Aug 3,1250
,,,Aug 4 – Aug 10,1232
,,,Aug 11 – Aug 17,1277
,,,Aug 18 – Aug 24,1581
,,,Aug 25 – Aug 31,1638
,,,Sep 1 – Sep 7,1429
,,,Sep 8 – Sep 14,1387
,,,Sep 15 – Sep 21,1464
,,,Sep 22 – Sep 28,1457
,,,Sep 29 – Oct 5,1565
,,,Oct 6 – Oct 12,1637
,,,Oct 13 – Oct 19,1647
,,,Oct 20 – Oct 26,1689
,,,Oct 27 – Nov 2,1736
,,,Nov 3 – Nov 9,1939
,,,Nov 10 – Nov 16,2012
,,,Nov 17 – Nov 23,2244
,,,Nov 24 – Nov 30,2220
,,,Dec 1 – Dec 7,2040
,,,Dec 8 – Dec 14,2112
,,,Dec 15 – Dec 21,2294
,,,Dec 22 – Dec 28,2423
,≥ 5 and < 18 Years,2023 – 2024,Dec 31 – Jan 6,2118
,,2024,Jan 7 – Jan 13,2479
,,,Jan 14 – Jan 20,2094
,,,Jan 21 – Jan 27,2728
,,,Jan 28 – Feb 3,3079
,,,Feb 4 – Feb 10,3093
,,,Feb 11 – Feb 17,2262
,,,Feb 18 – Feb 24,2886
,,,Feb 25 – Mar 2,2959
,,,Mar 3 – Mar 9,3221
,,,Mar 10 – Mar 16,3347
,,,Mar 17 – Mar 23,3404
,,,Mar 24 – Mar 30,2883
,,,Mar 31 – Apr 6,2638
,,,Apr 7 – Apr 13,2733
,,,Apr 14 – Apr 20,3036
,,,Apr 21 – Apr 27,3194
,,,Apr 28 – May 4,3042
,,,May 5 – May 11,3311
,,,May 12 – May 18,2984
,,,May 19 – May 25,2762
,,,May 26 – Jun 1,2319
,,,Jun 2 – Jun 8,2208
,,,Jun 9 – Jun 15,2346
,,,Jun 16 – Jun 22,2197
,,,Jun 23 – Jun 29,2239
,,,Jun 30 – Jul 6,2138
,,,Jul 7 – Jul 13,2177
,,,Jul 14 – Jul 20,2113
,,,Jul 21 – Jul 27,1995
,,,Jul 28 – Aug 3,2061
,,,Aug 4 – Aug 10,2113
,,,Aug 11 – Aug 17,2773
,,,Aug 18 – Aug 24,3629
,,,Aug 25 – Aug 31,3482
,,,Sep 1 – Sep 7,3096
,,,Sep 8 – Sep 14,2372
,,,Sep 15 – Sep 21,2977
,,,Sep 22 – Sep 28,3284
,,,Sep 29 – Oct 5,3533
,,,Oct 6 – Oct 12,3231
,,,Oct 13 – Oct 19,3129
,,,Oct 20 – Oct 26,3494
,,,Oct 27 – Nov 2,3552
,,,Nov 3 – Nov 9,3374
,,,Nov 10 – Nov 16,3504
,,,Nov 17 – Nov 23,3427
,,,Nov 24 – Nov 30,2661
,,,Dec 1 – Dec 7,3178
,,,Dec 8 – Dec 14,3504
,,,Dec 15 – Dec 21,3666
,,,Dec 22 – Dec 28,2863
,≥ 18 and < 50 Years,2023 – 2024,Dec 31 – Jan 6,9670
,,2024,Jan 7 – Jan 13,8984
,,,Jan 14 – Jan 20,8113
,,,Jan 21 – Jan 27,8779
,,,Jan 28 – Feb 3,8709
,,,Feb 4 – Feb 10,9404
,,,Feb 11 – Feb 17,9349
,,,Feb 18 – Feb 24,9214
,,,Feb 25 – Mar 2,9373
,,,Mar 3 – Mar 9,9585
,,,Mar 10 – Mar 16,9623
,,,Mar 17 – Mar 23,9792
,,,Mar 24 – Mar 30,9286
,,,Mar 31 – Apr 6,9815
,,,Apr 7 – Apr 13,10160
,,,Apr 14 – Apr 20,10400
,,,Apr 21 – Apr 27,10258
,,,Apr 28 – May 4,10490
,,,May 5 – May 11,10491
,,,May 12 – May 18,10042
,,,May 19 – May 25,10466
,,,May 26 – Jun 1,10578
,,,Jun 2 – Jun 8,10355
,,,Jun 9 – Jun 15,10500
,,,Jun 16 – Jun 22,10383
,,,Jun 23 – Jun 29,10480
,,,Jun 30 – Jul 6,10247
,,,Jul 7 – Jul 13,10932
,,,Jul 14 – Jul 20,10653
,,,Jul 21 – Jul 27,10295
,,,Jul 28 – Aug 3,10640
,,,Aug 4 – Aug 10,10757
,,,Aug 11 – Aug 17,10830
,,,Aug 18 – Aug 24,10746
,,,Aug 25 – Aug 31,10701
,,,Sep 1 – Sep 7,10489
,,,Sep 8 – Sep 14,9269
,,,Sep 15 – Sep 21,10625
,,,Sep 22 – Sep 28,10284
,,,Sep 29 – Oct 5,10418
,,,Oct 6 – Oct 12,10585
,,,Oct 13 – Oct 19,10204
,,,Oct 20 – Oct 26,10626
,,,Oct 27 – Nov 2,10820
,,,Nov 3 – Nov 9,11045
,,,Nov 10 – Nov 16,10828
,,,Nov 17 – Nov 23,10800
,,,Nov 24 – Nov 30,10060
,,,Dec 1 – Dec 7,10625
,,,Dec 8 – Dec 14,10817
,,,Dec 15 – Dec 21,11122
,,,Dec 22 – Dec 28,11603
,≥ 50 and < 65 Years,2023 – 2024,Dec 31 – Jan 6,4049
,,2024,Jan 7 – Jan 13,3787
,,,Jan 14 – Jan 20,3525
,,,Jan 21 – Jan 27,3797
,,,Jan 28 – Feb 3,3746
,,,Feb 4 – Feb 10,3927
,,,Feb 11 – Feb 17,3744
,,,Feb 18 – Feb 24,3851
,,,Feb 25 – Mar 2,3731
,,,Mar 3 – Mar 9,3810
,,,Mar 10 – Mar 16,3799
,,,Mar 17 – Mar 23,3825
,,,Mar 24 – Mar 30,3919
,,,Mar 31 – Apr 6,3957
,,,Apr 7 – Apr 13,4120
,,,Apr 14 – Apr 20,4199
,,,Apr 21 – Apr 27,4123
,,,Apr 28 – May 4,4020
,,,May 5 – May 11,4221
,,,May 12 – May 18,4136
,,,May 19 – May 25,4179
,,,May 26 – Jun 1,4218
,,,Jun 2 – Jun 8,4221
,,,Jun 9 – Jun 15,4328
,,,Jun 16 – Jun 22,4221
,,,Jun 23 – Jun 29,4162
,,,Jun 30 – Jul 6,4089
,,,Jul 7 – Jul 13,4304
,,,Jul 14 – Jul 20,4141
,,,Jul 21 – Jul 27,4295
,,,Jul 28 – Aug 3,4375
,,,Aug 4 – Aug 10,4582
,,,Aug 11 – Aug 17,4256
,,,Aug 18 – Aug 24,4333
,,,Aug 25 – Aug 31,4128
,,,Sep 1 – Sep 7,4202
,,,Sep 8 – Sep 14,3957
,,,Sep 15 – Sep 21,4312
,,,Sep 22 – Sep 28,4088
,,,Sep 29 – Oct 5,4296
,,,Oct 6 – Oct 12,4262
,,,Oct 13 – Oct 19,4162
,,,Oct 20 – Oct 26,4338
,,,Oct 27 – Nov 2,4231
,,,Nov 3 – Nov 9,4129
,,,Nov 10 – Nov 16,4044
,,,Nov 17 – Nov 23,4247
,,,Nov 24 – Nov 30,3963
,,,Dec 1 – Dec 7,3978
,,,Dec 8 – Dec 14,4207
,,,Dec 15 – Dec 21,4299
,,,Dec 22 – Dec 28,4387
,65 Years or more,2023 – 2024,Dec 31 – Jan 6,5096
,,2024,Jan 7 – Jan 13,4879
,,,Jan 14 – Jan 20,4501
,,,Jan 21 – Jan 27,4810
,,,Jan 28 – Feb 3,4506
,,,Feb 4 – Feb 10,4866
,,,Feb 11 – Feb 17,4709
,,,Feb 18 – Feb 24,4977
,,,Feb 25 – Mar 2,4757
,,,Mar 3 – Mar 9,4839
,,,Mar 10 – Mar 16,4806
,,,Mar 17 – Mar 23,4701
,,,Mar 24 – Mar 30,4876
,,,Mar 31 – Apr 6,4989
,,,Apr 7 – Apr 13,5152
,,,Apr 14 – Apr 20,5046
,,,Apr 21 – Apr 27,5069
,,,Apr 28 – May 4,5184
,,,May 5 – May 11,5167
,,,May 12 – May 18,4941
,,,May 19 – May 25,5284
,,,May 26 – Jun 1,5123
,,,Jun 2 – Jun 8,5077
,,,Jun 9 – Jun 15,5234
,,,Jun 16 – Jun 22,5031
,,,Jun 23 – Jun 29,5200
,,,Jun 30 – Jul 6,5149
,,,Jul 7 – Jul 13,5238
,,,Jul 14 – Jul 20,5228
,,,Jul 21 – Jul 27,5110
,,,Jul 28 – Aug 3,5460
,,,Aug 4 – Aug 10,5437
,,,Aug 11 – Aug 17,5342
,,,Aug 18 – Aug 24,5179
,,,Aug 25 – Aug 31,5074
,,,Sep 1 – Sep 7,5080
,,,Sep 8 – Sep 14,5156
,,,Sep 15 – Sep 21,5295
,,,Sep 22 – Sep 28,5290
,,,Sep 29 – Oct 5,5077
,,,Oct 6 – Oct 12,5303
,,,Oct 13 – Oct 19,5165
,,,Oct 20 – Oct 26,5569
,,,Oct 27 – Nov 2,5155
,,,Nov 3 – Nov 9,5164
,,,Nov 10 – Nov 16,5279
,,,Nov 17 – Nov 23,5291
,,,Nov 24 – Nov 30,5304
,,,Dec 1 – Dec 7,5409
,,,Dec 8 – Dec 14,5495
,,,Dec 15 – Dec 21,5702
,,,Dec 22 – Dec 28,5939
,No value,2023 – 2024,Dec 31 – Jan 6,10 or fewer
,,2024,Jan 7 – Jan 13,10 or fewer
,,,Jan 14 – Jan 20,10 or fewer
,,,Jan 21 – Jan 27,10 or fewer
,,,Jan 28 – Feb 3,10 or fewer
,,,Feb 4 – Feb 10,10 or fewer
,,,Feb 11 – Feb 17,10 or fewer
,,,Feb 18 – Feb 24,10 or fewer
,,,Feb 25 – Mar 2,10 or fewer
,,,Mar 3 – Mar 9,10 or fewer
,,,Mar 10 – Mar 16,10 or fewer
,,,Mar 17 – Mar 23,10 or fewer
,,,Mar 24 – Mar 30,10 or fewer
,,,Mar 31 – Apr 6,10 or fewer
,,,Apr 7 – Apr 13,10 or fewer
,,,Apr 14 – Apr 20,10 or fewer
,,,Apr 21 – Apr 27,10 or fewer
,,,Apr 28 – May 4,10 or fewer
,,,May 5 – May 11,10 or fewer
,,,May 12 – May 18,10 or fewer
,,,May 19 – May 25,10 or fewer
,,,May 26 – Jun 1,10 or fewer
,,,Jun 2 – Jun 8,10 or fewer
,,,Jun 9 – Jun 15,10 or fewer
,,,Jun 16 – Jun 22,10 or fewer
,,,Jun 23 – Jun 29,10 or fewer
,,,Jun 30 – Jul 6,10 or fewer
,,,Jul 7 – Jul 13,10 or fewer
,,,Jul 14 – Jul 20,10 or fewer
,,,Jul 21 – Jul 27,10 or fewer
,,,Jul 28 – Aug 3,10 or fewer
,,,Aug 4 – Aug 10,10 or fewer
,,,Aug 11 – Aug 17,10 or fewer
,,,Aug 18 – Aug 24,10 or fewer
,,,Aug 25 – Aug 31,10 or fewer
,,,Sep 1 – Sep 7,10 or fewer
,,,Sep 8 – Sep 14,10 or fewer
,,,Sep 15 – Sep 21,10 or fewer
,,,Sep 22 – Sep 28,10 or fewer
,,,Sep 29 – Oct 5,10 or fewer
,,,Oct 6 – Oct 12,10 or fewer
,,,Oct 13 – Oct 19,10 or fewer
,,,Oct 20 – Oct 26,10 or fewer
,,,Oct 27 – Nov 2,10 or fewer
,,,Nov 3 – Nov 9,10 or fewer
,,,Nov 10 – Nov 16,10 or fewer
,,,Nov 17 – Nov 23,10 or fewer
,,,Nov 24 – Nov 30,10 or fewer
,,,Dec 1 – Dec 7,10 or fewer
,,,Dec 8 – Dec 14,10 or fewer
,,,Dec 15 – Dec 21,10 or fewer
,,,Dec 22 – Dec 28,10 or fewer
,Total,2023 – 2024,Dec 31 – Jan 6,23413
,,2024,Jan 7 – Jan 13,22155
,,,Jan 14 – Jan 20,20112
,,,Jan 21 – Jan 27,22079
,,,Jan 28 – Feb 3,22120
,,,Feb 4 – Feb 10,23462
,,,Feb 11 – Feb 17,22073
,,,Feb 18 – Feb 24,22971
,,,Feb 25 – Mar 2,22828
,,,Mar 3 – Mar 9,23657
,,,Mar 10 – Mar 16,23941
,,,Mar 17 – Mar 23,24145
,,,Mar 24 – Mar 30,23347
,,,Mar 31 – Apr 6,23822
,,,Apr 7 – Apr 13,24333
,,,Apr 14 – Apr 20,24877
,,,Apr 21 – Apr 27,24822
,,,Apr 28 – May 4,25013
,,,May 5 – May 11,25551
,,,May 12 – May 18,24319
,,,May 19 – May 25,24994
,,,May 26 – Jun 1,24413
,,,Jun 2 – Jun 8,23875
,,,Jun 9 – Jun 15,24371
,,,Jun 16 – Jun 22,23682
,,,Jun 23 – Jun 29,23987
,,,Jun 30 – Jul 6,23465
,,,Jul 7 – Jul 13,24589
,,,Jul 14 – Jul 20,24037
,,,Jul 21 – Jul 27,23516
,,,Jul 28 – Aug 3,24433
,,,Aug 4 – Aug 10,24765
,,,Aug 11 – Aug 17,25100
,,,Aug 18 – Aug 24,26149
,,,Aug 25 – Aug 31,25685
,,,Sep 1 – Sep 7,24961
,,,Sep 8 – Sep 14,22734
,,,Sep 15 – Sep 21,25284
,,,Sep 22 – Sep 28,25054
,,,Sep 29 – Oct 5,25471
,,,Oct 6 – Oct 12,25674
,,,Oct 13 – Oct 19,24945
,,,Oct 20 – Oct 26,26409
,,,Oct 27 – Nov 2,26193
,,,Nov 3 – Nov 9,26416
,,,Nov 10 – Nov 16,26461
,,,Nov 17 – Nov 23,26875
,,,Nov 24 – Nov 30,25149
,,,Dec 1 – Dec 7,26168
,,,Dec 8 – Dec 14,27037
,,,Dec 15 – Dec 21,28002
,,,Dec 22 – Dec 28,28282
Colorado,Less than 1 Years,2023 – 2024,Dec 31 – Jan 6,1276
,,2024,Jan 7 – Jan 13,1029
,,,Jan 14 – Jan 20,868
,,,Jan 21 – Jan 27,888
,,,Jan 28 – Feb 3,882
,,,Feb 4 – Feb 10,911
,,,Feb 11 – Feb 17,885
,,,Feb 18 – Feb 24,864
,,,Feb 25 – Mar 2,879
,,,Mar 3 – Mar 9,813
,,,Mar 10 – Mar 16,823
,,,Mar 17 – Mar 23,828
,,,Mar 24 – Mar 30,817
,,,Mar 31 – Apr 6,815
,,,Apr 7 – Apr 13,849
,,,Apr 14 – Apr 20,834
,,,Apr 21 – Apr 27,813
,,,Apr 28 – May 4,860
,,,May 5 – May 11,772
,,,May 12 – May 18,795
,,,May 19 – May 25,810
,,,May 26 – Jun 1,822
,,,Jun 2 – Jun 8,695
,,,Jun 9 – Jun 15,656
,,,Jun 16 – Jun 22,660
,,,Jun 23 – Jun 29,628
,,,Jun 30 – Jul 6,623
,,,Jul 7 – Jul 13,725
,,,Jul 14 – Jul 20,653
,,,Jul 21 – Jul 27,673
,,,Jul 28 – Aug 3,749
,,,Aug 4 – Aug 10,708
,,,Aug 11 – Aug 17,728
,,,Aug 18 – Aug 24,792
,,,Aug 25 – Aug 31,818
,,,Sep 1 – Sep 7,798
,,,Sep 8 – Sep 14,831
,,,Sep 15 – Sep 21,716
,,,Sep 22 – Sep 28,710
,,,Sep 29 – Oct 5,697
,,,Oct 6 – Oct 12,700
,,,Oct 13 – Oct 19,736
,,,Oct 20 – Oct 26,788
,,,Oct 27 – Nov 2,779
,,,Nov 3 – Nov 9,713
,,,Nov 10 – Nov 16,821
,,,Nov 17 – Nov 23,902
,,,Nov 24 – Nov 30,983
,,,Dec 1 – Dec 7,991
,,,Dec 8 – Dec 14,980
,,,Dec 15 – Dec 21,1070
,,,Dec 22 – Dec 28,1217
,≥ 1 and < 5 Years,2023 – 2024,Dec 31 – Jan 6,2458
,,2024,Jan 7 – Jan 13,1995
,,,Jan 14 – Jan 20,1900
,,,Jan 21 – Jan 27,2109
,,,Jan 28 – Feb 3,2227
,,,Feb 4 – Feb 10,2043
,,,Feb 11 – Feb 17,2055
,,,Feb 18 – Feb 24,2195
,,,Feb 25 – Mar 2,2110
,,,Mar 3 – Mar 9,2051
,,,Mar 10 – Mar 16,2062
,,,Mar 17 – Mar 23,2015
,,,Mar 24 – Mar 30,1935
,,,Mar 31 – Apr 6,1984
,,,Apr 7 – Apr 13,2063
,,,Apr 14 – Apr 20,1967
,,,Apr 21 – Apr 27,2007
,,,Apr 28 – May 4,2080
,,,May 5 – May 11,2026
,,,May 12 – May 18,2018
,,,May 19 – May 25,1986
,,,May 26 – Jun 1,1989
,,,Jun 2 – Jun 8,1769
,,,Jun 9 – Jun 15,1574
,,,Jun 16 – Jun 22,1527
,,,Jun 23 – Jun 29,1475
,,,Jun 30 – Jul 6,1399
,,,Jul 7 – Jul 13,1438
,,,Jul 14 – Jul 20,1448
,,,Jul 21 – Jul 27,1330
,,,Jul 28 – Aug 3,1408
,,,Aug 4 – Aug 10,1410
,,,Aug 11 – Aug 17,1529
,,,Aug 18 – Aug 24,1601
,,,Aug 25 – Aug 31,1675
,,,Sep 1 – Sep 7,1695
,,,Sep 8 – Sep 14,1603
,,,Sep 15 – Sep 21,1633
,,,Sep 22 – Sep 28,1684
,,,Sep 29 – Oct 5,1640
,,,Oct 6 – Oct 12,1720
,,,Oct 13 – Oct 19,1725
,,,Oct 20 – Oct 26,1779
,,,Oct 27 – Nov 2,1899
,,,Nov 3 – Nov 9,1616
,,,Nov 10 – Nov 16,1843
,,,Nov 17 – Nov 23,2025
,,,Nov 24 – Nov 30,2115
,,,Dec 1 – Dec 7,2131
,,,Dec 8 – Dec 14,2106
,,,Dec 15 – Dec 21,2517
,,,Dec 22 – Dec 28,2853
,≥ 5 and < 18 Years,2023 – 2024,Dec 31 – Jan 6,3016
,,2024,Jan 7 – Jan 13,3080
,,,Jan 14 – Jan 20,3161
,,,Jan 21 – Jan 27,3800
,,,Jan 28 – Feb 3,4224
,,,Feb 4 – Feb 10,4217
,,,Feb 11 – Feb 17,4053
,,,Feb 18 – Feb 24,4020
,,,Feb 25 – Mar 2,4151
,,,Mar 3 – Mar 9,3966
,,,Mar 10 – Mar 16,3550
,,,Mar 17 – Mar 23,3509
,,,Mar 24 – Mar 30,3291
,,,Mar 31 – Apr 6,3546
,,,Apr 7 – Apr 13,3909
,,,Apr 14 – Apr 20,3808
,,,Apr 21 – Apr 27,4049
,,,Apr 28 – May 4,4159
,,,May 5 – May 11,4002
,,,May 12 – May 18,3928
,,,May 19 – May 25,3542
,,,May 26 – Jun 1,3270
,,,Jun 2 – Jun 8,2981
,,,Jun 9 – Jun 15,2817
,,,Jun 16 – Jun 22,2806
,,,Jun 23 – Jun 29,2831
,,,Jun 30 – Jul 6,2772
,,,Jul 7 – Jul 13,2830
,,,Jul 14 – Jul 20,2856
,,,Jul 21 – Jul 27,2771
,,,Jul 28 – Aug 3,2725
,,,Aug 4 – Aug 10,2752
,,,Aug 11 – Aug 17,3225
,,,Aug 18 – Aug 24,3839
,,,Aug 25 – Aug 31,4273
,,,Sep 1 – Sep 7,3988
,,,Sep 8 – Sep 14,4136
,,,Sep 15 – Sep 21,4007
,,,Sep 22 – Sep 28,4042
,,,Sep 29 – Oct 5,3911
,,,Oct 6 – Oct 12,3887
,,,Oct 13 – Oct 19,3482
,,,Oct 20 – Oct 26,3919
,,,Oct 27 – Nov 2,3818
,,,Nov 3 – Nov 9,3061
,,,Nov 10 – Nov 16,3835
,,,Nov 17 – Nov 23,3852
,,,Nov 24 – Nov 30,3055
,,,Dec 1 – Dec 7,3823
,,,Dec 8 – Dec 14,4115
,,,Dec 15 – Dec 21,4287
,,,Dec 22 – Dec 28,3765
,≥ 18 and < 50 Years,2023 – 2024,Dec 31 – Jan 6,9358
,,2024,Jan 7 – Jan 13,8677
,,,Jan 14 – Jan 20,8405
,,,Jan 21 – Jan 27,9063
,,,Jan 28 – Feb 3,9831
,,,Feb 4 – Feb 10,9823
,,,Feb 11 – Feb 17,9505
,,,Feb 18 – Feb 24,9783
,,,Feb 25 – Mar 2,9895
,,,Mar 3 – Mar 9,9579
,,,Mar 10 – Mar 16,9277
,,,Mar 17 – Mar 23,9842
,,,Mar 24 – Mar 30,9588
,,,Mar 31 – Apr 6,9670
,,,Apr 7 – Apr 13,9508
,,,Apr 14 – Apr 20,9739
,,,Apr 21 – Apr 27,9604
,,,Apr 28 – May 4,9804
,,,May 5 – May 11,9674
,,,May 12 – May 18,9920
,,,May 19 – May 25,9880
,,,May 26 – Jun 1,9996
,,,Jun 2 – Jun 8,10150
,,,Jun 9 – Jun 15,9958
,,,Jun 16 – Jun 22,10059
,,,Jun 23 – Jun 29,10266
,,,Jun 30 – Jul 6,9858
,,,Jul 7 – Jul 13,10127
,,,Jul 14 – Jul 20,10235
,,,Jul 21 – Jul 27,10333
,,,Jul 28 – Aug 3,10343
,,,Aug 4 – Aug 10,10044
,,,Aug 11 – Aug 17,10278
,,,Aug 18 – Aug 24,10314
,,,Aug 25 – Aug 31,10465
,,,Sep 1 – Sep 7,10304
,,,Sep 8 – Sep 14,10225
,,,Sep 15 – Sep 21,10199
,,,Sep 22 – Sep 28,10179
,,,Sep 29 – Oct 5,10189
,,,Oct 6 – Oct 12,10093
,,,Oct 13 – Oct 19,10212
,,,Oct 20 – Oct 26,10068
,,,Oct 27 – Nov 2,9850
,,,Nov 3 – Nov 9,8148
,,,Nov 10 – Nov 16,10066
,,,Nov 17 – Nov 23,10162
,,,Nov 24 – Nov 30,9609
,,,Dec 1 – Dec 7,10691
,,,Dec 8 – Dec 14,10428
,,,Dec 15 – Dec 21,10808
,,,Dec 22 – Dec 28,10730
,≥ 50 and < 65 Years,2023 – 2024,Dec 31 – Jan 6,3116
,,2024,Jan 7 – Jan 13,2949
,,,Jan 14 – Jan 20,2774
,,,Jan 21 – Jan 27,3090
,,,Jan 28 – Feb 3,3372
,,,Feb 4 – Feb 10,3489
,,,Feb 11 – Feb 17,3514
,,,Feb 18 – Feb 24,3514
,,,Feb 25 – Mar 2,3451
,,,Mar 3 – Mar 9,3440
,,,Mar 10 – Mar 16,3293
,,,Mar 17 – Mar 23,3644
,,,Mar 24 – Mar 30,3351
,,,Mar 31 – Apr 6,3393
,,,Apr 7 – Apr 13,3474
,,,Apr 14 – Apr 20,3380
,,,Apr 21 – Apr 27,3425
,,,Apr 28 – May 4,3467
,,,May 5 – May 11,3512
,,,May 12 – May 18,3458
,,,May 19 – May 25,3558
,,,May 26 – Jun 1,3549
,,,Jun 2 – Jun 8,3554
,,,Jun 9 – Jun 15,3587
,,,Jun 16 – Jun 22,3504
,,,Jun 23 – Jun 29,3502
,,,Jun 30 – Jul 6,3393
,,,Jul 7 – Jul 13,3653
,,,Jul 14 – Jul 20,3716
,,,Jul 21 – Jul 27,3553
,,,Jul 28 – Aug 3,3597
,,,Aug 4 – Aug 10,3580
,,,Aug 11 – Aug 17,3652
,,,Aug 18 – Aug 24,3760
,,,Aug 25 – Aug 31,3685
,,,Sep 1 – Sep 7,3541
,,,Sep 8 – Sep 14,3727
,,,Sep 15 – Sep 21,3582
,,,Sep 22 – Sep 28,3531
,,,Sep 29 – Oct 5,3560
,,,Oct 6 – Oct 12,3404
,,,Oct 13 – Oct 19,3314
,,,Oct 20 – Oct 26,3428
,,,Oct 27 – Nov 2,3340
,,,Nov 3 – Nov 9,2757
,,,Nov 10 – Nov 16,3654
,,,Nov 17 – Nov 23,3491
,,,Nov 24 – Nov 30,3369
,,,Dec 1 – Dec 7,3658
,,,Dec 8 – Dec 14,3497
,,,Dec 15 – Dec 21,3734
,,,Dec 22 – Dec 28,3795
,65 Years or more,2023 – 2024,Dec 31 – Jan 6,4447
,,2024,Jan 7 – Jan 13,4152
,,,Jan 14 – Jan 20,3895
,,,Jan 21 – Jan 27,4036
,,,Jan 28 – Feb 3,4805
,,,Feb 4 – Feb 10,4828
,,,Feb 11 – Feb 17,4585
,,,Feb 18 – Feb 24,4906
,,,Feb 25 – Mar 2,4864
,,,Mar 3 – Mar 9,4785
,,,Mar 10 – Mar 16,4451
,,,Mar 17 – Mar 23,4944
,,,Mar 24 – Mar 30,4958
,,,Mar 31 – Apr 6,4806
,,,Apr 7 – Apr 13,4846
,,,Apr 14 – Apr 20,4841
,,,Apr 21 – Apr 27,4776
,,,Apr 28 – May 4,4916
,,,May 5 – May 11,4866
,,,May 12 – May 18,5125
,,,May 19 – May 25,5119
,,,May 26 – Jun 1,5305
,,,Jun 2 – Jun 8,5344
,,,Jun 9 – Jun 15,5123
,,,Jun 16 – Jun 22,5043
,,,Jun 23 – Jun 29,5182
,,,Jun 30 – Jul 6,5227
,,,Jul 7 – Jul 13,5040
,,,Jul 14 – Jul 20,5118
,,,Jul 21 – Jul 27,5164
,,,Jul 28 – Aug 3,5263
,,,Aug 4 – Aug 10,5089
,,,Aug 11 – Aug 17,5331
,,,Aug 18 – Aug 24,5157
,,,Aug 25 – Aug 31,5122
,,,Sep 1 – Sep 7,5284
,,,Sep 8 – Sep 14,5366
,,,Sep 15 – Sep 21,5178
,,,Sep 22 – Sep 28,5188
,,,Sep 29 – Oct 5,5045
,,,Oct 6 – Oct 12,4965
,,,Oct 13 – Oct 19,4893
,,,Oct 20 – Oct 26,5034
,,,Oct 27 – Nov 2,4855
,,,Nov 3 – Nov 9,3953
,,,Nov 10 – Nov 16,5156
,,,Nov 17 – Nov 23,4955
,,,Nov 24 – Nov 30,4918
,,,Dec 1 – Dec 7,5297
,,,Dec 8 – Dec 14,5324
,,,Dec 15 – Dec 21,5516
,,,Dec 22 – Dec 28,5744
,No value,2023 – 2024,Dec 31 – Jan 6,10 or fewer
,,2024,Jan 7 – Jan 13,10 or fewer
,,,Jan 14 – Jan 20,10 or fewer
,,,Jan 21 – Jan 27,10 or fewer
,,,Jan 28 – Feb 3,10 or fewer
,,,Feb 4 – Feb 10,10 or fewer
,,,Feb 11 – Feb 17,10 or fewer
,,,Feb 18 – Feb 24,10 or fewer
,,,Feb 25 – Mar 2,10 or fewer
,,,Mar 3 – Mar 9,10 or fewer
,,,Mar 10 – Mar 16,10 or fewer
,,,Mar 17 – Mar 23,10 or fewer
,,,Mar 24 – Mar 30,10 or fewer
,,,Mar 31 – Apr 6,10 or fewer
,,,Apr 7 – Apr 13,10 or fewer
,,,Apr 14 – Apr 20,10 or fewer
,,,Apr 21 – Apr 27,10 or fewer
,,,Apr 28 – May 4,10 or fewer
,,,May 5 – May 11,10 or fewer
,,,May 12 – May 18,10 or fewer
,,,May 19 – May 25,10 or fewer
,,,May 26 – Jun 1,10 or fewer
,,,Jun 2 – Jun 8,10 or fewer
,,,Jun 9 – Jun 15,10 or fewer
,,,Jun 16 – Jun 22,10 or fewer
,,,Jun 23 – Jun 29,10 or fewer
,,,Jun 30 – Jul 6,10 or fewer
,,,Jul 7 – Jul 13,10 or fewer
,,,Jul 14 – Jul 20,10 or fewer
,,,Jul 21 – Jul 27,10 or fewer
,,,Jul 28 – Aug 3,10 or fewer
,,,Aug 4 – Aug 10,10 or fewer
,,,Aug 11 – Aug 17,10 or fewer
,,,Aug 18 – Aug 24,10 or fewer
,,,Aug 25 – Aug 31,10 or fewer
,,,Sep 1 – Sep 7,10 or fewer
,,,Sep 8 – Sep 14,10 or fewer
,,,Sep 15 – Sep 21,10 or fewer
,,,Sep 22 – Sep 28,10 or fewer
,,,Sep 29 – Oct 5,10 or fewer
,,,Oct 6 – Oct 12,10 or fewer
,,,Oct 13 – Oct 19,10 or fewer
,,,Oct 20 – Oct 26,10 or fewer
,,,Oct 27 – Nov 2,10 or fewer
,,,Nov 3 – Nov 9,10 or fewer
,,,Nov 10 – Nov 16,10 or fewer
,,,Nov 17 – Nov 23,10 or fewer
,,,Nov 24 – Nov 30,10 or fewer
,,,Dec 1 – Dec 7,10 or fewer
,,,Dec 8 – Dec 14,10 or fewer
,,,Dec 15 – Dec 21,10 or fewer
,,,Dec 22 – Dec 28,10 or fewer
,Total,2023 – 2024,Dec 31 – Jan 6,23671
,,2024,Jan 7 – Jan 13,21882
,,,Jan 14 – Jan 20,21003
,,,Jan 21 – Jan 27,22986
,,,Jan 28 – Feb 3,25341
,,,Feb 4 – Feb 10,25312
,,,Feb 11 – Feb 17,24597
,,,Feb 18 – Feb 24,25282
,,,Feb 25 – Mar 2,25350
,,,Mar 3 – Mar 9,24634
,,,Mar 10 – Mar 16,23458
,,,Mar 17 – Mar 23,24784
,,,Mar 24 – Mar 30,23940
,,,Mar 31 – Apr 6,24216
,,,Apr 7 – Apr 13,24650
,,,Apr 14 – Apr 20,24570
,,,Apr 21 – Apr 27,24678
,,,Apr 28 – May 4,25291
,,,May 5 – May 11,24853
,,,May 12 – May 18,25244
,,,May 19 – May 25,24895
,,,May 26 – Jun 1,24933
,,,Jun 2 – Jun 8,24493
,,,Jun 9 – Jun 15,23717
,,,Jun 16 – Jun 22,23600
,,,Jun 23 – Jun 29,23885
,,,Jun 30 – Jul 6,23272
,,,Jul 7 – Jul 13,23814
,,,Jul 14 – Jul 20,24026
,,,Jul 21 – Jul 27,23825
,,,Jul 28 – Aug 3,24087
,,,Aug 4 – Aug 10,23584
,,,Aug 11 – Aug 17,24743
,,,Aug 18 – Aug 24,25463
,,,Aug 25 – Aug 31,26038
,,,Sep 1 – Sep 7,25610
,,,Sep 8 – Sep 14,25888
,,,Sep 15 – Sep 21,25315
,,,Sep 22 – Sep 28,25334
,,,Sep 29 – Oct 5,25042
,,,Oct 6 – Oct 12,24769
,,,Oct 13 – Oct 19,24362
,,,Oct 20 – Oct 26,25016
,,,Oct 27 – Nov 2,24541
,,,Nov 3 – Nov 9,20248
,,,Nov 10 – Nov 16,25375
,,,Nov 17 – Nov 23,25387
,,,Nov 24 – Nov 30,24049
,,,Dec 1 – Dec 7,26591
,,,Dec 8 – Dec 14,26450
,,,Dec 15 – Dec 21,27932
,,,Dec 22 – Dec 28,28104
Connecticut,Less than 1 Years,2023 – 2024,Dec 31 – Jan 6,539
,,2024,Jan 7 – Jan 13,397
,,,Jan 14 – Jan 20,428
,,,Jan 21 – Jan 27,393
,,,Jan 28 – Feb 3,401
,,,Feb 4 – Feb 10,491
,,,Feb 11 – Feb 17,400
,,,Feb 18 – Feb 24,388
,,,Feb 25 – Mar 2,377
,,,Mar 3 – Mar 9,384
,,,Mar 10 – Mar 16,398
,,,Mar 17 – Mar 23,416
,,,Mar 24 – Mar 30,403
,,,Mar 31 – Apr 6,416
,,,Apr 7 – Apr 13,388
,,,Apr 14 – Apr 20,378
,,,Apr 21 – Apr 27,324
,,,Apr 28 – May 4,333
,,,May 5 – May 11,323
,,,May 12 – May 18,352
,,,May 19 – May 25,330
,,,May 26 – Jun 1,384
,,,Jun 2 – Jun 8,349
,,,Jun 9 – Jun 15,325
,,,Jun 16 – Jun 22,302
,,,Jun 23 – Jun 29,315
,,,Jun 30 – Jul 6,274
,,,Jul 7 – Jul 13,304
,,,Jul 14 – Jul 20,276
,,,Jul 21 – Jul 27,323
,,,Jul 28 – Aug 3,295
,,,Aug 4 – Aug 10,327
,,,Aug 11 – Aug 17,338
,,,Aug 18 – Aug 24,345
,,,Aug 25 – Aug 31,302
,,,Sep 1 – Sep 7,329
,,,Sep 8 – Sep 14,382
,,,Sep 15 – Sep 21,418
,,,Sep 22 – Sep 28,383
,,,Sep 29 – Oct 5,341
,,,Oct 6 – Oct 12,373
,,,Oct 13 – Oct 19,357
,,,Oct 20 – Oct 26,411
,,,Oct 27 – Nov 2,373
,,,Nov 3 – Nov 9,439
,,,Nov 10 – Nov 16,442
,,,Nov 17 – Nov 23,466
,,,Nov 24 – Nov 30,477
,,,Dec 1 – Dec 7,486
,,,Dec 8 – Dec 14,522
,,,Dec 15 – Dec 21,569
,,,Dec 22 – Dec 28,676
,≥ 1 and < 5 Years,2023 – 2024,Dec 31 – Jan 6,1033
,,2024,Jan 7 – Jan 13,873
,,,Jan 14 – Jan 20,878
,,,Jan 21 – Jan 27,936
,,,Jan 28 – Feb 3,943
,,,Feb 4 – Feb 10,1027
,,,Feb 11 – Feb 17,1027
,,,Feb 18 – Feb 24,1074
,,,Feb 25 – Mar 2,1052
,,,Mar 3 – Mar 9,1065
,,,Mar 10 – Mar 16,1127
,,,Mar 17 – Mar 23,1093
,,,Mar 24 – Mar 30,1041
,,,Mar 31 – Apr 6,1107
,,,Apr 7 – Apr 13,1089
,,,Apr 14 – Apr 20,983
,,,Apr 21 – Apr 27,967
,,,Apr 28 – May 4,1003
,,,May 5 – May 11,962
,,,May 12 – May 18,933
,,,May 19 – May 25,922
,,,May 26 – Jun 1,947
,,,Jun 2 – Jun 8,902
,,,Jun 9 – Jun 15,897
,,,Jun 16 – Jun 22,867
,,,Jun 23 – Jun 29,797
,,,Jun 30 – Jul 6,841
,,,Jul 7 – Jul 13,789
,,,Jul 14 – Jul 20,790
,,,Jul 21 – Jul 27,800
,,,Jul 28 – Aug 3,783
,,,Aug 4 – Aug 10,759
,,,Aug 11 – Aug 17,799
,,,Aug 18 – Aug 24,836
,,,Aug 25 – Aug 31,780
,,,Sep 1 – Sep 7,879
,,,Sep 8 – Sep 14,965
,,,Sep 15 – Sep 21,1006
,,,Sep 22 – Sep 28,910
,,,Sep 29 – Oct 5,951
,,,Oct 6 – Oct 12,1042
,,,Oct 13 – Oct 19,989
,,,Oct 20 – Oct 26,1137
,,,Oct 27 – Nov 2,1027
,,,Nov 3 – Nov 9,1157
,,,Nov 10 – Nov 16,1179
,,,Nov 17 – Nov 23,1142
,,,Nov 24 – Nov 30,1218
,,,Dec 1 – Dec 7,1355
,,,Dec 8 – Dec 14,1419
,,,Dec 15 – Dec 21,1483
,,,Dec 22 – Dec 28,1517
,≥ 5 and < 18 Years,2023 – 2024,Dec 31 – Jan 6,2039
,,2024,Jan 7 – Jan 13,2090
,,,Jan 14 – Jan 20,1853
,,,Jan 21 – Jan 27,2256
,,,Jan 28 – Feb 3,2439
,,,Feb 4 – Feb 10,2639
,,,Feb 11 – Feb 17,2313
,,,Feb 18 – Feb 24,2242
,,,Feb 25 – Mar 2,2407
,,,Mar 3 – Mar 9,2397
,,,Mar 10 – Mar 16,2519
,,,Mar 17 – Mar 23,2532
,,,Mar 24 – Mar 30,2425
,,,Mar 31 – Apr 6,2366
,,,Apr 7 – Apr 13,2099
,,,Apr 14 – Apr 20,2158
,,,Apr 21 – Apr 27,2238
,,,Apr 28 – May 4,2344
,,,May 5 – May 11,2479
,,,May 12 – May 18,2382
,,,May 19 – May 25,2437
,,,May 26 – Jun 1,2313
,,,Jun 2 – Jun 8,2303
,,,Jun 9 – Jun 15,2061
,,,Jun 16 – Jun 22,1868
,,,Jun 23 – Jun 29,1810
,,,Jun 30 – Jul 6,1754
,,,Jul 7 – Jul 13,1917
,,,Jul 14 – Jul 20,1971
,,,Jul 21 – Jul 27,1848
,,,Jul 28 – Aug 3,1815
,,,Aug 4 – Aug 10,1692
,,,Aug 11 – Aug 17,1758
,,,Aug 18 – Aug 24,1758
,,,Aug 25 – Aug 31,1762
,,,Sep 1 – Sep 7,2278
,,,Sep 8 – Sep 14,2530
,,,Sep 15 – Sep 21,2562
,,,Sep 22 – Sep 28,2429
,,,Sep 29 – Oct 5,2322
,,,Oct 6 – Oct 12,2404
,,,Oct 13 – Oct 19,2434
,,,Oct 20 – Oct 26,2688
,,,Oct 27 – Nov 2,2534
,,,Nov 3 – Nov 9,2490
,,,Nov 10 – Nov 16,2483
,,,Nov 17 – Nov 23,2594
,,,Nov 24 – Nov 30,2215
,,,Dec 1 – Dec 7,2322
,,,Dec 8 – Dec 14,2463
,,,Dec 15 – Dec 21,2493
,,,Dec 22 – Dec 28,2076
,≥ 18 and < 50 Years,2023 – 2024,Dec 31 – Jan 6,7746
,,2024,Jan 7 – Jan 13,7332
,,,Jan 14 – Jan 20,7194
,,,Jan 21 – Jan 27,7367
,,,Jan 28 – Feb 3,7424
,,,Feb 4 – Feb 10,7573
,,,Feb 11 – Feb 17,7475
,,,Feb 18 – Feb 24,7748
,,,Feb 25 – Mar 2,7806
,,,Mar 3 – Mar 9,7563
,,,Mar 10 – Mar 16,7430
,,,Mar 17 – Mar 23,7451
,,,Mar 24 – Mar 30,7534
,,,Mar 31 – Apr 6,7843
,,,Apr 7 – Apr 13,7760
,,,Apr 14 – Apr 20,7751
,,,Apr 21 – Apr 27,7594
,,,Apr 28 – May 4,7454
,,,May 5 – May 11,7671
,,,May 12 – May 18,7775
,,,May 19 – May 25,7886
,,,May 26 – Jun 1,7890
,,,Jun 2 – Jun 8,7854
,,,Jun 9 – Jun 15,7714
,,,Jun 16 – Jun 22,7779
,,,Jun 23 – Jun 29,7733
,,,Jun 30 – Jul 6,7683
,,,Jul 7 – Jul 13,8187
,,,Jul 14 – Jul 20,8016
,,,Jul 21 – Jul 27,7883
,,,Jul 28 – Aug 3,7992
,,,Aug 4 – Aug 10,7897
,,,Aug 11 – Aug 17,7859
,,,Aug 18 – Aug 24,7757
,,,Aug 25 – Aug 31,8035
,,,Sep 1 – Sep 7,7996
,,,Sep 8 – Sep 14,7865
,,,Sep 15 – Sep 21,7823
,,,Sep 22 – Sep 28,7749
,,,Sep 29 – Oct 5,8002
,,,Oct 6 – Oct 12,7672
,,,Oct 13 – Oct 19,7392
,,,Oct 20 – Oct 26,7919
,,,Oct 27 – Nov 2,8080
,,,Nov 3 – Nov 9,8950
,,,Nov 10 – Nov 16,8580
,,,Nov 17 – Nov 23,8728
,,,Nov 24 – Nov 30,8190
,,,Dec 1 – Dec 7,8566
,,,Dec 8 – Dec 14,8720
,,,Dec 15 – Dec 21,8575
,,,Dec 22 – Dec 28,8622
,≥ 50 and < 65 Years,2023 – 2024,Dec 31 – Jan 6,3841
,,2024,Jan 7 – Jan 13,3910
,,,Jan 14 – Jan 20,3655
,,,Jan 21 – Jan 27,3752
,,,Jan 28 – Feb 3,3716
,,,Feb 4 – Feb 10,3813
,,,Feb 11 – Feb 17,3691
,,,Feb 18 – Feb 24,3914
,,,Feb 25 – Mar 2,3676
,,,Mar 3 – Mar 9,3827
,,,Mar 10 – Mar 16,3741
,,,Mar 17 – Mar 23,3623
,,,Mar 24 – Mar 30,3666
,,,Mar 31 – Apr 6,3747
,,,Apr 7 – Apr 13,3928
,,,Apr 14 – Apr 20,3856
,,,Apr 21 – Apr 27,3796
,,,Apr 28 – May 4,3807
,,,May 5 – May 11,3926
,,,May 12 – May 18,3708
,,,May 19 – May 25,3898
,,,May 26 – Jun 1,4049
,,,Jun 2 – Jun 8,4055
,,,Jun 9 – Jun 15,3876
,,,Jun 16 – Jun 22,3845
,,,Jun 23 – Jun 29,4063
,,,Jun 30 – Jul 6,3866
,,,Jul 7 – Jul 13,4199
,,,Jul 14 – Jul 20,3948
,,,Jul 21 – Jul 27,3946
,,,Jul 28 – Aug 3,3949
,,,Aug 4 – Aug 10,4009
,,,Aug 11 – Aug 17,4041
,,,Aug 18 – Aug 24,3803
,,,Aug 25 – Aug 31,3919
,,,Sep 1 – Sep 7,3796
,,,Sep 8 – Sep 14,3869
,,,Sep 15 – Sep 21,3890
,,,Sep 22 – Sep 28,3803
,,,Sep 29 – Oct 5,3722
,,,Oct 6 – Oct 12,3722
,,,Oct 13 – Oct 19,3706
,,,Oct 20 – Oct 26,3900
,,,Oct 27 – Nov 2,3720
,,,Nov 3 – Nov 9,4311
,,,Nov 10 – Nov 16,4196
,,,Nov 17 – Nov 23,4248
,,,Nov 24 – Nov 30,3927
,,,Dec 1 – Dec 7,4163
,,,Dec 8 – Dec 14,4322
,,,Dec 15 – Dec 21,4249
,,,Dec 22 – Dec 28,4218
,65 Years or more,2023 – 2024,Dec 31 – Jan 6,5645
,,2024,Jan 7 – Jan 13,5284
,,,Jan 14 – Jan 20,4979
,,,Jan 21 – Jan 27,5122
,,,Jan 28 – Feb 3,5204
,,,Feb 4 – Feb 10,5149
,,,Feb 11 – Feb 17,5010
,,,Feb 18 – Feb 24,5272
,,,Feb 25 – Mar 2,5245
,,,Mar 3 – Mar 9,5174
,,,Mar 10 – Mar 16,5227
,,,Mar 17 – Mar 23,5214
,,,Mar 24 – Mar 30,5212
,,,Mar 31 – Apr 6,5216
,,,Apr 7 – Apr 13,5373
,,,Apr 14 – Apr 20,5197
,,,Apr 21 – Apr 27,5423
,,,Apr 28 – May 4,5393
,,,May 5 – May 11,5480
,,,May 12 – May 18,5352
,,,May 19 – May 25,5760
,,,May 26 – Jun 1,5516
,,,Jun 2 – Jun 8,5519
,,,Jun 9 – Jun 15,5443
,,,Jun 16 – Jun 22,5495
,,,Jun 23 – Jun 29,5614
,,,Jun 30 – Jul 6,5367
,,,Jul 7 – Jul 13,5725
,,,Jul 14 – Jul 20,5653
,,,Jul 21 – Jul 27,5392
,,,Jul 28 – Aug 3,5661
,,,Aug 4 – Aug 10,5647
,,,Aug 11 – Aug 17,5614
,,,Aug 18 – Aug 24,5416
,,,Aug 25 – Aug 31,5700
,,,Sep 1 – Sep 7,5540
,,,Sep 8 – Sep 14,5679
,,,Sep 15 – Sep 21,5529
,,,Sep 22 – Sep 28,5560
,,,Sep 29 – Oct 5,5548
,,,Oct 6 – Oct 12,5345
,,,Oct 13 – Oct 19,5483
,,,Oct 20 – Oct 26,5553
,,,Oct 27 – Nov 2,5456
,,,Nov 3 – Nov 9,5972
,,,Nov 10 – Nov 16,5977
,,,Nov 17 – Nov 23,6171
,,,Nov 24 – Nov 30,5867
,,,Dec 1 – Dec 7,6114
,,,Dec 8 – Dec 14,6151
,,,Dec 15 – Dec 21,6339
,,,Dec 22 – Dec 28,6385
,No value,2023 – 2024,Dec 31 – Jan 6,10 or fewer
,,2024,Jan 7 – Jan 13,10 or fewer
,,,Jan 14 – Jan 20,10 or fewer
,,,Jan 21 – Jan 27,10 or fewer
,,,Jan 28 – Feb 3,10 or fewer
,,,Feb 4 – Feb 10,10 or fewer
,,,Feb 11 – Feb 17,10 or fewer
,,,Feb 18 – Feb 24,10 or fewer
,,,Feb 25 – Mar 2,10 or fewer
,,,Mar 3 – Mar 9,10 or fewer
,,,Mar 10 – Mar 16,10 or fewer
,,,Mar 17 – Mar 23,10 or fewer
,,,Mar 24 – Mar 30,10 or fewer
,,,Mar 31 – Apr 6,10 or fewer
,,,Apr 7 – Apr 13,10 or fewer
,,,Apr 14 – Apr 20,10 or fewer
,,,Apr 21 – Apr 27,10 or fewer
,,,Apr 28 – May 4,10 or fewer
,,,May 5 – May 11,10 or fewer
,,,May 12 – May 18,10 or fewer
,,,May 19 – May 25,10 or fewer
,,,May 26 – Jun 1,10 or fewer
,,,Jun 2 – Jun 8,10 or fewer
,,,Jun 9 – Jun 15,10 or fewer
,,,Jun 16 – Jun 22,10 or fewer
,,,Jun 23 – Jun 29,10 or fewer
,,,Jun 30 – Jul 6,10 or fewer
,,,Jul 7 – Jul 13,10 or fewer
,,,Jul 14 – Jul 20,10 or fewer
,,,Jul 21 – Jul 27,10 or fewer
,,,Jul 28 – Aug 3,10 or fewer
,,,Aug 4 – Aug 10,10 or fewer
,,,Aug 11 – Aug 17,10 or fewer
,,,Aug 18 – Aug 24,10 or fewer
,,,Aug 25 – Aug 31,10 or fewer
,,,Sep 1 – Sep 7,10 or fewer
,,,Sep 8 – Sep 14,10 or fewer
,,,Sep 15 – Sep 21,10 or fewer
,,,Sep 22 – Sep 28,10 or fewer
,,,Sep 29 – Oct 5,10 or fewer
,,,Oct 6 – Oct 12,10 or fewer
,,,Oct 13 – Oct 19,10 or fewer
,,,Oct 20 – Oct 26,10 or fewer
,,,Oct 27 – Nov 2,10 or fewer
,,,Nov 3 – Nov 9,10 or fewer
,,,Nov 10 – Nov 16,10 or fewer
,,,Nov 17 – Nov 23,10 or fewer
,,,Nov 24 – Nov 30,10 or fewer
,,,Dec 1 – Dec 7,10 or fewer
,,,Dec 8 – Dec 14,10 or fewer
,,,Dec 15 – Dec 21,10 or fewer
,,,Dec 22 – Dec 28,10 or fewer
,Total,2023 – 2024,Dec 31 – Jan 6,20843
,,2024,Jan 7 – Jan 13,19886
,,,Jan 14 – Jan 20,18987
,,,Jan 21 – Jan 27,19826
,,,Jan 28 – Feb 3,20127
,,,Feb 4 – Feb 10,20692
,,,Feb 11 – Feb 17,19916
,,,Feb 18 – Feb 24,20638
,,,Feb 25 – Mar 2,20563
,,,Mar 3 – Mar 9,20410
,,,Mar 10 – Mar 16,20442
,,,Mar 17 – Mar 23,20329
,,,Mar 24 – Mar 30,20281
,,,Mar 31 – Apr 6,20695
,,,Apr 7 – Apr 13,20637
,,,Apr 14 – Apr 20,20323
,,,Apr 21 – Apr 27,20342
,,,Apr 28 – May 4,20334
,,,May 5 – May 11,20841
,,,May 12 – May 18,20502
,,,May 19 – May 25,21233
,,,May 26 – Jun 1,21099
,,,Jun 2 – Jun 8,20982
,,,Jun 9 – Jun 15,20316
,,,Jun 16 – Jun 22,20156
,,,Jun 23 – Jun 29,20332
,,,Jun 30 – Jul 6,19785
,,,Jul 7 – Jul 13,21121
,,,Jul 14 – Jul 20,20654
,,,Jul 21 – Jul 27,20192
,,,Jul 28 – Aug 3,20495
,,,Aug 4 – Aug 10,20331
,,,Aug 11 – Aug 17,20409
,,,Aug 18 – Aug 24,19915
,,,Aug 25 – Aug 31,20498
,,,Sep 1 – Sep 7,20818
,,,Sep 8 – Sep 14,21290
,,,Sep 15 – Sep 21,21228
,,,Sep 22 – Sep 28,20834
,,,Sep 29 – Oct 5,20886
,,,Oct 6 – Oct 12,20558
,,,Oct 13 – Oct 19,20361
,,,Oct 20 – Oct 26,21608
,,,Oct 27 – Nov 2,21190
,,,Nov 3 – Nov 9,23319
,,,Nov 10 – Nov 16,22857
,,,Nov 17 – Nov 23,23349
,,,Nov 24 – Nov 30,21894
,,,Dec 1 – Dec 7,23006
,,,Dec 8 – Dec 14,23597
,,,Dec 15 – Dec 21,23708
,,,Dec 22 – Dec 28,23494
Indiana,Less than 1 Years,2023 – 2024,Dec 31 – Jan 6,638
,,2024,Jan 7 – Jan 13,483
,,,Jan 14 – Jan 20,443
,,,Jan 21 – Jan 27,412
,,,Jan 28 – Feb 3,428
,,,Feb 4 – Feb 10,438
,,,Feb 11 – Feb 17,430
,,,Feb 18 – Feb 24,460
,,,Feb 25 – Mar 2,398
,,,Mar 3 – Mar 9,413
,,,Mar 10 – Mar 16,395
,,,Mar 17 – Mar 23,410
,,,Mar 24 – Mar 30,383
,,,Mar 31 – Apr 6,370
,,,Apr 7 – Apr 13,384
,,,Apr 14 – Apr 20,345
,,,Apr 21 – Apr 27,374
,,,Apr 28 – May 4,390
,,,May 5 – May 11,396
,,,May 12 – May 18,360
,,,May 19 – May 25,344
,,,May 26 – Jun 1,421
,,,Jun 2 – Jun 8,379
,,,Jun 9 – Jun 15,301
,,,Jun 16 – Jun 22,362
,,,Jun 23 – Jun 29,347
,,,Jun 30 – Jul 6,316
,,,Jul 7 – Jul 13,329
,,,Jul 14 – Jul 20,294
,,,Jul 21 – Jul 27,356
,,,Jul 28 – Aug 3,397
,,,Aug 4 – Aug 10,340
,,,Aug 11 – Aug 17,384
,,,Aug 18 – Aug 24,402
,,,Aug 25 – Aug 31,409
,,,Sep 1 – Sep 7,407
,,,Sep 8 – Sep 14,364
,,,Sep 15 – Sep 21,366
,,,Sep 22 – Sep 28,359
,,,Sep 29 – Oct 5,391
,,,Oct 6 – Oct 12,423
,,,Oct 13 – Oct 19,407
,,,Oct 20 – Oct 26,423
,,,Oct 27 – Nov 2,402
,,,Nov 3 – Nov 9,430
,,,Nov 10 – Nov 16,410
,,,Nov 17 – Nov 23,467
,,,Nov 24 – Nov 30,530
,,,Dec 1 – Dec 7,545
,,,Dec 8 – Dec 14,539
,,,Dec 15 – Dec 21,641
,,,Dec 22 – Dec 28,755
,≥ 1 and < 5 Years,2023 – 2024,Dec 31 – Jan 6,1181
,,2024,Jan 7 – Jan 13,971
,,,Jan 14 – Jan 20,960
,,,Jan 21 – Jan 27,915
,,,Jan 28 – Feb 3,943
,,,Feb 4 – Feb 10,1072
,,,Feb 11 – Feb 17,1018
,,,Feb 18 – Feb 24,1101
,,,Feb 25 – Mar 2,1106
,,,Mar 3 – Mar 9,1106
,,,Mar 10 – Mar 16,1057
,,,Mar 17 – Mar 23,1036
,,,Mar 24 – Mar 30,999
,,,Mar 31 – Apr 6,984
,,,Apr 7 – Apr 13,958
,,,Apr 14 – Apr 20,939
,,,Apr 21 – Apr 27,921
,,,Apr 28 – May 4,978
,,,May 5 – May 11,945
,,,May 12 – May 18,969
,,,May 19 – May 25,997
,,,May 26 – Jun 1,997
,,,Jun 2 – Jun 8,933
,,,Jun 9 – Jun 15,860
,,,Jun 16 – Jun 22,891
,,,Jun 23 – Jun 29,854
,,,Jun 30 – Jul 6,827
,,,Jul 7 – Jul 13,824
,,,Jul 14 – Jul 20,782
,,,Jul 21 – Jul 27,827
,,,Jul 28 – Aug 3,801
,,,Aug 4 – Aug 10,795
,,,Aug 11 – Aug 17,866
,,,Aug 18 – Aug 24,962
,,,Aug 25 – Aug 31,919
,,,Sep 1 – Sep 7,964
,,,Sep 8 – Sep 14,915
,,,Sep 15 – Sep 21,949
,,,Sep 22 – Sep 28,985
,,,Sep 29 – Oct 5,933
,,,Oct 6 – Oct 12,992
,,,Oct 13 – Oct 19,1025
,,,Oct 20 – Oct 26,1063
,,,Oct 27 – Nov 2,1100
,,,Nov 3 – Nov 9,1077
,,,Nov 10 – Nov 16,1039
,,,Nov 17 – Nov 23,1131
,,,Nov 24 – Nov 30,1179
,,,Dec 1 – Dec 7,1164
,,,Dec 8 – Dec 14,1238
,,,Dec 15 – Dec 21,1414
,,,Dec 22 – Dec 28,1643
,≥ 5 and < 18 Years,2023 – 2024,Dec 31 – Jan 6,1751
,,2024,Jan 7 – Jan 13,1750
,,,Jan 14 – Jan 20,1690
,,,Jan 21 – Jan 27,2162
,,,Jan 28 – Feb 3,2458
,,,Feb 4 – Feb 10,2556
,,,Feb 11 – Feb 17,2498
,,,Feb 18 – Feb 24,2517
,,,Feb 25 – Mar 2,2542
,,,Mar 3 – Mar 9,2524
,,,Mar 10 – Mar 16,2442
,,,Mar 17 – Mar 23,2010
,,,Mar 24 – Mar 30,1837
,,,Mar 31 – Apr 6,1915
,,,Apr 7 – Apr 13,1954
,,,Apr 14 – Apr 20,2230
,,,Apr 21 – Apr 27,2199
,,,Apr 28 – May 4,2296
,,,May 5 – May 11,2300
,,,May 12 – May 18,2254
,,,May 19 – May 25,2172
,,,May 26 – Jun 1,1906
,,,Jun 2 – Jun 8,1911
,,,Jun 9 – Jun 15,1754
,,,Jun 16 – Jun 22,1776
,,,Jun 23 – Jun 29,1814
,,,Jun 30 – Jul 6,1735
,,,Jul 7 – Jul 13,1790
,,,Jul 14 – Jul 20,1658
,,,Jul 21 – Jul 27,1656
,,,Jul 28 – Aug 3,1741
,,,Aug 4 – Aug 10,1905
,,,Aug 11 – Aug 17,2344
,,,Aug 18 – Aug 24,2494
,,,Aug 25 – Aug 31,2438
,,,Sep 1 – Sep 7,2420
,,,Sep 8 – Sep 14,2457
,,,Sep 15 – Sep 21,2619
,,,Sep 22 – Sep 28,2441
,,,Sep 29 – Oct 5,2441
,,,Oct 6 – Oct 12,2410
,,,Oct 13 – Oct 19,2303
,,,Oct 20 – Oct 26,2443
,,,Oct 27 – Nov 2,2362
,,,Nov 3 – Nov 9,2353
,,,Nov 10 – Nov 16,2309
,,,Nov 17 – Nov 23,2437
,,,Nov 24 – Nov 30,1974
,,,Dec 1 – Dec 7,2210
,,,Dec 8 – Dec 14,2484
,,,Dec 15 – Dec 21,2493
,,,Dec 22 – Dec 28,2216
,≥ 18 and < 50 Years,2023 – 2024,Dec 31 – Jan 6,9284
,,2024,Jan 7 – Jan 13,8719
,,,Jan 14 – Jan 20,8060
,,,Jan 21 – Jan 27,8737
,,,Jan 28 – Feb 3,8879
,,,Feb 4 – Feb 10,8936
,,,Feb 11 – Feb 17,8807
,,,Feb 18 – Feb 24,8857
,,,Feb 25 – Mar 2,8926
,,,Mar 3 – Mar 9,9047
,,,Mar 10 – Mar 16,8700
,,,Mar 17 – Mar 23,8652
,,,Mar 24 – Mar 30,8707
,,,Mar 31 – Apr 6,8940
,,,Apr 7 – Apr 13,8696
,,,Apr 14 – Apr 20,8783
,,,Apr 21 – Apr 27,8425
,,,Apr 28 – May 4,8829
,,,May 5 – May 11,9006
,,,May 12 – May 18,9143
,,,May 19 – May 25,9143
,,,May 26 – Jun 1,9072
,,,Jun 2 – Jun 8,9090
,,,Jun 9 – Jun 15,8957
,,,Jun 16 – Jun 22,9136
,,,Jun 23 – Jun 29,9246
,,,Jun 30 – Jul 6,9048
,,,Jul 7 – Jul 13,9532
,,,Jul 14 – Jul 20,9147
,,,Jul 21 – Jul 27,9242
,,,Jul 28 – Aug 3,9276
,,,Aug 4 – Aug 10,9272
,,,Aug 11 – Aug 17,9339
,,,Aug 18 – Aug 24,9299
,,,Aug 25 – Aug 31,9543
,,,Sep 1 – Sep 7,9273
,,,Sep 8 – Sep 14,9177
,,,Sep 15 – Sep 21,9371
,,,Sep 22 – Sep 28,9263
,,,Sep 29 – Oct 5,9251
,,,Oct 6 – Oct 12,9248
,,,Oct 13 – Oct 19,8900
,,,Oct 20 – Oct 26,9134
,,,Oct 27 – Nov 2,9149
,,,Nov 3 – Nov 9,9196
,,,Nov 10 – Nov 16,9039
,,,Nov 17 – Nov 23,9132
,,,Nov 24 – Nov 30,8392
,,,Dec 1 – Dec 7,9074
,,,Dec 8 – Dec 14,9051
,,,Dec 15 – Dec 21,9290
,,,Dec 22 – Dec 28,9597
,≥ 50 and < 65 Years,2023 – 2024,Dec 31 – Jan 6,3925
,,2024,Jan 7 – Jan 13,3617
,,,Jan 14 – Jan 20,3382
,,,Jan 21 – Jan 27,3647
,,,Jan 28 – Feb 3,3762
,,,Feb 4 – Feb 10,3824
,,,Feb 11 – Feb 17,3803
,,,Feb 18 – Feb 24,3789
,,,Feb 25 – Mar 2,3737
,,,Mar 3 – Mar 9,3824
,,,Mar 10 – Mar 16,3881
,,,Mar 17 – Mar 23,3673
,,,Mar 24 – Mar 30,3875
,,,Mar 31 – Apr 6,3623
,,,Apr 7 – Apr 13,3740
,,,Apr 14 – Apr 20,3820
,,,Apr 21 – Apr 27,3700
,,,Apr 28 – May 4,3792
,,,May 5 – May 11,3848
,,,May 12 – May 18,3966
,,,May 19 – May 25,4084
,,,May 26 – Jun 1,3864
,,,Jun 2 – Jun 8,3885
,,,Jun 9 – Jun 15,3952
,,,Jun 16 – Jun 22,3944
,,,Jun 23 – Jun 29,3919
,,,Jun 30 – Jul 6,3725
,,,Jul 7 – Jul 13,4016
,,,Jul 14 – Jul 20,3848
,,,Jul 21 – Jul 27,4039
,,,Jul 28 – Aug 3,3895
,,,Aug 4 – Aug 10,3910
,,,Aug 11 – Aug 17,3962
,,,Aug 18 – Aug 24,3937
,,,Aug 25 – Aug 31,3858
,,,Sep 1 – Sep 7,3940
,,,Sep 8 – Sep 14,3932
,,,Sep 15 – Sep 21,4043
,,,Sep 22 – Sep 28,3811
,,,Sep 29 – Oct 5,3713
,,,Oct 6 – Oct 12,3716
,,,Oct 13 – Oct 19,3773
,,,Oct 20 – Oct 26,3794
,,,Oct 27 – Nov 2,3698
,,,Nov 3 – Nov 9,3781
,,,Nov 10 – Nov 16,3727
,,,Nov 17 – Nov 23,3725
,,,Nov 24 – Nov 30,3506
,,,Dec 1 – Dec 7,3741
,,,Dec 8 – Dec 14,3828
,,,Dec 15 – Dec 21,3866
,,,Dec 22 – Dec 28,4029
,65 Years or more,2023 – 2024,Dec 31 – Jan 6,5495
,,2024,Jan 7 – Jan 13,5106
,,,Jan 14 – Jan 20,4528
,,,Jan 21 – Jan 27,5087
,,,Jan 28 – Feb 3,5056
,,,Feb 4 – Feb 10,5226
,,,Feb 11 – Feb 17,4986
,,,Feb 18 – Feb 24,5139
,,,Feb 25 – Mar 2,5191
,,,Mar 3 – Mar 9,5110
,,,Mar 10 – Mar 16,5039
,,,Mar 17 – Mar 23,4981
,,,Mar 24 – Mar 30,5197
,,,Mar 31 – Apr 6,4997
,,,Apr 7 – Apr 13,5147
,,,Apr 14 – Apr 20,5087
,,,Apr 21 – Apr 27,4964
,,,Apr 28 – May 4,5133
,,,May 5 – May 11,5280
,,,May 12 – May 18,5342
,,,May 19 – May 25,5511
,,,May 26 – Jun 1,5215
,,,Jun 2 – Jun 8,5407
,,,Jun 9 – Jun 15,5301
,,,Jun 16 – Jun 22,5306
,,,Jun 23 – Jun 29,5080
,,,Jun 30 – Jul 6,5143
,,,Jul 7 – Jul 13,5379
,,,Jul 14 – Jul 20,5111
,,,Jul 21 – Jul 27,5234
,,,Jul 28 – Aug 3,5315
,,,Aug 4 – Aug 10,5325
,,,Aug 11 – Aug 17,5346
,,,Aug 18 – Aug 24,5278
,,,Aug 25 – Aug 31,5349
,,,Sep 1 – Sep 7,5390
,,,Sep 8 – Sep 14,5284
,,,Sep 15 – Sep 21,5379
,,,Sep 22 – Sep 28,5161
,,,Sep 29 – Oct 5,5197
,,,Oct 6 – Oct 12,5222
,,,Oct 13 – Oct 19,5147
,,,Oct 20 – Oct 26,5266
,,,Oct 27 – Nov 2,5069
,,,Nov 3 – Nov 9,5136
,,,Nov 10 – Nov 16,5054
,,,Nov 17 – Nov 23,5153
,,,Nov 24 – Nov 30,5102
,,,Dec 1 – Dec 7,5361
,,,Dec 8 – Dec 14,5440
,,,Dec 15 – Dec 21,5475
,,,Dec 22 – Dec 28,5898
,No value,2023 – 2024,Dec 31 – Jan 6,10 or fewer
,,2024,Jan 7 – Jan 13,10 or fewer
,,,Jan 14 – Jan 20,10 or fewer
,,,Jan 21 – Jan 27,10 or fewer
,,,Jan 28 – Feb 3,10 or fewer
,,,Feb 4 – Feb 10,10 or fewer
,,,Feb 11 – Feb 17,10 or fewer
,,,Feb 18 – Feb 24,10 or fewer
,,,Feb 25 – Mar 2,10 or fewer
,,,Mar 3 – Mar 9,10 or fewer
,,,Mar 10 – Mar 16,10 or fewer
,,,Mar 17 – Mar 23,10 or fewer
,,,Mar 24 – Mar 30,10 or fewer
,,,Mar 31 – Apr 6,10 or fewer
,,,Apr 7 – Apr 13,10 or fewer
,,,Apr 14 – Apr 20,10 or fewer
,,,Apr 21 – Apr 27,10 or fewer
,,,Apr 28 – May 4,10 or fewer
,,,May 5 – May 11,10 or fewer
,,,May 12 – May 18,10 or fewer
,,,May 19 – May 25,10 or fewer
,,,May 26 – Jun 1,10 or fewer
,,,Jun 2 – Jun 8,10 or fewer
,,,Jun 9 – Jun 15,10 or fewer
,,,Jun 16 – Jun 22,10 or fewer
,,,Jun 23 – Jun 29,10 or fewer
,,,Jun 30 – Jul 6,10 or fewer
,,,Jul 7 – Jul 13,10 or fewer
,,,Jul 14 – Jul 20,10 or fewer
,,,Jul 21 – Jul 27,10 or fewer
,,,Jul 28 – Aug 3,10 or fewer
,,,Aug 4 – Aug 10,10 or fewer
,,,Aug 11 – Aug 17,10 or fewer
,,,Aug 18 – Aug 24,10 or fewer
,,,Aug 25 – Aug 31,10 or fewer
,,,Sep 1 – Sep 7,10 or fewer
,,,Sep 8 – Sep 14,10 or fewer
,,,Sep 15 – Sep 21,10 or fewer
,,,Sep 22 – Sep 28,10 or fewer
,,,Sep 29 – Oct 5,10 or fewer
,,,Oct 6 – Oct 12,10 or fewer
,,,Oct 13 – Oct 19,10 or fewer
,,,Oct 20 – Oct 26,10 or fewer
,,,Oct 27 – Nov 2,10 or fewer
,,,Nov 3 – Nov 9,10 or fewer
,,,Nov 10 – Nov 16,10 or fewer
,,,Nov 17 – Nov 23,10 or fewer
,,,Nov 24 – Nov 30,10 or fewer
,,,Dec 1 – Dec 7,10 or fewer
,,,Dec 8 – Dec 14,10 or fewer
,,,Dec 15 – Dec 21,10 or fewer
,,,Dec 22 – Dec 28,10 or fewer
,Total,2023 – 2024,Dec 31 – Jan 6,22274
,,2024,Jan 7 – Jan 13,20646
,,,Jan 14 – Jan 20,19063
,,,Jan 21 – Jan 27,20960
,,,Jan 28 – Feb 3,21526
,,,Feb 4 – Feb 10,22052
,,,Feb 11 – Feb 17,21542
,,,Feb 18 – Feb 24,21863
,,,Feb 25 – Mar 2,21900
,,,Mar 3 – Mar 9,22024
,,,Mar 10 – Mar 16,21514
,,,Mar 17 – Mar 23,20762
,,,Mar 24 – Mar 30,20998
,,,Mar 31 – Apr 6,20829
,,,Apr 7 – Apr 13,20879
,,,Apr 14 – Apr 20,21204
,,,Apr 21 – Apr 27,20583
,,,Apr 28 – May 4,21418
,,,May 5 – May 11,21775
,,,May 12 – May 18,22034
,,,May 19 – May 25,22251
,,,May 26 – Jun 1,21475
,,,Jun 2 – Jun 8,21605
,,,Jun 9 – Jun 15,21125
,,,Jun 16 – Jun 22,21415
,,,Jun 23 – Jun 29,21260
,,,Jun 30 – Jul 6,20794
,,,Jul 7 – Jul 13,21870
,,,Jul 14 – Jul 20,20840
,,,Jul 21 – Jul 27,21354
,,,Jul 28 – Aug 3,21425
,,,Aug 4 – Aug 10,21547
,,,Aug 11 – Aug 17,22241
,,,Aug 18 – Aug 24,22372
,,,Aug 25 – Aug 31,22516
,,,Sep 1 – Sep 7,22394
,,,Sep 8 – Sep 14,22129
,,,Sep 15 – Sep 21,22727
,,,Sep 22 – Sep 28,22020
,,,Sep 29 – Oct 5,21926
,,,Oct 6 – Oct 12,22011
,,,Oct 13 – Oct 19,21555
,,,Oct 20 – Oct 26,22123
,,,Oct 27 – Nov 2,21780
,,,Nov 3 – Nov 9,21973
,,,Nov 10 – Nov 16,21578
,,,Nov 17 – Nov 23,22045
,,,Nov 24 – Nov 30,20683
,,,Dec 1 – Dec 7,22095
,,,Dec 8 – Dec 14,22580
,,,Dec 15 – Dec 21,23179
,,,Dec 22 – Dec 28,24138
Massachusetts,Less than 1 Years,2023 – 2024,Dec 31 – Jan 6,482
,,2024,Jan 7 – Jan 13,352
,,,Jan 14 – Jan 20,372
,,,Jan 21 – Jan 27,306
,,,Jan 28 – Feb 3,302
,,,Feb 4 – Feb 10,336
,,,Feb 11 – Feb 17,305
,,,Feb 18 – Feb 24,382
,,,Feb 25 – Mar 2,342
,,,Mar 3 – Mar 9,339
,,,Mar 10 – Mar 16,360
,,,Mar 17 – Mar 23,359
,,,Mar 24 – Mar 30,331
,,,Mar 31 – Apr 6,349
,,,Apr 7 – Apr 13,407
,,,Apr 14 – Apr 20,338
,,,Apr 21 – Apr 27,327
,,,Apr 28 – May 4,331
,,,May 5 – May 11,302
,,,May 12 – May 18,309
,,,May 19 – May 25,308
,,,May 26 – Jun 1,313
,,,Jun 2 – Jun 8,452
,,,Jun 9 – Jun 15,392
,,,Jun 16 – Jun 22,421
,,,Jun 23 – Jun 29,427
,,,Jun 30 – Jul 6,393
,,,Jul 7 – Jul 13,428
,,,Jul 14 – Jul 20,404
,,,Jul 21 – Jul 27,403
,,,Jul 28 – Aug 3,421
,,,Aug 4 – Aug 10,419
,,,Aug 11 – Aug 17,432
,,,Aug 18 – Aug 24,418
,,,Aug 25 – Aug 31,422
,,,Sep 1 – Sep 7,421
,,,Sep 8 – Sep 14,377
,,,Sep 15 – Sep 21,444
,,,Sep 22 – Sep 28,437
,,,Sep 29 – Oct 5,450
,,,Oct 6 – Oct 12,413
,,,Oct 13 – Oct 19,461
,,,Oct 20 – Oct 26,436
,,,Oct 27 – Nov 2,494
,,,Nov 3 – Nov 9,500
,,,Nov 10 – Nov 16,552
,,,Nov 17 – Nov 23,554
,,,Nov 24 – Nov 30,605
,,,Dec 1 – Dec 7,566
,,,Dec 8 – Dec 14,632
,,,Dec 15 – Dec 21,672
,,,Dec 22 – Dec 28,726
,≥ 1 and < 5 Years,2023 – 2024,Dec 31 – Jan 6,843
,,2024,Jan 7 – Jan 13,819
,,,Jan 14 – Jan 20,784
,,,Jan 21 – Jan 27,792
,,,Jan 28 – Feb 3,827
,,,Feb 4 – Feb 10,884
,,,Feb 11 – Feb 17,862
,,,Feb 18 – Feb 24,936
,,,Feb 25 – Mar 2,856
,,,Mar 3 – Mar 9,854
,,,Mar 10 – Mar 16,895
,,,Mar 17 – Mar 23,860
,,,Mar 24 – Mar 30,940
,,,Mar 31 – Apr 6,902
,,,Apr 7 – Apr 13,914
,,,Apr 14 – Apr 20,921
,,,Apr 21 – Apr 27,825
,,,Apr 28 – May 4,819
,,,May 5 – May 11,744
,,,May 12 – May 18,829
,,,May 19 – May 25,793
,,,May 26 – Jun 1,800
,,,Jun 2 – Jun 8,997
,,,Jun 9 – Jun 15,1052
,,,Jun 16 – Jun 22,1012
,,,Jun 23 – Jun 29,943
,,,Jun 30 – Jul 6,857
,,,Jul 7 – Jul 13,964
,,,Jul 14 – Jul 20,909
,,,Jul 21 – Jul 27,925
,,,Jul 28 – Aug 3,953
,,,Aug 4 – Aug 10,887
,,,Aug 11 – Aug 17,920
,,,Aug 18 – Aug 24,910
,,,Aug 25 – Aug 31,890
,,,Sep 1 – Sep 7,987
,,,Sep 8 – Sep 14,1055
,,,Sep 15 – Sep 21,1093
,,,Sep 22 – Sep 28,1045
,,,Sep 29 – Oct 5,1077
,,,Oct 6 – Oct 12,1054
,,,Oct 13 – Oct 19,1089
,,,Oct 20 – Oct 26,1149
,,,Oct 27 – Nov 2,1195
,,,Nov 3 – Nov 9,1218
,,,Nov 10 – Nov 16,1270
,,,Nov 17 – Nov 23,1361
,,,Nov 24 – Nov 30,1454
,,,Dec 1 – Dec 7,1500
,,,Dec 8 – Dec 14,1596
,,,Dec 15 – Dec 21,1617
,,,Dec 22 – Dec 28,1756
,≥ 5 and < 18 Years,2023 – 2024,Dec 31 – Jan 6,1511
,,2024,Jan 7 – Jan 13,1612
,,,Jan 14 – Jan 20,1559
,,,Jan 21 – Jan 27,1705
,,,Jan 28 – Feb 3,1912
,,,Feb 4 – Feb 10,2043
,,,Feb 11 – Feb 17,1867
,,,Feb 18 – Feb 24,1684
,,,Feb 25 – Mar 2,1709
,,,Mar 3 – Mar 9,1851
,,,Mar 10 – Mar 16,1910
,,,Mar 17 – Mar 23,1827
,,,Mar 24 – Mar 30,1906
,,,Mar 31 – Apr 6,1856
,,,Apr 7 – Apr 13,1833
,,,Apr 14 – Apr 20,1510
,,,Apr 21 – Apr 27,1773
,,,Apr 28 – May 4,1898
,,,May 5 – May 11,1812
,,,May 12 – May 18,1919
,,,May 19 – May 25,1836
,,,May 26 – Jun 1,1856
,,,Jun 2 – Jun 8,2323
,,,Jun 9 – Jun 15,2206
,,,Jun 16 – Jun 22,1931
,,,Jun 23 – Jun 29,1948
,,,Jun 30 – Jul 6,1773
,,,Jul 7 – Jul 13,1936
,,,Jul 14 – Jul 20,2027
,,,Jul 21 – Jul 27,1836
,,,Jul 28 – Aug 3,1859
,,,Aug 4 – Aug 10,1767
,,,Aug 11 – Aug 17,1739
,,,Aug 18 – Aug 24,1835
,,,Aug 25 – Aug 31,2034
,,,Sep 1 – Sep 7,2169
,,,Sep 8 – Sep 14,2487
,,,Sep 15 – Sep 21,2664
,,,Sep 22 – Sep 28,2468
,,,Sep 29 – Oct 5,2374
,,,Oct 6 – Oct 12,2503
,,,Oct 13 – Oct 19,2222
,,,Oct 20 – Oct 26,2695
,,,Oct 27 – Nov 2,2606
,,,Nov 3 – Nov 9,2575
,,,Nov 10 – Nov 16,2427
,,,Nov 17 – Nov 23,2487
,,,Nov 24 – Nov 30,2219
,,,Dec 1 – Dec 7,2384
,,,Dec 8 – Dec 14,2552
,,,Dec 15 – Dec 21,2654
,,,Dec 22 – Dec 28,2177
,≥ 18 and < 50 Years,2023 – 2024,Dec 31 – Jan 6,7718
,,2024,Jan 7 – Jan 13,7397
,,,Jan 14 – Jan 20,7371
,,,Jan 21 – Jan 27,7461
,,,Jan 28 – Feb 3,7746
,,,Feb 4 – Feb 10,7822
,,,Feb 11 – Feb 17,7690
,,,Feb 18 – Feb 24,7886
,,,Feb 25 – Mar 2,7849
,,,Mar 3 – Mar 9,7929
,,,Mar 10 – Mar 16,7792
,,,Mar 17 – Mar 23,7766
,,,Mar 24 – Mar 30,7796
,,,Mar 31 – Apr 6,7783
,,,Apr 7 – Apr 13,7735
,,,Apr 14 – Apr 20,7921
,,,Apr 21 – Apr 27,7704
,,,Apr 28 – May 4,7740
,,,May 5 – May 11,7543
,,,May 12 – May 18,7590
,,,May 19 – May 25,7799
,,,May 26 – Jun 1,7982
,,,Jun 2 – Jun 8,8160
,,,Jun 9 – Jun 15,8113
,,,Jun 16 – Jun 22,7869
,,,Jun 23 – Jun 29,8117
,,,Jun 30 – Jul 6,7862
,,,Jul 7 – Jul 13,8305
,,,Jul 14 – Jul 20,8516
,,,Jul 21 – Jul 27,8216
,,,Jul 28 – Aug 3,8151
,,,Aug 4 – Aug 10,8136
,,,Aug 11 – Aug 17,8015
,,,Aug 18 – Aug 24,7849
,,,Aug 25 – Aug 31,8176
,,,Sep 1 – Sep 7,8246
,,,Sep 8 – Sep 14,8304
,,,Sep 15 – Sep 21,8363
,,,Sep 22 – Sep 28,8009
,,,Sep 29 – Oct 5,8047
,,,Oct 6 – Oct 12,7923
,,,Oct 13 – Oct 19,8143
,,,Oct 20 – Oct 26,8592
,,,Oct 27 – Nov 2,8991
,,,Nov 3 – Nov 9,9232
,,,Nov 10 – Nov 16,9218
,,,Nov 17 – Nov 23,9445
,,,Nov 24 – Nov 30,8687
,,,Dec 1 – Dec 7,9344
,,,Dec 8 – Dec 14,9034
,,,Dec 15 – Dec 21,8908
,,,Dec 22 – Dec 28,8933
,≥ 50 and < 65 Years,2023 – 2024,Dec 31 – Jan 6,3457
,,2024,Jan 7 – Jan 13,3343
,,,Jan 14 – Jan 20,3334
,,,Jan 21 – Jan 27,3230
,,,Jan 28 – Feb 3,3273
,,,Feb 4 – Feb 10,3445
,,,Feb 11 – Feb 17,3214
,,,Feb 18 – Feb 24,3451
,,,Feb 25 – Mar 2,3314
,,,Mar 3 – Mar 9,3396
,,,Mar 10 – Mar 16,3426
,,,Mar 17 – Mar 23,3196
,,,Mar 24 – Mar 30,3291
,,,Mar 31 – Apr 6,3280
,,,Apr 7 – Apr 13,3400
,,,Apr 14 – Apr 20,3399
,,,Apr 21 – Apr 27,3380
,,,Apr 28 – May 4,3460
,,,May 5 – May 11,3376
,,,May 12 – May 18,3397
,,,May 19 – May 25,3462
,,,May 26 – Jun 1,3494
,,,Jun 2 – Jun 8,3612
,,,Jun 9 – Jun 15,3665
,,,Jun 16 – Jun 22,3676
,,,Jun 23 – Jun 29,3738
,,,Jun 30 – Jul 6,3557
,,,Jul 7 – Jul 13,3705
,,,Jul 14 – Jul 20,3677
,,,Jul 21 – Jul 27,3687
,,,Jul 28 – Aug 3,3738
,,,Aug 4 – Aug 10,3708
,,,Aug 11 – Aug 17,3739
,,,Aug 18 – Aug 24,3484
,,,Aug 25 – Aug 31,3613
,,,Sep 1 – Sep 7,3515
,,,Sep 8 – Sep 14,3458
,,,Sep 15 – Sep 21,3416
,,,Sep 22 – Sep 28,3487
,,,Sep 29 – Oct 5,3593
,,,Oct 6 – Oct 12,3554
,,,Oct 13 – Oct 19,3534
,,,Oct 20 – Oct 26,3714
,,,Oct 27 – Nov 2,3872
,,,Nov 3 – Nov 9,4097
,,,Nov 10 – Nov 16,4071
,,,Nov 17 – Nov 23,4158
,,,Nov 24 – Nov 30,3857
,,,Dec 1 – Dec 7,4138
,,,Dec 8 – Dec 14,4082
,,,Dec 15 – Dec 21,4068
,,,Dec 22 – Dec 28,4081
,65 Years or more,2023 – 2024,Dec 31 – Jan 6,5059
,,2024,Jan 7 – Jan 13,4912
,,,Jan 14 – Jan 20,4722
,,,Jan 21 – Jan 27,4658
,,,Jan 28 – Feb 3,4645
,,,Feb 4 – Feb 10,4735
,,,Feb 11 – Feb 17,4792
,,,Feb 18 – Feb 24,4869
,,,Feb 25 – Mar 2,4829
,,,Mar 3 – Mar 9,4713
,,,Mar 10 – Mar 16,4842
,,,Mar 17 – Mar 23,4740
,,,Mar 24 – Mar 30,4706
,,,Mar 31 – Apr 6,4663
,,,Apr 7 – Apr 13,4936
,,,Apr 14 – Apr 20,4906
,,,Apr 21 – Apr 27,4813
,,,Apr 28 – May 4,4904
,,,May 5 – May 11,4976
,,,May 12 – May 18,4864
,,,May 19 – May 25,5060
,,,May 26 – Jun 1,4877
,,,Jun 2 – Jun 8,5200
,,,Jun 9 – Jun 15,5311
,,,Jun 16 – Jun 22,5315
,,,Jun 23 – Jun 29,5437
,,,Jun 30 – Jul 6,5347
,,,Jul 7 – Jul 13,5488
,,,Jul 14 – Jul 20,5206
,,,Jul 21 – Jul 27,5380
,,,Jul 28 – Aug 3,5477
,,,Aug 4 – Aug 10,5305
,,,Aug 11 – Aug 17,5362
,,,Aug 18 – Aug 24,5427
,,,Aug 25 – Aug 31,5283
,,,Sep 1 – Sep 7,5313
,,,Sep 8 – Sep 14,5352
,,,Sep 15 – Sep 21,5169
,,,Sep 22 – Sep 28,5187
,,,Sep 29 – Oct 5,5324
,,,Oct 6 – Oct 12,5279
,,,Oct 13 – Oct 19,5282
,,,Oct 20 – Oct 26,5551
,,,Oct 27 – Nov 2,6089
,,,Nov 3 – Nov 9,6492
,,,Nov 10 – Nov 16,6205
,,,Nov 17 – Nov 23,6440
,,,Nov 24 – Nov 30,6308
,,,Dec 1 – Dec 7,6444
,,,Dec 8 – Dec 14,6409
,,,Dec 15 – Dec 21,6508
,,,Dec 22 – Dec 28,7036
,No value,2023 – 2024,Dec 31 – Jan 6,10 or fewer
,,2024,Jan 7 – Jan 13,10 or fewer
,,,Jan 14 – Jan 20,10 or fewer
,,,Jan 21 – Jan 27,10 or fewer
,,,Jan 28 – Feb 3,10 or fewer
,,,Feb 4 – Feb 10,10 or fewer
,,,Feb 11 – Feb 17,10 or fewer
,,,Feb 18 – Feb 24,10 or fewer
,,,Feb 25 – Mar 2,10 or fewer
,,,Mar 3 – Mar 9,10 or fewer
,,,Mar 10 – Mar 16,10 or fewer
,,,Mar 17 – Mar 23,10 or fewer
,,,Mar 24 – Mar 30,10 or fewer
,,,Mar 31 – Apr 6,10 or fewer
,,,Apr 7 – Apr 13,10 or fewer
,,,Apr 14 – Apr 20,10 or fewer
,,,Apr 21 – Apr 27,10 or fewer
,,,Apr 28 – May 4,10 or fewer
,,,May 5 – May 11,10 or fewer
,,,May 12 – May 18,10 or fewer
,,,May 19 – May 25,10 or fewer
,,,May 26 – Jun 1,10 or fewer
,,,Jun 2 – Jun 8,10 or fewer
,,,Jun 9 – Jun 15,10 or fewer
,,,Jun 16 – Jun 22,10 or fewer
,,,Jun 23 – Jun 29,10 or fewer
,,,Jun 30 – Jul 6,10 or fewer
,,,Jul 7 – Jul 13,10 or fewer
,,,Jul 14 – Jul 20,10 or fewer
,,,Jul 21 – Jul 27,10 or fewer
,,,Jul 28 – Aug 3,10 or fewer
,,,Aug 4 – Aug 10,10 or fewer
,,,Aug 11 – Aug 17,10 or fewer
,,,Aug 18 – Aug 24,10 or fewer
,,,Aug 25 – Aug 31,10 or fewer
,,,Sep 1 – Sep 7,10 or fewer
,,,Sep 8 – Sep 14,10 or fewer
,,,Sep 15 – Sep 21,10 or fewer
,,,Sep 22 – Sep 28,10 or fewer
,,,Sep 29 – Oct 5,10 or fewer
,,,Oct 6 – Oct 12,10 or fewer
,,,Oct 13 – Oct 19,10 or fewer
,,,Oct 20 – Oct 26,10 or fewer
,,,Oct 27 – Nov 2,10 or fewer
,,,Nov 3 – Nov 9,10 or fewer
,,,Nov 10 – Nov 16,10 or fewer
,,,Nov 17 – Nov 23,10 or fewer
,,,Nov 24 – Nov 30,10 or fewer
,,,Dec 1 – Dec 7,10 or fewer
,,,Dec 8 – Dec 14,10 or fewer
,,,Dec 15 – Dec 21,10 or fewer
,,,Dec 22 – Dec 28,10 or fewer
,Total,2023 – 2024,Dec 31 – Jan 6,19070
,,2024,Jan 7 – Jan 13,18435
,,,Jan 14 – Jan 20,18142
,,,Jan 21 – Jan 27,18152
,,,Jan 28 – Feb 3,18705
,,,Feb 4 – Feb 10,19265
,,,Feb 11 – Feb 17,18730
,,,Feb 18 – Feb 24,19208
,,,Feb 25 – Mar 2,18899
,,,Mar 3 – Mar 9,19082
,,,Mar 10 – Mar 16,19225
,,,Mar 17 – Mar 23,18748
,,,Mar 24 – Mar 30,18970
,,,Mar 31 – Apr 6,18833
,,,Apr 7 – Apr 13,19225
,,,Apr 14 – Apr 20,18995
,,,Apr 21 – Apr 27,18822
,,,Apr 28 – May 4,19152
,,,May 5 – May 11,18753
,,,May 12 – May 18,18908
,,,May 19 – May 25,19258
,,,May 26 – Jun 1,19322
,,,Jun 2 – Jun 8,20744
,,,Jun 9 – Jun 15,20739
,,,Jun 16 – Jun 22,20224
,,,Jun 23 – Jun 29,20610
,,,Jun 30 – Jul 6,19789
,,,Jul 7 – Jul 13,20826
,,,Jul 14 – Jul 20,20739
,,,Jul 21 – Jul 27,20447
,,,Jul 28 – Aug 3,20599
,,,Aug 4 – Aug 10,20222
,,,Aug 11 – Aug 17,20207
,,,Aug 18 – Aug 24,19923
,,,Aug 25 – Aug 31,20418
,,,Sep 1 – Sep 7,20651
,,,Sep 8 – Sep 14,21033
,,,Sep 15 – Sep 21,21149
,,,Sep 22 – Sep 28,20633
,,,Sep 29 – Oct 5,20865
,,,Oct 6 – Oct 12,20726
,,,Oct 13 – Oct 19,20731
,,,Oct 20 – Oct 26,22137
,,,Oct 27 – Nov 2,23247
,,,Nov 3 – Nov 9,24114
,,,Nov 10 – Nov 16,23743
,,,Nov 17 – Nov 23,24445
,,,Nov 24 – Nov 30,23130
,,,Dec 1 – Dec 7,24376
,,,Dec 8 – Dec 14,24305
,,,Dec 15 – Dec 21,24428
,,,Dec 22 – Dec 28,24709
Kentucky,Less than 1 Years,2023 – 2024,Dec 31 – Jan 6,837
,,2024,Jan 7 – Jan 13,582
,,,Jan 14 – Jan 20,510
,,,Jan 21 – Jan 27,552
,,,Jan 28 – Feb 3,510
,,,Feb 4 – Feb 10,533
,,,Feb 11 – Feb 17,526
,,,Feb 18 – Feb 24,561
,,,Feb 25 – Mar 2,575
,,,Mar 3 – Mar 9,534
,,,Mar 10 – Mar 16,518
,,,Mar 17 – Mar 23,548
,,,Mar 24 – Mar 30,535
,,,Mar 31 – Apr 6,569
,,,Apr 7 – Apr 13,545
,,,Apr 14 – Apr 20,473
,,,Apr 21 – Apr 27,519
,,,Apr 28 – May 4,493
,,,May 5 – May 11,491
,,,May 12 – May 18,494
,,,May 19 – May 25,473
,,,May 26 – Jun 1,496
,,,Jun 2 – Jun 8,504
,,,Jun 9 – Jun 15,418
,,,Jun 16 – Jun 22,423
,,,Jun 23 – Jun 29,425
,,,Jun 30 – Jul 6,403
,,,Jul 7 – Jul 13,437
,,,Jul 14 – Jul 20,415
,,,Jul 21 – Jul 27,464
,,,Jul 28 – Aug 3,463
,,,Aug 4 – Aug 10,494
,,,Aug 11 – Aug 17,531
,,,Aug 18 – Aug 24,582
,,,Aug 25 – Aug 31,595
,,,Sep 1 – Sep 7,557
,,,Sep 8 – Sep 14,535
,,,Sep 15 – Sep 21,470
,,,Sep 22 – Sep 28,462
,,,Sep 29 – Oct 5,522
,,,Oct 6 – Oct 12,527
,,,Oct 13 – Oct 19,548
,,,Oct 20 – Oct 26,539
,,,Oct 27 – Nov 2,578
,,,Nov 3 – Nov 9,624
,,,Nov 10 – Nov 16,640
,,,Nov 17 – Nov 23,609
,,,Nov 24 – Nov 30,631
,,,Dec 1 – Dec 7,730
,,,Dec 8 – Dec 14,715
,,,Dec 15 – Dec 21,805
,,,Dec 22 – Dec 28,928
,≥ 1 and < 5 Years,2023 – 2024,Dec 31 – Jan 6,1461
,,2024,Jan 7 – Jan 13,1212
,,,Jan 14 – Jan 20,1029
,,,Jan 21 – Jan 27,1134
,,,Jan 28 – Feb 3,1136
,,,Feb 4 – Feb 10,1233
,,,Feb 11 – Feb 17,1204
,,,Feb 18 – Feb 24,1280
,,,Feb 25 – Mar 2,1195
,,,Mar 3 – Mar 9,1129
,,,Mar 10 – Mar 16,1203
,,,Mar 17 – Mar 23,1105
,,,Mar 24 – Mar 30,1259
,,,Mar 31 – Apr 6,1157
,,,Apr 7 – Apr 13,1183
,,,Apr 14 – Apr 20,1131
,,,Apr 21 – Apr 27,1127
,,,Apr 28 – May 4,1149
,,,May 5 – May 11,1120
,,,May 12 – May 18,1096
,,,May 19 – May 25,1100
,,,May 26 – Jun 1,1175
,,,Jun 2 – Jun 8,1017
,,,Jun 9 – Jun 15,972
,,,Jun 16 – Jun 22,985
,,,Jun 23 – Jun 29,960
,,,Jun 30 – Jul 6,995
,,,Jul 7 – Jul 13,1020
,,,Jul 14 – Jul 20,919
,,,Jul 21 – Jul 27,1025
,,,Jul 28 – Aug 3,981
,,,Aug 4 – Aug 10,1016
,,,Aug 11 – Aug 17,1018
,,,Aug 18 – Aug 24,1082
,,,Aug 25 – Aug 31,1128
,,,Sep 1 – Sep 7,1192
,,,Sep 8 – Sep 14,1164
,,,Sep 15 – Sep 21,1119
,,,Sep 22 – Sep 28,1101
,,,Sep 29 – Oct 5,1191
,,,Oct 6 – Oct 12,1137
,,,Oct 13 – Oct 19,1115
,,,Oct 20 – Oct 26,1289
,,,Oct 27 – Nov 2,1223
,,,Nov 3 – Nov 9,1323
,,,Nov 10 – Nov 16,1340
,,,Nov 17 – Nov 23,1375
,,,Nov 24 – Nov 30,1401
,,,Dec 1 – Dec 7,1331
,,,Dec 8 – Dec 14,1444
,,,Dec 15 – Dec 21,1608
,,,Dec 22 – Dec 28,1867
,≥ 5 and < 18 Years,2023 – 2024,Dec 31 – Jan 6,1986
,,2024,Jan 7 – Jan 13,2218
,,,Jan 14 – Jan 20,1707
,,,Jan 21 – Jan 27,2086
,,,Jan 28 – Feb 3,2421
,,,Feb 4 – Feb 10,2772
,,,Feb 11 – Feb 17,2563
,,,Feb 18 – Feb 24,2559
,,,Feb 25 – Mar 2,2567
,,,Mar 3 – Mar 9,2601
,,,Mar 10 – Mar 16,2543
,,,Mar 17 – Mar 23,2473
,,,Mar 24 – Mar 30,2478
,,,Mar 31 – Apr 6,1856
,,,Apr 7 – Apr 13,2181
,,,Apr 14 – Apr 20,2354
,,,Apr 21 – Apr 27,2442
,,,Apr 28 – May 4,2484
,,,May 5 – May 11,2438
,,,May 12 – May 18,2375
,,,May 19 – May 25,2195
,,,May 26 – Jun 1,1983
,,,Jun 2 – Jun 8,1894
,,,Jun 9 – Jun 15,1904
,,,Jun 16 – Jun 22,1834
,,,Jun 23 – Jun 29,1760
,,,Jun 30 – Jul 6,1743
,,,Jul 7 – Jul 13,1861
,,,Jul 14 – Jul 20,1830
,,,Jul 21 – Jul 27,1854
,,,Jul 28 – Aug 3,1698
,,,Aug 4 – Aug 10,1885
,,,Aug 11 – Aug 17,2293
,,,Aug 18 – Aug 24,2697
,,,Aug 25 – Aug 31,2578
,,,Sep 1 – Sep 7,2604
,,,Sep 8 – Sep 14,2683
,,,Sep 15 – Sep 21,2817
,,,Sep 22 – Sep 28,2477
,,,Sep 29 – Oct 5,2286
,,,Oct 6 – Oct 12,2334
,,,Oct 13 – Oct 19,2450
,,,Oct 20 – Oct 26,2751
,,,Oct 27 – Nov 2,2821
,,,Nov 3 – Nov 9,2520
,,,Nov 10 – Nov 16,2570
,,,Nov 17 – Nov 23,2513
,,,Nov 24 – Nov 30,2036
,,,Dec 1 – Dec 7,2368
,,,Dec 8 – Dec 14,2681
,,,Dec 15 – Dec 21,2591
,,,Dec 22 – Dec 28,2301
,≥ 18 and < 50 Years,2023 – 2024,Dec 31 – Jan 6,7450
,,2024,Jan 7 – Jan 13,7104
,,,Jan 14 – Jan 20,6354
,,,Jan 21 – Jan 27,7162
,,,Jan 28 – Feb 3,7220
,,,Feb 4 – Feb 10,7245
,,,Feb 11 – Feb 17,7139
,,,Feb 18 – Feb 24,7274
,,,Feb 25 – Mar 2,7306
,,,Mar 3 – Mar 9,7289
,,,Mar 10 – Mar 16,7036
,,,Mar 17 – Mar 23,6920
,,,Mar 24 – Mar 30,7042
,,,Mar 31 – Apr 6,7160
,,,Apr 7 – Apr 13,7155
,,,Apr 14 – Apr 20,6992
,,,Apr 21 – Apr 27,7046
,,,Apr 28 – May 4,7145
,,,May 5 – May 11,7220
,,,May 12 – May 18,7216
,,,May 19 – May 25,7211
,,,May 26 – Jun 1,7320
,,,Jun 2 – Jun 8,7444
,,,Jun 9 – Jun 15,7282
,,,Jun 16 – Jun 22,7576
,,,Jun 23 – Jun 29,7449
,,,Jun 30 – Jul 6,7524
,,,Jul 7 – Jul 13,7766
,,,Jul 14 – Jul 20,7558
,,,Jul 21 – Jul 27,7683
,,,Jul 28 – Aug 3,7710
,,,Aug 4 – Aug 10,7619
,,,Aug 11 – Aug 17,7733
,,,Aug 18 – Aug 24,7610
,,,Aug 25 – Aug 31,7883
,,,Sep 1 – Sep 7,7629
,,,Sep 8 – Sep 14,7676
,,,Sep 15 – Sep 21,7777
,,,Sep 22 – Sep 28,7485
,,,Sep 29 – Oct 5,7564
,,,Oct 6 – Oct 12,7591
,,,Oct 13 – Oct 19,7184
,,,Oct 20 – Oct 26,7572
,,,Oct 27 – Nov 2,7494
,,,Nov 3 – Nov 9,7686
,,,Nov 10 – Nov 16,7566
,,,Nov 17 – Nov 23,7680
,,,Nov 24 – Nov 30,6992
,,,Dec 1 – Dec 7,7388
,,,Dec 8 – Dec 14,7505
,,,Dec 15 – Dec 21,7733
,,,Dec 22 – Dec 28,7807
,≥ 50 and < 65 Years,2023 – 2024,Dec 31 – Jan 6,3458
,,2024,Jan 7 – Jan 13,3342
,,,Jan 14 – Jan 20,2888
,,,Jan 21 – Jan 27,3493
,,,Jan 28 – Feb 3,3337
,,,Feb 4 – Feb 10,3460
,,,Feb 11 – Feb 17,3306
,,,Feb 18 – Feb 24,3342
,,,Feb 25 – Mar 2,3306
,,,Mar 3 – Mar 9,3378
,,,Mar 10 – Mar 16,3392
,,,Mar 17 – Mar 23,3398
,,,Mar 24 – Mar 30,3360
,,,Mar 31 – Apr 6,3233
,,,Apr 7 – Apr 13,3360
,,,Apr 14 – Apr 20,3371
,,,Apr 21 – Apr 27,3347
,,,Apr 28 – May 4,3290
,,,May 5 – May 11,3455
,,,May 12 – May 18,3436
,,,May 19 – May 25,3511
,,,May 26 – Jun 1,3409
,,,Jun 2 – Jun 8,3493
,,,Jun 9 – Jun 15,3444
,,,Jun 16 – Jun 22,3594
,,,Jun 23 – Jun 29,3539
,,,Jun 30 – Jul 6,3389
,,,Jul 7 – Jul 13,3494
,,,Jul 14 – Jul 20,3353
,,,Jul 21 – Jul 27,3432
,,,Jul 28 – Aug 3,3282
,,,Aug 4 – Aug 10,3640
,,,Aug 11 – Aug 17,3485
,,,Aug 18 – Aug 24,3544
,,,Aug 25 – Aug 31,3520
,,,Sep 1 – Sep 7,3590
,,,Sep 8 – Sep 14,3399
,,,Sep 15 – Sep 21,3621
,,,Sep 22 – Sep 28,3354
,,,Sep 29 – Oct 5,3377
,,,Oct 6 – Oct 12,3290
,,,Oct 13 – Oct 19,3311
,,,Oct 20 – Oct 26,3418
,,,Oct 27 – Nov 2,3370
,,,Nov 3 – Nov 9,3458
,,,Nov 10 – Nov 16,3475
,,,Nov 17 – Nov 23,3546
,,,Nov 24 – Nov 30,3368
,,,Dec 1 – Dec 7,3272
,,,Dec 8 – Dec 14,3503
,,,Dec 15 – Dec 21,3515
,,,Dec 22 – Dec 28,3730
,65 Years or more,2023 – 2024,Dec 31 – Jan 6,5097
,,2024,Jan 7 – Jan 13,4743
,,,Jan 14 – Jan 20,4021
,,,Jan 21 – Jan 27,4764
,,,Jan 28 – Feb 3,4771
,,,Feb 4 – Feb 10,4926
,,,Feb 11 – Feb 17,4544
,,,Feb 18 – Feb 24,4843
,,,Feb 25 – Mar 2,4739
,,,Mar 3 – Mar 9,4774
,,,Mar 10 – Mar 16,4713
,,,Mar 17 – Mar 23,4635
,,,Mar 24 – Mar 30,4759
,,,Mar 31 – Apr 6,4766
,,,Apr 7 – Apr 13,4704
,,,Apr 14 – Apr 20,4913
,,,Apr 21 – Apr 27,4682
,,,Apr 28 – May 4,4894
,,,May 5 – May 11,4854
,,,May 12 – May 18,4869
,,,May 19 – May 25,5099
,,,May 26 – Jun 1,4899
,,,Jun 2 – Jun 8,5085
,,,Jun 9 – Jun 15,5072
,,,Jun 16 – Jun 22,4957
,,,Jun 23 – Jun 29,4837
,,,Jun 30 – Jul 6,4885
,,,Jul 7 – Jul 13,4933
,,,Jul 14 – Jul 20,4879
,,,Jul 21 – Jul 27,5089
,,,Jul 28 – Aug 3,4774
,,,Aug 4 – Aug 10,5007
,,,Aug 11 – Aug 17,4950
,,,Aug 18 – Aug 24,5016
,,,Aug 25 – Aug 31,4976
,,,Sep 1 – Sep 7,5024
,,,Sep 8 – Sep 14,4913
,,,Sep 15 – Sep 21,4954
,,,Sep 22 – Sep 28,4817
,,,Sep 29 – Oct 5,4995
,,,Oct 6 – Oct 12,4815
,,,Oct 13 – Oct 19,4871
,,,Oct 20 – Oct 26,4846
,,,Oct 27 – Nov 2,4873
,,,Nov 3 – Nov 9,4866
,,,Nov 10 – Nov 16,4774
,,,Nov 17 – Nov 23,5026
,,,Nov 24 – Nov 30,4814
,,,Dec 1 – Dec 7,4868
,,,Dec 8 – Dec 14,5027
,,,Dec 15 – Dec 21,5091
,,,Dec 22 – Dec 28,5578
,No value,2023 – 2024,Dec 31 – Jan 6,10 or fewer
,,2024,Jan 7 – Jan 13,10 or fewer
,,,Jan 14 – Jan 20,10 or fewer
,,,Jan 21 – Jan 27,10 or fewer
,,,Jan 28 – Feb 3,10 or fewer
,,,Feb 4 – Feb 10,10 or fewer
,,,Feb 11 – Feb 17,10 or fewer
,,,Feb 18 – Feb 24,10 or fewer
,,,Feb 25 – Mar 2,10 or fewer
,,,Mar 3 – Mar 9,10 or fewer
,,,Mar 10 – Mar 16,10 or fewer
,,,Mar 17 – Mar 23,10 or fewer
,,,Mar 24 – Mar 30,10 or fewer
,,,Mar 31 – Apr 6,10 or fewer
,,,Apr 7 – Apr 13,10 or fewer
,,,Apr 14 – Apr 20,10 or fewer
,,,Apr 21 – Apr 27,10 or fewer
,,,Apr 28 – May 4,10 or fewer
,,,May 5 – May 11,10 or fewer
,,,May 12 – May 18,10 or fewer
,,,May 19 – May 25,10 or fewer
,,,May 26 – Jun 1,10 or fewer
,,,Jun 2 – Jun 8,10 or fewer
,,,Jun 9 – Jun 15,10 or fewer
,,,Jun 16 – Jun 22,10 or fewer
,,,Jun 23 – Jun 29,10 or fewer
,,,Jun 30 – Jul 6,10 or fewer
,,,Jul 7 – Jul 13,10 or fewer
,,,Jul 14 – Jul 20,10 or fewer
,,,Jul 21 – Jul 27,10 or fewer
,,,Jul 28 – Aug 3,10 or fewer
,,,Aug 4 – Aug 10,10 or fewer
,,,Aug 11 – Aug 17,10 or fewer
,,,Aug 18 – Aug 24,10 or fewer
,,,Aug 25 – Aug 31,10 or fewer
,,,Sep 1 – Sep 7,10 or fewer
,,,Sep 8 – Sep 14,10 or fewer
,,,Sep 15 – Sep 21,10 or fewer
,,,Sep 22 – Sep 28,10 or fewer
,,,Sep 29 – Oct 5,10 or fewer
,,,Oct 6 – Oct 12,10 or fewer
,,,Oct 13 – Oct 19,10 or fewer
,,,Oct 20 – Oct 26,10 or fewer
,,,Oct 27 – Nov 2,10 or fewer
,,,Nov 3 – Nov 9,10 or fewer
,,,Nov 10 – Nov 16,10 or fewer
,,,Nov 17 – Nov 23,10 or fewer
,,,Nov 24 – Nov 30,10 or fewer
,,,Dec 1 – Dec 7,10 or fewer
,,,Dec 8 – Dec 14,10 or fewer
,,,Dec 15 – Dec 21,10 or fewer
,,,Dec 22 – Dec 28,10 or fewer
,Total,2023 – 2024,Dec 31 – Jan 6,20289
,,2024,Jan 7 – Jan 13,19201
,,,Jan 14 – Jan 20,16509
,,,Jan 21 – Jan 27,19191
,,,Jan 28 – Feb 3,19395
,,,Feb 4 – Feb 10,20169
,,,Feb 11 – Feb 17,19282
,,,Feb 18 – Feb 24,19859
,,,Feb 25 – Mar 2,19688
,,,Mar 3 – Mar 9,19705
,,,Mar 10 – Mar 16,19405
,,,Mar 17 – Mar 23,19079
,,,Mar 24 – Mar 30,19433
,,,Mar 31 – Apr 6,18741
,,,Apr 7 – Apr 13,19128
,,,Apr 14 – Apr 20,19234
,,,Apr 21 – Apr 27,19163
,,,Apr 28 – May 4,19455
,,,May 5 – May 11,19578
,,,May 12 – May 18,19486
,,,May 19 – May 25,19589
,,,May 26 – Jun 1,19282
,,,Jun 2 – Jun 8,19437
,,,Jun 9 – Jun 15,19092
,,,Jun 16 – Jun 22,19369
,,,Jun 23 – Jun 29,18970
,,,Jun 30 – Jul 6,18939
,,,Jul 7 – Jul 13,19511
,,,Jul 14 – Jul 20,18954
,,,Jul 21 – Jul 27,19547
,,,Jul 28 – Aug 3,18908
,,,Aug 4 – Aug 10,19661
,,,Aug 11 – Aug 17,20010
,,,Aug 18 – Aug 24,20531
,,,Aug 25 – Aug 31,20680
,,,Sep 1 – Sep 7,20596
,,,Sep 8 – Sep 14,20370
,,,Sep 15 – Sep 21,20758
,,,Sep 22 – Sep 28,19696
,,,Sep 29 – Oct 5,19935
,,,Oct 6 – Oct 12,19694
,,,Oct 13 – Oct 19,19479
,,,Oct 20 – Oct 26,20415
,,,Oct 27 – Nov 2,20359
,,,Nov 3 – Nov 9,20477
,,,Nov 10 – Nov 16,20365
,,,Nov 17 – Nov 23,20749
,,,Nov 24 – Nov 30,19242
,,,Dec 1 – Dec 7,19957
,,,Dec 8 – Dec 14,20875
,,,Dec 15 – Dec 21,21343
,,,Dec 22 – Dec 28,22211
Wisconsin,Less than 1 Years,2023 – 2024,Dec 31 – Jan 6,840
,,2024,Jan 7 – Jan 13,615
,,,Jan 14 – Jan 20,525
,,,Jan 21 – Jan 27,497
,,,Jan 28 – Feb 3,541
,,,Feb 4 – Feb 10,556
,,,Feb 11 – Feb 17,543
,,,Feb 18 – Feb 24,520
,,,Feb 25 – Mar 2,516
,,,Mar 3 – Mar 9,544
,,,Mar 10 – Mar 16,495
,,,Mar 17 – Mar 23,518
,,,Mar 24 – Mar 30,555
,,,Mar 31 – Apr 6,518
,,,Apr 7 – Apr 13,501
,,,Apr 14 – Apr 20,480
,,,Apr 21 – Apr 27,516
,,,Apr 28 – May 4,455
,,,May 5 – May 11,445
,,,May 12 – May 18,431
,,,May 19 – May 25,454
,,,May 26 – Jun 1,472
,,,Jun 2 – Jun 8,374
,,,Jun 9 – Jun 15,375
,,,Jun 16 – Jun 22,387
,,,Jun 23 – Jun 29,376
,,,Jun 30 – Jul 6,391
,,,Jul 7 – Jul 13,392
,,,Jul 14 – Jul 20,368
,,,Jul 21 – Jul 27,358
,,,Jul 28 – Aug 3,383
,,,Aug 4 – Aug 10,371
,,,Aug 11 – Aug 17,409
,,,Aug 18 – Aug 24,414
,,,Aug 25 – Aug 31,404
,,,Sep 1 – Sep 7,412
,,,Sep 8 – Sep 14,459
,,,Sep 15 – Sep 21,497
,,,Sep 22 – Sep 28,448
,,,Sep 29 – Oct 5,388
,,,Oct 6 – Oct 12,450
,,,Oct 13 – Oct 19,404
,,,Oct 20 – Oct 26,450
,,,Oct 27 – Nov 2,458
,,,Nov 3 – Nov 9,443
,,,Nov 10 – Nov 16,456
,,,Nov 17 – Nov 23,485
,,,Nov 24 – Nov 30,486
,,,Dec 1 – Dec 7,518
,,,Dec 8 – Dec 14,535
,,,Dec 15 – Dec 21,586
,,,Dec 22 – Dec 28,723
,≥ 1 and < 5 Years,2023 – 2024,Dec 31 – Jan 6,1493
,,2024,Jan 7 – Jan 13,1162
,,,Jan 14 – Jan 20,1018
,,,Jan 21 – Jan 27,1039
,,,Jan 28 – Feb 3,1139
,,,Feb 4 – Feb 10,1202
,,,Feb 11 – Feb 17,1181
,,,Feb 18 – Feb 24,1164
,,,Feb 25 – Mar 2,1281
,,,Mar 3 – Mar 9,1279
,,,Mar 10 – Mar 16,1337
,,,Mar 17 – Mar 23,1292
,,,Mar 24 – Mar 30,1191
,,,Mar 31 – Apr 6,1229
,,,Apr 7 – Apr 13,1184
,,,Apr 14 – Apr 20,1107
,,,Apr 21 – Apr 27,1162
,,,Apr 28 – May 4,1107
,,,May 5 – May 11,1142
,,,May 12 – May 18,1130
,,,May 19 – May 25,1135
,,,May 26 – Jun 1,1092
,,,Jun 2 – Jun 8,1000
,,,Jun 9 – Jun 15,1031
,,,Jun 16 – Jun 22,833
,,,Jun 23 – Jun 29,804
,,,Jun 30 – Jul 6,829
,,,Jul 7 – Jul 13,923
,,,Jul 14 – Jul 20,816
,,,Jul 21 – Jul 27,841
,,,Jul 28 – Aug 3,843
,,,Aug 4 – Aug 10,859
,,,Aug 11 – Aug 17,866
,,,Aug 18 – Aug 24,820
,,,Aug 25 – Aug 31,867
,,,Sep 1 – Sep 7,827
,,,Sep 8 – Sep 14,1016
,,,Sep 15 – Sep 21,1054
,,,Sep 22 – Sep 28,957
,,,Sep 29 – Oct 5,926
,,,Oct 6 – Oct 12,904
,,,Oct 13 – Oct 19,918
,,,Oct 20 – Oct 26,1038
,,,Oct 27 – Nov 2,1027
,,,Nov 3 – Nov 9,1134
,,,Nov 10 – Nov 16,1087
,,,Nov 17 – Nov 23,1190
,,,Nov 24 – Nov 30,1092
,,,Dec 1 – Dec 7,1140
,,,Dec 8 – Dec 14,1273
,,,Dec 15 – Dec 21,1304
,,,Dec 22 – Dec 28,1514
,≥ 5 and < 18 Years,2023 – 2024,Dec 31 – Jan 6,2129
,,2024,Jan 7 – Jan 13,1840
,,,Jan 14 – Jan 20,1590
,,,Jan 21 – Jan 27,1896
,,,Jan 28 – Feb 3,2202
,,,Feb 4 – Feb 10,2352
,,,Feb 11 – Feb 17,2233
,,,Feb 18 – Feb 24,2476
,,,Feb 25 – Mar 2,2457
,,,Mar 3 – Mar 9,2434
,,,Mar 10 – Mar 16,2529
,,,Mar 17 – Mar 23,2374
,,,Mar 24 – Mar 30,1801
,,,Mar 31 – Apr 6,1946
,,,Apr 7 – Apr 13,2143
,,,Apr 14 – Apr 20,2245
,,,Apr 21 – Apr 27,2297
,,,Apr 28 – May 4,2206
,,,May 5 – May 11,2274
,,,May 12 – May 18,2258
,,,May 19 – May 25,2200
,,,May 26 – Jun 1,1978
,,,Jun 2 – Jun 8,2000
,,,Jun 9 – Jun 15,1817
,,,Jun 16 – Jun 22,1669
,,,Jun 23 – Jun 29,1691
,,,Jun 30 – Jul 6,1641
,,,Jul 7 – Jul 13,1634
,,,Jul 14 – Jul 20,1629
,,,Jul 21 – Jul 27,1675
,,,Jul 28 – Aug 3,1603
,,,Aug 4 – Aug 10,1611
,,,Aug 11 – Aug 17,1545
,,,Aug 18 – Aug 24,1705
,,,Aug 25 – Aug 31,1618
,,,Sep 1 – Sep 7,1857
,,,Sep 8 – Sep 14,2323
,,,Sep 15 – Sep 21,2303
,,,Sep 22 – Sep 28,2226
,,,Sep 29 – Oct 5,2179
,,,Oct 6 – Oct 12,2144
,,,Oct 13 – Oct 19,2061
,,,Oct 20 – Oct 26,2146
,,,Oct 27 – Nov 2,2133
,,,Nov 3 – Nov 9,2168
,,,Nov 10 – Nov 16,2135
,,,Nov 17 – Nov 23,2299
,,,Nov 24 – Nov 30,1858
,,,Dec 1 – Dec 7,2140
,,,Dec 8 – Dec 14,2355
,,,Dec 15 – Dec 21,2325
,,,Dec 22 – Dec 28,1941
,≥ 18 and < 50 Years,2023 – 2024,Dec 31 – Jan 6,6775
,,2024,Jan 7 – Jan 13,5949
,,,Jan 14 – Jan 20,6036
,,,Jan 21 – Jan 27,6306
,,,Jan 28 – Feb 3,6418
,,,Feb 4 – Feb 10,6263
,,,Feb 11 – Feb 17,6552
,,,Feb 18 – Feb 24,6608
,,,Feb 25 – Mar 2,6545
,,,Mar 3 – Mar 9,6642
,,,Mar 10 – Mar 16,6585
,,,Mar 17 – Mar 23,6305
,,,Mar 24 – Mar 30,6236
,,,Mar 31 – Apr 6,6375
,,,Apr 7 – Apr 13,6397
,,,Apr 14 – Apr 20,6370
,,,Apr 21 – Apr 27,6281
,,,Apr 28 – May 4,6393
,,,May 5 – May 11,6261
,,,May 12 – May 18,6412
,,,May 19 – May 25,6454
,,,May 26 – Jun 1,6540
,,,Jun 2 – Jun 8,6286
,,,Jun 9 – Jun 15,6380
,,,Jun 16 – Jun 22,6471
,,,Jun 23 – Jun 29,6517
,,,Jun 30 – Jul 6,6191
,,,Jul 7 – Jul 13,6717
,,,Jul 14 – Jul 20,6547
,,,Jul 21 – Jul 27,6586
,,,Jul 28 – Aug 3,6686
,,,Aug 4 – Aug 10,6802
,,,Aug 11 – Aug 17,6479
,,,Aug 18 – Aug 24,6586
,,,Aug 25 – Aug 31,6738
,,,Sep 1 – Sep 7,6482
,,,Sep 8 – Sep 14,6621
,,,Sep 15 – Sep 21,6823
,,,Sep 22 – Sep 28,6692
,,,Sep 29 – Oct 5,6743
,,,Oct 6 – Oct 12,6610
,,,Oct 13 – Oct 19,6487
,,,Oct 20 – Oct 26,6657
,,,Oct 27 – Nov 2,6628
,,,Nov 3 – Nov 9,6730
,,,Nov 10 – Nov 16,6658
,,,Nov 17 – Nov 23,6563
,,,Nov 24 – Nov 30,5987
,,,Dec 1 – Dec 7,6672
,,,Dec 8 – Dec 14,6685
,,,Dec 15 – Dec 21,6789
,,,Dec 22 – Dec 28,6762
,≥ 50 and < 65 Years,2023 – 2024,Dec 31 – Jan 6,3246
,,2024,Jan 7 – Jan 13,2925
,,,Jan 14 – Jan 20,2881
,,,Jan 21 – Jan 27,3143
,,,Jan 28 – Feb 3,3037
,,,Feb 4 – Feb 10,3049
,,,Feb 11 – Feb 17,3026
,,,Feb 18 – Feb 24,3259
,,,Feb 25 – Mar 2,3131
,,,Mar 3 – Mar 9,2972
,,,Mar 10 – Mar 16,3080
,,,Mar 17 – Mar 23,2965
,,,Mar 24 – Mar 30,2970
,,,Mar 31 – Apr 6,2887
,,,Apr 7 – Apr 13,3075
,,,Apr 14 – Apr 20,3016
,,,Apr 21 – Apr 27,2920
,,,Apr 28 – May 4,2917
,,,May 5 – May 11,2993
,,,May 12 – May 18,3046
,,,May 19 – May 25,3057
,,,May 26 – Jun 1,3063
,,,Jun 2 – Jun 8,3244
,,,Jun 9 – Jun 15,2965
,,,Jun 16 – Jun 22,3022
,,,Jun 23 – Jun 29,3031
,,,Jun 30 – Jul 6,3036
,,,Jul 7 – Jul 13,3032
,,,Jul 14 – Jul 20,3083
,,,Jul 21 – Jul 27,3061
,,,Jul 28 – Aug 3,3197
,,,Aug 4 – Aug 10,3039
,,,Aug 11 – Aug 17,2954
,,,Aug 18 – Aug 24,3007
,,,Aug 25 – Aug 31,3058
,,,Sep 1 – Sep 7,3016
,,,Sep 8 – Sep 14,3094
,,,Sep 15 – Sep 21,3076
,,,Sep 22 – Sep 28,3030
,,,Sep 29 – Oct 5,3023
,,,Oct 6 – Oct 12,2990
,,,Oct 13 – Oct 19,2939
,,,Oct 20 – Oct 26,3070
,,,Oct 27 – Nov 2,2937
,,,Nov 3 – Nov 9,2929
,,,Nov 10 – Nov 16,2943
,,,Nov 17 – Nov 23,2997
,,,Nov 24 – Nov 30,2703
,,,Dec 1 – Dec 7,2953
,,,Dec 8 – Dec 14,2911
,,,Dec 15 – Dec 21,3109
,,,Dec 22 – Dec 28,3092
,65 Years or more,2023 – 2024,Dec 31 – Jan 6,4799
,,2024,Jan 7 – Jan 13,4244
,,,Jan 14 – Jan 20,4090
,,,Jan 21 – Jan 27,4297
,,,Jan 28 – Feb 3,4337
,,,Feb 4 – Feb 10,4325
,,,Feb 11 – Feb 17,4366
,,,Feb 18 – Feb 24,4462
,,,Feb 25 – Mar 2,4396
,,,Mar 3 – Mar 9,4275
,,,Mar 10 – Mar 16,4462
,,,Mar 17 – Mar 23,4175
,,,Mar 24 – Mar 30,4391
,,,Mar 31 – Apr 6,4319
,,,Apr 7 – Apr 13,4511
,,,Apr 14 – Apr 20,4643
,,,Apr 21 – Apr 27,4313
,,,Apr 28 – May 4,4483
,,,May 5 – May 11,4478
,,,May 12 – May 18,4613
,,,May 19 – May 25,4562
,,,May 26 – Jun 1,4536
,,,Jun 2 – Jun 8,4665
,,,Jun 9 – Jun 15,4574
,,,Jun 16 – Jun 22,4561
,,,Jun 23 – Jun 29,4663
,,,Jun 30 – Jul 6,4710
,,,Jul 7 – Jul 13,4771
,,,Jul 14 – Jul 20,4585
,,,Jul 21 – Jul 27,4522
,,,Jul 28 – Aug 3,4621
,,,Aug 4 – Aug 10,4508
,,,Aug 11 – Aug 17,4582
,,,Aug 18 – Aug 24,4638
,,,Aug 25 – Aug 31,4565
,,,Sep 1 – Sep 7,4444
,,,Sep 8 – Sep 14,4727
,,,Sep 15 – Sep 21,4707
,,,Sep 22 – Sep 28,4550
,,,Sep 29 – Oct 5,4553
,,,Oct 6 – Oct 12,4489
,,,Oct 13 – Oct 19,4584
,,,Oct 20 – Oct 26,4530
,,,Oct 27 – Nov 2,4554
,,,Nov 3 – Nov 9,4477
,,,Nov 10 – Nov 16,4603
,,,Nov 17 – Nov 23,4476
,,,Nov 24 – Nov 30,4418
,,,Dec 1 – Dec 7,4731
,,,Dec 8 – Dec 14,4651
,,,Dec 15 – Dec 21,4623
,,,Dec 22 – Dec 28,5022
,No value,2023 – 2024,Dec 31 – Jan 6,10 or fewer
,,2024,Jan 7 – Jan 13,10 or fewer
,,,Jan 14 – Jan 20,10 or fewer
,,,Jan 21 – Jan 27,10 or fewer
,,,Jan 28 – Feb 3,10 or fewer
,,,Feb 4 – Feb 10,10 or fewer
,,,Feb 11 – Feb 17,10 or fewer
,,,Feb 18 – Feb 24,10 or fewer
,,,Feb 25 – Mar 2,10 or fewer
,,,Mar 3 – Mar 9,10 or fewer
,,,Mar 10 – Mar 16,10 or fewer
,,,Mar 17 – Mar 23,10 or fewer
,,,Mar 24 – Mar 30,10 or fewer
,,,Mar 31 – Apr 6,10 or fewer
,,,Apr 7 – Apr 13,10 or fewer
,,,Apr 14 – Apr 20,10 or fewer
,,,Apr 21 – Apr 27,10 or fewer
,,,Apr 28 – May 4,10 or fewer
,,,May 5 – May 11,10 or fewer
,,,May 12 – May 18,10 or fewer
,,,May 19 – May 25,10 or fewer
,,,May 26 – Jun 1,10 or fewer
,,,Jun 2 – Jun 8,10 or fewer
,,,Jun 9 – Jun 15,10 or fewer
,,,Jun 16 – Jun 22,10 or fewer
,,,Jun 23 – Jun 29,10 or fewer
,,,Jun 30 – Jul 6,10 or fewer
,,,Jul 7 – Jul 13,10 or fewer
,,,Jul 14 – Jul 20,10 or fewer
,,,Jul 21 – Jul 27,10 or fewer
,,,Jul 28 – Aug 3,10 or fewer
,,,Aug 4 – Aug 10,10 or fewer
,,,Aug 11 – Aug 17,10 or fewer
,,,Aug 18 – Aug 24,10 or fewer
,,,Aug 25 – Aug 31,10 or fewer
,,,Sep 1 – Sep 7,10 or fewer
,,,Sep 8 – Sep 14,10 or fewer
,,,Sep 15 – Sep 21,10 or fewer
,,,Sep 22 – Sep 28,10 or fewer
,,,Sep 29 – Oct 5,10 or fewer
,,,Oct 6 – Oct 12,10 or fewer
,,,Oct 13 – Oct 19,10 or fewer
,,,Oct 20 – Oct 26,10 or fewer
,,,Oct 27 – Nov 2,10 or fewer
,,,Nov 3 – Nov 9,10 or fewer
,,,Nov 10 – Nov 16,10 or fewer
,,,Nov 17 – Nov 23,10 or fewer
,,,Nov 24 – Nov 30,10 or fewer
,,,Dec 1 – Dec 7,10 or fewer
,,,Dec 8 – Dec 14,10 or fewer
,,,Dec 15 – Dec 21,10 or fewer
,,,Dec 22 – Dec 28,10 or fewer
,Total,2023 – 2024,Dec 31 – Jan 6,19282
,,2024,Jan 7 – Jan 13,16735
,,,Jan 14 – Jan 20,16140
,,,Jan 21 – Jan 27,17178
,,,Jan 28 – Feb 3,17674
,,,Feb 4 – Feb 10,17747
,,,Feb 11 – Feb 17,17901
,,,Feb 18 – Feb 24,18489
,,,Feb 25 – Mar 2,18326
,,,Mar 3 – Mar 9,18146
,,,Mar 10 – Mar 16,18488
,,,Mar 17 – Mar 23,17629
,,,Mar 24 – Mar 30,17144
,,,Mar 31 – Apr 6,17274
,,,Apr 7 – Apr 13,17811
,,,Apr 14 – Apr 20,17861
,,,Apr 21 – Apr 27,17489
,,,Apr 28 – May 4,17561
,,,May 5 – May 11,17593
,,,May 12 – May 18,17890
,,,May 19 – May 25,17862
,,,May 26 – Jun 1,17681
,,,Jun 2 – Jun 8,17569
,,,Jun 9 – Jun 15,17142
,,,Jun 16 – Jun 22,16943
,,,Jun 23 – Jun 29,17082
,,,Jun 30 – Jul 6,16798
,,,Jul 7 – Jul 13,17469
,,,Jul 14 – Jul 20,17028
,,,Jul 21 – Jul 27,17043
,,,Jul 28 – Aug 3,17333
,,,Aug 4 – Aug 10,17190
,,,Aug 11 – Aug 17,16835
,,,Aug 18 – Aug 24,17170
,,,Aug 25 – Aug 31,17250
,,,Sep 1 – Sep 7,17038
,,,Sep 8 – Sep 14,18240
,,,Sep 15 – Sep 21,18460
,,,Sep 22 – Sep 28,17903
,,,Sep 29 – Oct 5,17812
,,,Oct 6 – Oct 12,17587
,,,Oct 13 – Oct 19,17393
,,,Oct 20 – Oct 26,17891
,,,Oct 27 – Nov 2,17737
,,,Nov 3 – Nov 9,17881
,,,Nov 10 – Nov 16,17882
,,,Nov 17 – Nov 23,18010
,,,Nov 24 – Nov 30,16544
,,,Dec 1 – Dec 7,18154
,,,Dec 8 – Dec 14,18410
,,,Dec 15 – Dec 21,18736
,,,Dec 22 – Dec 28,19054
Minnesota,Less than 1 Years,2023 – 2024,Dec 31 – Jan 6,530
,,2024,Jan 7 – Jan 13,421
,,,Jan 14 – Jan 20,393
,,,Jan 21 – Jan 27,419
,,,Jan 28 – Feb 3,421
,,,Feb 4 – Feb 10,392
,,,Feb 11 – Feb 17,410
,,,Feb 18 – Feb 24,379
,,,Feb 25 – Mar 2,400
,,,Mar 3 – Mar 9,375
,,,Mar 10 – Mar 16,398
,,,Mar 17 – Mar 23,368
,,,Mar 24 – Mar 30,348
,,,Mar 31 – Apr 6,320
,,,Apr 7 – Apr 13,328
,,,Apr 14 – Apr 20,376
,,,Apr 21 – Apr 27,328
,,,Apr 28 – May 4,357
,,,May 5 – May 11,326
,,,May 12 – May 18,309
,,,May 19 – May 25,325
,,,May 26 – Jun 1,325
,,,Jun 2 – Jun 8,324
,,,Jun 9 – Jun 15,280
,,,Jun 16 – Jun 22,253
,,,Jun 23 – Jun 29,268
,,,Jun 30 – Jul 6,282
,,,Jul 7 – Jul 13,308
,,,Jul 14 – Jul 20,269
,,,Jul 21 – Jul 27,282
,,,Jul 28 – Aug 3,285
,,,Aug 4 – Aug 10,311
,,,Aug 11 – Aug 17,278
,,,Aug 18 – Aug 24,287
,,,Aug 25 – Aug 31,285
,,,Sep 1 – Sep 7,294
,,,Sep 8 – Sep 14,283
,,,Sep 15 – Sep 21,335
,,,Sep 22 – Sep 28,267
,,,Sep 29 – Oct 5,289
,,,Oct 6 – Oct 12,319
,,,Oct 13 – Oct 19,299
,,,Oct 20 – Oct 26,309
,,,Oct 27 – Nov 2,352
,,,Nov 3 – Nov 9,351
,,,Nov 10 – Nov 16,342
,,,Nov 17 – Nov 23,349
,,,Nov 24 – Nov 30,424
,,,Dec 1 – Dec 7,410
,,,Dec 8 – Dec 14,357
,,,Dec 15 – Dec 21,435
,,,Dec 22 – Dec 28,554
,≥ 1 and < 5 Years,2023 – 2024,Dec 31 – Jan 6,1030
,,2024,Jan 7 – Jan 13,933
,,,Jan 14 – Jan 20,906
,,,Jan 21 – Jan 27,982
,,,Jan 28 – Feb 3,1012
,,,Feb 4 – Feb 10,1034
,,,Feb 11 – Feb 17,1034
,,,Feb 18 – Feb 24,1029
,,,Feb 25 – Mar 2,998
,,,Mar 3 – Mar 9,1070
,,,Mar 10 – Mar 16,1069
,,,Mar 17 – Mar 23,1065
,,,Mar 24 – Mar 30,1000
,,,Mar 31 – Apr 6,949
,,,Apr 7 – Apr 13,927
,,,Apr 14 – Apr 20,853
,,,Apr 21 – Apr 27,965
,,,Apr 28 – May 4,907
,,,May 5 – May 11,912
,,,May 12 – May 18,954
,,,May 19 – May 25,821
,,,May 26 – Jun 1,988
,,,Jun 2 – Jun 8,834
,,,Jun 9 – Jun 15,773
,,,Jun 16 – Jun 22,701
,,,Jun 23 – Jun 29,755
,,,Jun 30 – Jul 6,746
,,,Jul 7 – Jul 13,705
,,,Jul 14 – Jul 20,681
,,,Jul 21 – Jul 27,690
,,,Jul 28 – Aug 3,652
,,,Aug 4 – Aug 10,683
,,,Aug 11 – Aug 17,655
,,,Aug 18 – Aug 24,681
,,,Aug 25 – Aug 31,668
,,,Sep 1 – Sep 7,679
,,,Sep 8 – Sep 14,724
,,,Sep 15 – Sep 21,757
,,,Sep 22 – Sep 28,759
,,,Sep 29 – Oct 5,741
,,,Oct 6 – Oct 12,758
,,,Oct 13 – Oct 19,730
,,,Oct 20 – Oct 26,777
,,,Oct 27 – Nov 2,797
,,,Nov 3 – Nov 9,801
,,,Nov 10 – Nov 16,789
,,,Nov 17 – Nov 23,887
,,,Nov 24 – Nov 30,936
,,,Dec 1 – Dec 7,938
,,,Dec 8 – Dec 14,920
,,,Dec 15 – Dec 21,1080
,,,Dec 22 – Dec 28,1407
,≥ 5 and < 18 Years,2023 – 2024,Dec 31 – Jan 6,1725
,,2024,Jan 7 – Jan 13,1697
,,,Jan 14 – Jan 20,1622
,,,Jan 21 – Jan 27,1886
,,,Jan 28 – Feb 3,2126
,,,Feb 4 – Feb 10,2155
,,,Feb 11 – Feb 17,2199
,,,Feb 18 – Feb 24,2111
,,,Feb 25 – Mar 2,2080
,,,Mar 3 – Mar 9,2176
,,,Mar 10 – Mar 16,2172
,,,Mar 17 – Mar 23,2007
,,,Mar 24 – Mar 30,1710
,,,Mar 31 – Apr 6,1742
,,,Apr 7 – Apr 13,1880
,,,Apr 14 – Apr 20,1823
,,,Apr 21 – Apr 27,1888
,,,Apr 28 – May 4,1867
,,,May 5 – May 11,2041
,,,May 12 – May 18,2003
,,,May 19 – May 25,1941
,,,May 26 – Jun 1,1809
,,,Jun 2 – Jun 8,1611
,,,Jun 9 – Jun 15,1479
,,,Jun 16 – Jun 22,1376
,,,Jun 23 – Jun 29,1511
,,,Jun 30 – Jul 6,1458
,,,Jul 7 – Jul 13,1576
,,,Jul 14 – Jul 20,1574
,,,Jul 21 – Jul 27,1459
,,,Jul 28 – Aug 3,1367
,,,Aug 4 – Aug 10,1432
,,,Aug 11 – Aug 17,1494
,,,Aug 18 – Aug 24,1537
,,,Aug 25 – Aug 31,1483
,,,Sep 1 – Sep 7,1730
,,,Sep 8 – Sep 14,1925
,,,Sep 15 – Sep 21,1940
,,,Sep 22 – Sep 28,1910
,,,Sep 29 – Oct 5,1895
,,,Oct 6 – Oct 12,1879
,,,Oct 13 – Oct 19,1669
,,,Oct 20 – Oct 26,1786
,,,Oct 27 – Nov 2,1623
,,,Nov 3 – Nov 9,1714
,,,Nov 10 – Nov 16,1824
,,,Nov 17 – Nov 23,1842
,,,Nov 24 – Nov 30,1642
,,,Dec 1 – Dec 7,1850
,,,Dec 8 – Dec 14,1862
,,,Dec 15 – Dec 21,2041
,,,Dec 22 – Dec 28,2118
,≥ 18 and < 50 Years,2023 – 2024,Dec 31 – Jan 6,7335
,,2024,Jan 7 – Jan 13,6521
,,,Jan 14 – Jan 20,6458
,,,Jan 21 – Jan 27,7036
,,,Jan 28 – Feb 3,7089
,,,Feb 4 – Feb 10,7321
,,,Feb 11 – Feb 17,7053
,,,Feb 18 – Feb 24,7212
,,,Feb 25 – Mar 2,6995
,,,Mar 3 – Mar 9,6960
,,,Mar 10 – Mar 16,7272
,,,Mar 17 – Mar 23,7017
,,,Mar 24 – Mar 30,6908
,,,Mar 31 – Apr 6,7024
,,,Apr 7 – Apr 13,6982
,,,Apr 14 – Apr 20,6887
,,,Apr 21 – Apr 27,6775
,,,Apr 28 – May 4,6882
,,,May 5 – May 11,7027
,,,May 12 – May 18,6932
,,,May 19 – May 25,7181
,,,May 26 – Jun 1,7350
,,,Jun 2 – Jun 8,7152
,,,Jun 9 – Jun 15,7029
,,,Jun 16 – Jun 22,6943
,,,Jun 23 – Jun 29,7216
,,,Jun 30 – Jul 6,7051
,,,Jul 7 – Jul 13,7238
,,,Jul 14 – Jul 20,7185
,,,Jul 21 – Jul 27,7181
,,,Jul 28 – Aug 3,7193
,,,Aug 4 – Aug 10,7040
,,,Aug 11 – Aug 17,7184
,,,Aug 18 – Aug 24,7298
,,,Aug 25 – Aug 31,7110
,,,Sep 1 – Sep 7,7071
,,,Sep 8 – Sep 14,7301
,,,Sep 15 – Sep 21,7647
,,,Sep 22 – Sep 28,7289
,,,Sep 29 – Oct 5,7201
,,,Oct 6 – Oct 12,7065
,,,Oct 13 – Oct 19,6876
,,,Oct 20 – Oct 26,7288
,,,Oct 27 – Nov 2,7072
,,,Nov 3 – Nov 9,7140
,,,Nov 10 – Nov 16,7100
,,,Nov 17 – Nov 23,7172
,,,Nov 24 – Nov 30,6734
,,,Dec 1 – Dec 7,6870
,,,Dec 8 – Dec 14,7071
,,,Dec 15 – Dec 21,7139
,,,Dec 22 – Dec 28,7596
,≥ 50 and < 65 Years,2023 – 2024,Dec 31 – Jan 6,3144
,,2024,Jan 7 – Jan 13,2864
,,,Jan 14 – Jan 20,2600
,,,Jan 21 – Jan 27,2944
,,,Jan 28 – Feb 3,2969
,,,Feb 4 – Feb 10,2844
,,,Feb 11 – Feb 17,2926
,,,Feb 18 – Feb 24,3063
,,,Feb 25 – Mar 2,3013
,,,Mar 3 – Mar 9,2952
,,,Mar 10 – Mar 16,2974
,,,Mar 17 – Mar 23,2804
,,,Mar 24 – Mar 30,2823
,,,Mar 31 – Apr 6,2950
,,,Apr 7 – Apr 13,3020
,,,Apr 14 – Apr 20,3006
,,,Apr 21 – Apr 27,2928
,,,Apr 28 – May 4,2951
,,,May 5 – May 11,2933
,,,May 12 – May 18,3026
,,,May 19 – May 25,3055
,,,May 26 – Jun 1,3127
,,,Jun 2 – Jun 8,3067
,,,Jun 9 – Jun 15,3023
,,,Jun 16 – Jun 22,2993
,,,Jun 23 – Jun 29,3011
,,,Jun 30 – Jul 6,2994
,,,Jul 7 – Jul 13,3217
,,,Jul 14 – Jul 20,3025
,,,Jul 21 – Jul 27,3003
,,,Jul 28 – Aug 3,3136
,,,Aug 4 – Aug 10,2959
,,,Aug 11 – Aug 17,3041
,,,Aug 18 – Aug 24,3078
,,,Aug 25 – Aug 31,3071
,,,Sep 1 – Sep 7,3035
,,,Sep 8 – Sep 14,3088
,,,Sep 15 – Sep 21,3065
,,,Sep 22 – Sep 28,3007
,,,Sep 29 – Oct 5,3015
,,,Oct 6 – Oct 12,2958
,,,Oct 13 – Oct 19,2870
,,,Oct 20 – Oct 26,2901
,,,Oct 27 – Nov 2,2835
,,,Nov 3 – Nov 9,2854
,,,Nov 10 – Nov 16,2908
,,,Nov 17 – Nov 23,2997
,,,Nov 24 – Nov 30,2754
,,,Dec 1 – Dec 7,2980
,,,Dec 8 – Dec 14,2894
,,,Dec 15 – Dec 21,2951
,,,Dec 22 – Dec 28,3241
,65 Years or more,2023 – 2024,Dec 31 – Jan 6,4913
,,2024,Jan 7 – Jan 13,4462
,,,Jan 14 – Jan 20,4212
,,,Jan 21 – Jan 27,4645
,,,Jan 28 – Feb 3,4595
,,,Feb 4 – Feb 10,4632
,,,Feb 11 – Feb 17,4534
,,,Feb 18 – Feb 24,4834
,,,Feb 25 – Mar 2,4661
,,,Mar 3 – Mar 9,4630
,,,Mar 10 – Mar 16,4861
,,,Mar 17 – Mar 23,4517
,,,Mar 24 – Mar 30,4473
,,,Mar 31 – Apr 6,4796
,,,Apr 7 – Apr 13,4897
,,,Apr 14 – Apr 20,4675
,,,Apr 21 – Apr 27,4700
,,,Apr 28 – May 4,4712
,,,May 5 – May 11,5016
,,,May 12 – May 18,5168
,,,May 19 – May 25,5063
,,,May 26 – Jun 1,5107
,,,Jun 2 – Jun 8,5076
,,,Jun 9 – Jun 15,5011
,,,Jun 16 – Jun 22,4836
,,,Jun 23 – Jun 29,5235
,,,Jun 30 – Jul 6,5108
,,,Jul 7 – Jul 13,5186
,,,Jul 14 – Jul 20,5051
,,,Jul 21 – Jul 27,5036
,,,Jul 28 – Aug 3,4987
,,,Aug 4 – Aug 10,5083
,,,Aug 11 – Aug 17,5058
,,,Aug 18 – Aug 24,4999
,,,Aug 25 – Aug 31,4940
,,,Sep 1 – Sep 7,5043
,,,Sep 8 – Sep 14,5102
,,,Sep 15 – Sep 21,4939
,,,Sep 22 – Sep 28,5093
,,,Sep 29 – Oct 5,4841
,,,Oct 6 – Oct 12,4831
,,,Oct 13 – Oct 19,4836
,,,Oct 20 – Oct 26,4882
,,,Oct 27 – Nov 2,4813
,,,Nov 3 – Nov 9,4715
,,,Nov 10 – Nov 16,4668
,,,Nov 17 – Nov 23,4718
,,,Nov 24 – Nov 30,4656
,,,Dec 1 – Dec 7,4734
,,,Dec 8 – Dec 14,4831
,,,Dec 15 – Dec 21,5110
,,,Dec 22 – Dec 28,5462
,No value,2023 – 2024,Dec 31 – Jan 6,10 or fewer
,,2024,Jan 7 – Jan 13,10 or fewer
,,,Jan 14 – Jan 20,10 or fewer
,,,Jan 21 – Jan 27,10 or fewer
,,,Jan 28 – Feb 3,10 or fewer
,,,Feb 4 – Feb 10,10 or fewer
,,,Feb 11 – Feb 17,10 or fewer
,,,Feb 18 – Feb 24,10 or fewer
,,,Feb 25 – Mar 2,10 or fewer
,,,Mar 3 – Mar 9,10 or fewer
,,,Mar 10 – Mar 16,10 or fewer
,,,Mar 17 – Mar 23,10 or fewer
,,,Mar 24 – Mar 30,10 or fewer
,,,Mar 31 – Apr 6,10 or fewer
,,,Apr 7 – Apr 13,10 or fewer
,,,Apr 14 – Apr 20,10 or fewer
,,,Apr 21 – Apr 27,10 or fewer
,,,Apr 28 – May 4,10 or fewer
,,,May 5 – May 11,10 or fewer
,,,May 12 – May 18,10 or fewer
,,,May 19 – May 25,10 or fewer
,,,May 26 – Jun 1,10 or fewer
,,,Jun 2 – Jun 8,10 or fewer
,,,Jun 9 – Jun 15,10 or fewer
,,,Jun 16 – Jun 22,10 or fewer
,,,Jun 23 – Jun 29,10 or fewer
,,,Jun 30 – Jul 6,10 or fewer
,,,Jul 7 – Jul 13,10 or fewer
,,,Jul 14 – Jul 20,10 or fewer
,,,Jul 21 – Jul 27,10 or fewer
,,,Jul 28 – Aug 3,10 or fewer
,,,Aug 4 – Aug 10,10 or fewer
,,,Aug 11 – Aug 17,10 or fewer
,,,Aug 18 – Aug 24,10 or fewer
,,,Aug 25 – Aug 31,10 or fewer
,,,Sep 1 – Sep 7,10 or fewer
,,,Sep 8 – Sep 14,10 or fewer
,,,Sep 15 – Sep 21,10 or fewer
,,,Sep 22 – Sep 28,10 or fewer
,,,Sep 29 – Oct 5,10 or fewer
,,,Oct 6 – Oct 12,10 or fewer
,,,Oct 13 – Oct 19,10 or fewer
,,,Oct 20 – Oct 26,10 or fewer
,,,Oct 27 – Nov 2,10 or fewer
,,,Nov 3 – Nov 9,10 or fewer
,,,Nov 10 – Nov 16,10 or fewer
,,,Nov 17 – Nov 23,10 or fewer
,,,Nov 24 – Nov 30,10 or fewer
,,,Dec 1 – Dec 7,10 or fewer
,,,Dec 8 – Dec 14,10 or fewer
,,,Dec 15 – Dec 21,10 or fewer
,,,Dec 22 – Dec 28,10 or fewer
,Total,2023 – 2024,Dec 31 – Jan 6,18677
,,2024,Jan 7 – Jan 13,16898
,,,Jan 14 – Jan 20,16191
,,,Jan 21 – Jan 27,17912
,,,Jan 28 – Feb 3,18212
,,,Feb 4 – Feb 10,18378
,,,Feb 11 – Feb 17,18156
,,,Feb 18 – Feb 24,18628
,,,Feb 25 – Mar 2,18147
,,,Mar 3 – Mar 9,18163
,,,Mar 10 – Mar 16,18746
,,,Mar 17 – Mar 23,17778
,,,Mar 24 – Mar 30,17262
,,,Mar 31 – Apr 6,17781
,,,Apr 7 – Apr 13,18034
,,,Apr 14 – Apr 20,17620
,,,Apr 21 – Apr 27,17584
,,,Apr 28 – May 4,17676
,,,May 5 – May 11,18255
,,,May 12 – May 18,18392
,,,May 19 – May 25,18386
,,,May 26 – Jun 1,18706
,,,Jun 2 – Jun 8,18064
,,,Jun 9 – Jun 15,17595
,,,Jun 16 – Jun 22,17102
,,,Jun 23 – Jun 29,17996
,,,Jun 30 – Jul 6,17639
,,,Jul 7 – Jul 13,18230
,,,Jul 14 – Jul 20,17785
,,,Jul 21 – Jul 27,17651
,,,Jul 28 – Aug 3,17620
,,,Aug 4 – Aug 10,17508
,,,Aug 11 – Aug 17,17710
,,,Aug 18 – Aug 24,17880
,,,Aug 25 – Aug 31,17557
,,,Sep 1 – Sep 7,17852
,,,Sep 8 – Sep 14,18423
,,,Sep 15 – Sep 21,18683
,,,Sep 22 – Sep 28,18325
,,,Sep 29 – Oct 5,17982
,,,Oct 6 – Oct 12,17811
,,,Oct 13 – Oct 19,17280
,,,Oct 20 – Oct 26,17943
,,,Oct 27 – Nov 2,17493
,,,Nov 3 – Nov 9,17575
,,,Nov 10 – Nov 16,17631
,,,Nov 17 – Nov 23,17965
,,,Nov 24 – Nov 30,17146
,,,Dec 1 – Dec 7,17782
,,,Dec 8 – Dec 14,17935
,,,Dec 15 – Dec 21,18756
,,,Dec 22 – Dec 28,20378
Mississippi,Less than 1 Years,2023 – 2024,Dec 31 – Jan 6,422
,,2024,Jan 7 – Jan 13,315
,,,Jan 14 – Jan 20,265
,,,Jan 21 – Jan 27,299
,,,Jan 28 – Feb 3,344
,,,Feb 4 – Feb 10,346
,,,Feb 11 – Feb 17,303
,,,Feb 18 – Feb 24,326
,,,Feb 25 – Mar 2,297
,,,Mar 3 – Mar 9,323
,,,Mar 10 – Mar 16,311
,,,Mar 17 – Mar 23,292
,,,Mar 24 – Mar 30,314
,,,Mar 31 – Apr 6,339
,,,Apr 7 – Apr 13,364
,,,Apr 14 – Apr 20,330
,,,Apr 21 – Apr 27,357
,,,Apr 28 – May 4,330
,,,May 5 – May 11,307
,,,May 12 – May 18,315
,,,May 19 – May 25,334
,,,May 26 – Jun 1,335
,,,Jun 2 – Jun 8,313
,,,Jun 9 – Jun 15,341
,,,Jun 16 – Jun 22,270
,,,Jun 23 – Jun 29,266
,,,Jun 30 – Jul 6,300
,,,Jul 7 – Jul 13,314
,,,Jul 14 – Jul 20,322
,,,Jul 21 – Jul 27,328
,,,Jul 28 – Aug 3,336
,,,Aug 4 – Aug 10,357
,,,Aug 11 – Aug 17,433
,,,Aug 18 – Aug 24,407
,,,Aug 25 – Aug 31,367
,,,Sep 1 – Sep 7,364
,,,Sep 8 – Sep 14,378
,,,Sep 15 – Sep 21,367
,,,Sep 22 – Sep 28,350
,,,Sep 29 – Oct 5,356
,,,Oct 6 – Oct 12,375
,,,Oct 13 – Oct 19,390
,,,Oct 20 – Oct 26,423
,,,Oct 27 – Nov 2,489
,,,Nov 3 – Nov 9,504
,,,Nov 10 – Nov 16,558
,,,Nov 17 – Nov 23,555
,,,Nov 24 – Nov 30,591
,,,Dec 1 – Dec 7,549
,,,Dec 8 – Dec 14,528
,,,Dec 15 – Dec 21,568
,,,Dec 22 – Dec 28,672
,≥ 1 and < 5 Years,2023 – 2024,Dec 31 – Jan 6,908
,,2024,Jan 7 – Jan 13,778
,,,Jan 14 – Jan 20,683
,,,Jan 21 – Jan 27,619
,,,Jan 28 – Feb 3,677
,,,Feb 4 – Feb 10,781
,,,Feb 11 – Feb 17,732
,,,Feb 18 – Feb 24,803
,,,Feb 25 – Mar 2,744
,,,Mar 3 – Mar 9,755
,,,Mar 10 – Mar 16,744
,,,Mar 17 – Mar 23,691
,,,Mar 24 – Mar 30,727
,,,Mar 31 – Apr 6,835
,,,Apr 7 – Apr 13,893
,,,Apr 14 – Apr 20,879
,,,Apr 21 – Apr 27,885
,,,Apr 28 – May 4,914
,,,May 5 – May 11,942
,,,May 12 – May 18,897
,,,May 19 – May 25,888
,,,May 26 – Jun 1,914
,,,Jun 2 – Jun 8,753
,,,Jun 9 – Jun 15,775
,,,Jun 16 – Jun 22,798
,,,Jun 23 – Jun 29,780
,,,Jun 30 – Jul 6,765
,,,Jul 7 – Jul 13,835
,,,Jul 14 – Jul 20,777
,,,Jul 21 – Jul 27,739
,,,Jul 28 – Aug 3,776
,,,Aug 4 – Aug 10,889
,,,Aug 11 – Aug 17,990
,,,Aug 18 – Aug 24,1066
,,,Aug 25 – Aug 31,1035
,,,Sep 1 – Sep 7,1001
,,,Sep 8 – Sep 14,859
,,,Sep 15 – Sep 21,895
,,,Sep 22 – Sep 28,960
,,,Sep 29 – Oct 5,926
,,,Oct 6 – Oct 12,1049
,,,Oct 13 – Oct 19,1002
,,,Oct 20 – Oct 26,1053
,,,Oct 27 – Nov 2,1095
,,,Nov 3 – Nov 9,1147
,,,Nov 10 – Nov 16,1242
,,,Nov 17 – Nov 23,1293
,,,Nov 24 – Nov 30,1301
,,,Dec 1 – Dec 7,1125
,,,Dec 8 – Dec 14,1217
,,,Dec 15 – Dec 21,1309
,,,Dec 22 – Dec 28,1370
,≥ 5 and < 18 Years,2023 – 2024,Dec 31 – Jan 6,1287
,,2024,Jan 7 – Jan 13,1362
,,,Jan 14 – Jan 20,1060
,,,Jan 21 – Jan 27,1277
,,,Jan 28 – Feb 3,1543
,,,Feb 4 – Feb 10,1712
,,,Feb 11 – Feb 17,1483
,,,Feb 18 – Feb 24,1499
,,,Feb 25 – Mar 2,1488
,,,Mar 3 – Mar 9,1462
,,,Mar 10 – Mar 16,1274
,,,Mar 17 – Mar 23,1447
,,,Mar 24 – Mar 30,1357
,,,Mar 31 – Apr 6,1624
,,,Apr 7 – Apr 13,1707
,,,Apr 14 – Apr 20,1895
,,,Apr 21 – Apr 27,1832
,,,Apr 28 – May 4,1826
,,,May 5 – May 11,1736
,,,May 12 – May 18,1694
,,,May 19 – May 25,1494
,,,May 26 – Jun 1,1489
,,,Jun 2 – Jun 8,1412
,,,Jun 9 – Jun 15,1394
,,,Jun 16 – Jun 22,1340
,,,Jun 23 – Jun 29,1339
,,,Jun 30 – Jul 6,1364
,,,Jul 7 – Jul 13,1383
,,,Jul 14 – Jul 20,1327
,,,Jul 21 – Jul 27,1320
,,,Jul 28 – Aug 3,1437
,,,Aug 4 – Aug 10,1770
,,,Aug 11 – Aug 17,2248
,,,Aug 18 – Aug 24,2249
,,,Aug 25 – Aug 31,2059
,,,Sep 1 – Sep 7,1935
,,,Sep 8 – Sep 14,1721
,,,Sep 15 – Sep 21,2022
,,,Sep 22 – Sep 28,1967
,,,Sep 29 – Oct 5,1980
,,,Oct 6 – Oct 12,1939
,,,Oct 13 – Oct 19,1981
,,,Oct 20 – Oct 26,2108
,,,Oct 27 – Nov 2,2127
,,,Nov 3 – Nov 9,2225
,,,Nov 10 – Nov 16,2181
,,,Nov 17 – Nov 23,2038
,,,Nov 24 – Nov 30,1675
,,,Dec 1 – Dec 7,1882
,,,Dec 8 – Dec 14,1986
,,,Dec 15 – Dec 21,1955
,,,Dec 22 – Dec 28,1809
,≥ 18 and < 50 Years,2023 – 2024,Dec 31 – Jan 6,6539
,,2024,Jan 7 – Jan 13,5753
,,,Jan 14 – Jan 20,5088
,,,Jan 21 – Jan 27,5638
,,,Jan 28 – Feb 3,5715
,,,Feb 4 – Feb 10,5776
,,,Feb 11 – Feb 17,5657
,,,Feb 18 – Feb 24,5856
,,,Feb 25 – Mar 2,5927
,,,Mar 3 – Mar 9,5728
,,,Mar 10 – Mar 16,5702
,,,Mar 17 – Mar 23,5707
,,,Mar 24 – Mar 30,5643
,,,Mar 31 – Apr 6,5991
,,,Apr 7 – Apr 13,6827
,,,Apr 14 – Apr 20,6984
,,,Apr 21 – Apr 27,6788
,,,Apr 28 – May 4,6945
,,,May 5 – May 11,7047
,,,May 12 – May 18,6960
,,,May 19 – May 25,6949
,,,May 26 – Jun 1,7041
,,,Jun 2 – Jun 8,7151
,,,Jun 9 – Jun 15,7094
,,,Jun 16 – Jun 22,7080
,,,Jun 23 – Jun 29,7252
,,,Jun 30 – Jul 6,6829
,,,Jul 7 – Jul 13,7191
,,,Jul 14 – Jul 20,7347
,,,Jul 21 – Jul 27,6998
,,,Jul 28 – Aug 3,7645
,,,Aug 4 – Aug 10,7841
,,,Aug 11 – Aug 17,7657
,,,Aug 18 – Aug 24,7629
,,,Aug 25 – Aug 31,7518
,,,Sep 1 – Sep 7,7346
,,,Sep 8 – Sep 14,7040
,,,Sep 15 – Sep 21,7374
,,,Sep 22 – Sep 28,7240
,,,Sep 29 – Oct 5,7071
,,,Oct 6 – Oct 12,7516
,,,Oct 13 – Oct 19,7396
,,,Oct 20 – Oct 26,7515
,,,Oct 27 – Nov 2,7451
,,,Nov 3 – Nov 9,7768
,,,Nov 10 – Nov 16,7654
,,,Nov 17 – Nov 23,7557
,,,Nov 24 – Nov 30,7059
,,,Dec 1 – Dec 7,7540
,,,Dec 8 – Dec 14,7672
,,,Dec 15 – Dec 21,7703
,,,Dec 22 – Dec 28,7925
,≥ 50 and < 65 Years,2023 – 2024,Dec 31 – Jan 6,2816
,,2024,Jan 7 – Jan 13,2713
,,,Jan 14 – Jan 20,2444
,,,Jan 21 – Jan 27,2696
,,,Jan 28 – Feb 3,2575
,,,Feb 4 – Feb 10,2668
,,,Feb 11 – Feb 17,2674
,,,Feb 18 – Feb 24,2625
,,,Feb 25 – Mar 2,2588
,,,Mar 3 – Mar 9,2709
,,,Mar 10 – Mar 16,2687
,,,Mar 17 – Mar 23,2598
,,,Mar 24 – Mar 30,2593
,,,Mar 31 – Apr 6,2736
,,,Apr 7 – Apr 13,3104
,,,Apr 14 – Apr 20,3172
,,,Apr 21 – Apr 27,3183
,,,Apr 28 – May 4,3126
,,,May 5 – May 11,3210
,,,May 12 – May 18,3218
,,,May 19 – May 25,3207
,,,May 26 – Jun 1,3346
,,,Jun 2 – Jun 8,3148
,,,Jun 9 – Jun 15,3254
,,,Jun 16 – Jun 22,3219
,,,Jun 23 – Jun 29,3192
,,,Jun 30 – Jul 6,3152
,,,Jul 7 – Jul 13,3375
,,,Jul 14 – Jul 20,3242
,,,Jul 21 – Jul 27,3273
,,,Jul 28 – Aug 3,3471
,,,Aug 4 – Aug 10,3610
,,,Aug 11 – Aug 17,3482
,,,Aug 18 – Aug 24,3450
,,,Aug 25 – Aug 31,3392
,,,Sep 1 – Sep 7,3386
,,,Sep 8 – Sep 14,3195
,,,Sep 15 – Sep 21,3358
,,,Sep 22 – Sep 28,3404
,,,Sep 29 – Oct 5,3176
,,,Oct 6 – Oct 12,3418
,,,Oct 13 – Oct 19,3263
,,,Oct 20 – Oct 26,3402
,,,Oct 27 – Nov 2,3476
,,,Nov 3 – Nov 9,3405
,,,Nov 10 – Nov 16,3298
,,,Nov 17 – Nov 23,3267
,,,Nov 24 – Nov 30,3194
,,,Dec 1 – Dec 7,3358
,,,Dec 8 – Dec 14,3348
,,,Dec 15 – Dec 21,3381
,,,Dec 22 – Dec 28,3594
,65 Years or more,2023 – 2024,Dec 31 – Jan 6,3880
,,2024,Jan 7 – Jan 13,3667
,,,Jan 14 – Jan 20,3256
,,,Jan 21 – Jan 27,3554
,,,Jan 28 – Feb 3,3416
,,,Feb 4 – Feb 10,3701
,,,Feb 11 – Feb 17,3461
,,,Feb 18 – Feb 24,3654
,,,Feb 25 – Mar 2,3527
,,,Mar 3 – Mar 9,3641
,,,Mar 10 – Mar 16,3492
,,,Mar 17 – Mar 23,3510
,,,Mar 24 – Mar 30,3647
,,,Mar 31 – Apr 6,3643
,,,Apr 7 – Apr 13,4172
,,,Apr 14 – Apr 20,4245
,,,Apr 21 – Apr 27,3994
,,,Apr 28 – May 4,4233
,,,May 5 – May 11,4197
,,,May 12 – May 18,4050
,,,May 19 – May 25,4209
,,,May 26 – Jun 1,4155
,,,Jun 2 – Jun 8,4184
,,,Jun 9 – Jun 15,4199
,,,Jun 16 – Jun 22,4125
,,,Jun 23 – Jun 29,4194
,,,Jun 30 – Jul 6,4178
,,,Jul 7 – Jul 13,4180
,,,Jul 14 – Jul 20,4116
,,,Jul 21 – Jul 27,4237
,,,Jul 28 – Aug 3,4418
,,,Aug 4 – Aug 10,4568
,,,Aug 11 – Aug 17,4483
,,,Aug 18 – Aug 24,4465
,,,Aug 25 – Aug 31,4398
,,,Sep 1 – Sep 7,4507
,,,Sep 8 – Sep 14,4169
,,,Sep 15 – Sep 21,4431
,,,Sep 22 – Sep 28,4276
,,,Sep 29 – Oct 5,4239
,,,Oct 6 – Oct 12,4363
,,,Oct 13 – Oct 19,4366
,,,Oct 20 – Oct 26,4534
,,,Oct 27 – Nov 2,4369
,,,Nov 3 – Nov 9,4475
,,,Nov 10 – Nov 16,4418
,,,Nov 17 – Nov 23,4425
,,,Nov 24 – Nov 30,4408
,,,Dec 1 – Dec 7,4506
,,,Dec 8 – Dec 14,4772
,,,Dec 15 – Dec 21,4862
,,,Dec 22 – Dec 28,4901
,No value,2023 – 2024,Dec 31 – Jan 6,10 or fewer
,,2024,Jan 7 – Jan 13,10 or fewer
,,,Jan 14 – Jan 20,10 or fewer
,,,Jan 21 – Jan 27,10 or fewer
,,,Jan 28 – Feb 3,10 or fewer
,,,Feb 4 – Feb 10,10 or fewer
,,,Feb 11 – Feb 17,10 or fewer
,,,Feb 18 – Feb 24,10 or fewer
,,,Feb 25 – Mar 2,10 or fewer
,,,Mar 3 – Mar 9,10 or fewer
,,,Mar 10 – Mar 16,10 or fewer
,,,Mar 17 – Mar 23,10 or fewer
,,,Mar 24 – Mar 30,10 or fewer
,,,Mar 31 – Apr 6,10 or fewer
,,,Apr 7 – Apr 13,10 or fewer
,,,Apr 14 – Apr 20,10 or fewer
,,,Apr 21 – Apr 27,10 or fewer
,,,Apr 28 – May 4,10 or fewer
,,,May 5 – May 11,10 or fewer
,,,May 12 – May 18,10 or fewer
,,,May 19 – May 25,10 or fewer
,,,May 26 – Jun 1,10 or fewer
,,,Jun 2 – Jun 8,10 or fewer
,,,Jun 9 – Jun 15,10 or fewer
,,,Jun 16 – Jun 22,10 or fewer
,,,Jun 23 – Jun 29,10 or fewer
,,,Jun 30 – Jul 6,10 or fewer
,,,Jul 7 – Jul 13,10 or fewer
,,,Jul 14 – Jul 20,10 or fewer
,,,Jul 21 – Jul 27,10 or fewer
,,,Jul 28 – Aug 3,10 or fewer
,,,Aug 4 – Aug 10,10 or fewer
,,,Aug 11 – Aug 17,10 or fewer
,,,Aug 18 – Aug 24,10 or fewer
,,,Aug 25 – Aug 31,10 or fewer
,,,Sep 1 – Sep 7,10 or fewer
,,,Sep 8 – Sep 14,10 or fewer
,,,Sep 15 – Sep 21,10 or fewer
,,,Sep 22 – Sep 28,10 or fewer
,,,Sep 29 – Oct 5,10 or fewer
,,,Oct 6 – Oct 12,10 or fewer
,,,Oct 13 – Oct 19,10 or fewer
,,,Oct 20 – Oct 26,10 or fewer
,,,Oct 27 – Nov 2,10 or fewer
,,,Nov 3 – Nov 9,10 or fewer
,,,Nov 10 – Nov 16,10 or fewer
,,,Nov 17 – Nov 23,10 or fewer
,,,Nov 24 – Nov 30,10 or fewer
,,,Dec 1 – Dec 7,10 or fewer
,,,Dec 8 – Dec 14,10 or fewer
,,,Dec 15 – Dec 21,10 or fewer
,,,Dec 22 – Dec 28,10 or fewer
,Total,2023 – 2024,Dec 31 – Jan 6,15852
,,2024,Jan 7 – Jan 13,14588
,,,Jan 14 – Jan 20,12796
,,,Jan 21 – Jan 27,14083
,,,Jan 28 – Feb 3,14270
,,,Feb 4 – Feb 10,14984
,,,Feb 11 – Feb 17,14310
,,,Feb 18 – Feb 24,14763
,,,Feb 25 – Mar 2,14571
,,,Mar 3 – Mar 9,14618
,,,Mar 10 – Mar 16,14210
,,,Mar 17 – Mar 23,14245
,,,Mar 24 – Mar 30,14281
,,,Mar 31 – Apr 6,15168
,,,Apr 7 – Apr 13,17067
,,,Apr 14 – Apr 20,17505
,,,Apr 21 – Apr 27,17039
,,,Apr 28 – May 4,17374
,,,May 5 – May 11,17439
,,,May 12 – May 18,17134
,,,May 19 – May 25,17081
,,,May 26 – Jun 1,17280
,,,Jun 2 – Jun 8,16961
,,,Jun 9 – Jun 15,17057
,,,Jun 16 – Jun 22,16832
,,,Jun 23 – Jun 29,17023
,,,Jun 30 – Jul 6,16588
,,,Jul 7 – Jul 13,17278
,,,Jul 14 – Jul 20,17131
,,,Jul 21 – Jul 27,16895
,,,Jul 28 – Aug 3,18083
,,,Aug 4 – Aug 10,19035
,,,Aug 11 – Aug 17,19293
,,,Aug 18 – Aug 24,19266
,,,Aug 25 – Aug 31,18769
,,,Sep 1 – Sep 7,18539
,,,Sep 8 – Sep 14,17362
,,,Sep 15 – Sep 21,18447
,,,Sep 22 – Sep 28,18197
,,,Sep 29 – Oct 5,17748
,,,Oct 6 – Oct 12,18660
,,,Oct 13 – Oct 19,18398
,,,Oct 20 – Oct 26,19035
,,,Oct 27 – Nov 2,19007
,,,Nov 3 – Nov 9,19524
,,,Nov 10 – Nov 16,19351
,,,Nov 17 – Nov 23,19135
,,,Nov 24 – Nov 30,18228
,,,Dec 1 – Dec 7,18960
,,,Dec 8 – Dec 14,19523
,,,Dec 15 – Dec 21,19778
,,,Dec 22 – Dec 28,20271
Maryland,Less than 1 Years,2023 – 2024,Dec 31 – Jan 6,404
,,2024,Jan 7 – Jan 13,305
,,,Jan 14 – Jan 20,254
,,,Jan 21 – Jan 27,292
,,,Jan 28 – Feb 3,310
,,,Feb 4 – Feb 10,265
,,,Feb 11 – Feb 17,295
,,,Feb 18 – Feb 24,253
,,,Feb 25 – Mar 2,270
,,,Mar 3 – Mar 9,283
,,,Mar 10 – Mar 16,278
,,,Mar 17 – Mar 23,265
,,,Mar 24 – Mar 30,278
,,,Mar 31 – Apr 6,271
,,,Apr 7 – Apr 13,288
,,,Apr 14 – Apr 20,258
,,,Apr 21 – Apr 27,272
,,,Apr 28 – May 4,292
,,,May 5 – May 11,261
,,,May 12 – May 18,247
,,,May 19 – May 25,269
,,,May 26 – Jun 1,267
,,,Jun 2 – Jun 8,262
,,,Jun 9 – Jun 15,227
,,,Jun 16 – Jun 22,258
,,,Jun 23 – Jun 29,254
,,,Jun 30 – Jul 6,216
,,,Jul 7 – Jul 13,257
,,,Jul 14 – Jul 20,250
,,,Jul 21 – Jul 27,256
,,,Jul 28 – Aug 3,253
,,,Aug 4 – Aug 10,218
,,,Aug 11 – Aug 17,250
,,,Aug 18 – Aug 24,267
,,,Aug 25 – Aug 31,245
,,,Sep 1 – Sep 7,265
,,,Sep 8 – Sep 14,279
,,,Sep 15 – Sep 21,285
,,,Sep 22 – Sep 28,314
,,,Sep 29 – Oct 5,267
,,,Oct 6 – Oct 12,286
,,,Oct 13 – Oct 19,277
,,,Oct 20 – Oct 26,289
,,,Oct 27 – Nov 2,325
,,,Nov 3 – Nov 9,339
,,,Nov 10 – Nov 16,322
,,,Nov 17 – Nov 23,336
,,,Nov 24 – Nov 30,402
,,,Dec 1 – Dec 7,389
,,,Dec 8 – Dec 14,357
,,,Dec 15 – Dec 21,454
,,,Dec 22 – Dec 28,457
,≥ 1 and < 5 Years,2023 – 2024,Dec 31 – Jan 6,746
,,2024,Jan 7 – Jan 13,612
,,,Jan 14 – Jan 20,585
,,,Jan 21 – Jan 27,617
,,,Jan 28 – Feb 3,607
,,,Feb 4 – Feb 10,688
,,,Feb 11 – Feb 17,642
,,,Feb 18 – Feb 24,716
,,,Feb 25 – Mar 2,732
,,,Mar 3 – Mar 9,675
,,,Mar 10 – Mar 16,674
,,,Mar 17 – Mar 23,678
,,,Mar 24 – Mar 30,771
,,,Mar 31 – Apr 6,690
,,,Apr 7 – Apr 13,707
,,,Apr 14 – Apr 20,633
,,,Apr 21 – Apr 27,649
,,,Apr 28 – May 4,688
,,,May 5 – May 11,605
,,,May 12 – May 18,659
,,,May 19 – May 25,661
,,,May 26 – Jun 1,671
,,,Jun 2 – Jun 8,599
,,,Jun 9 – Jun 15,603
,,,Jun 16 – Jun 22,622
,,,Jun 23 – Jun 29,563
,,,Jun 30 – Jul 6,587
,,,Jul 7 – Jul 13,504
,,,Jul 14 – Jul 20,553
,,,Jul 21 – Jul 27,487
,,,Jul 28 – Aug 3,502
,,,Aug 4 – Aug 10,515
,,,Aug 11 – Aug 17,511
,,,Aug 18 – Aug 24,507
,,,Aug 25 – Aug 31,433
,,,Sep 1 – Sep 7,544
,,,Sep 8 – Sep 14,615
,,,Sep 15 – Sep 21,612
,,,Sep 22 – Sep 28,600
,,,Sep 29 – Oct 5,613
,,,Oct 6 – Oct 12,659
,,,Oct 13 – Oct 19,692
,,,Oct 20 – Oct 26,695
,,,Oct 27 – Nov 2,753
,,,Nov 3 – Nov 9,751
,,,Nov 10 – Nov 16,734
,,,Nov 17 – Nov 23,864
,,,Nov 24 – Nov 30,901
,,,Dec 1 – Dec 7,769
,,,Dec 8 – Dec 14,858
,,,Dec 15 – Dec 21,865
,,,Dec 22 – Dec 28,1058
,≥ 5 and < 18 Years,2023 – 2024,Dec 31 – Jan 6,1193
,,2024,Jan 7 – Jan 13,1284
,,,Jan 14 – Jan 20,1054
,,,Jan 21 – Jan 27,1306
,,,Jan 28 – Feb 3,1324
,,,Feb 4 – Feb 10,1504
,,,Feb 11 – Feb 17,1511
,,,Feb 18 – Feb 24,1465
,,,Feb 25 – Mar 2,1599
,,,Mar 3 – Mar 9,1548
,,,Mar 10 – Mar 16,1539
,,,Mar 17 – Mar 23,1556
,,,Mar 24 – Mar 30,1276
,,,Mar 31 – Apr 6,1187
,,,Apr 7 – Apr 13,1414
,,,Apr 14 – Apr 20,1589
,,,Apr 21 – Apr 27,1548
,,,Apr 28 – May 4,1495
,,,May 5 – May 11,1482
,,,May 12 – May 18,1399
,,,May 19 – May 25,1454
,,,May 26 – Jun 1,1395
,,,Jun 2 – Jun 8,1277
,,,Jun 9 – Jun 15,1183
,,,Jun 16 – Jun 22,1175
,,,Jun 23 – Jun 29,1147
,,,Jun 30 – Jul 6,1152
,,,Jul 7 – Jul 13,1169
,,,Jul 14 – Jul 20,1108
,,,Jul 21 – Jul 27,1062
,,,Jul 28 – Aug 3,1124
,,,Aug 4 – Aug 10,1071
,,,Aug 11 – Aug 17,1088
,,,Aug 18 – Aug 24,1046
,,,Aug 25 – Aug 31,1097
,,,Sep 1 – Sep 7,1368
,,,Sep 8 – Sep 14,1555
,,,Sep 15 – Sep 21,1650
,,,Sep 22 – Sep 28,1480
,,,Sep 29 – Oct 5,1517
,,,Oct 6 – Oct 12,1543
,,,Oct 13 – Oct 19,1651
,,,Oct 20 – Oct 26,1657
,,,Oct 27 – Nov 2,1519
,,,Nov 3 – Nov 9,1509
,,,Nov 10 – Nov 16,1524
,,,Nov 17 – Nov 23,1581
,,,Nov 24 – Nov 30,1351
,,,Dec 1 – Dec 7,1367
,,,Dec 8 – Dec 14,1624
,,,Dec 15 – Dec 21,1501
,,,Dec 22 – Dec 28,1355
,≥ 18 and < 50 Years,2023 – 2024,Dec 31 – Jan 6,6426
,,2024,Jan 7 – Jan 13,6103
,,,Jan 14 – Jan 20,5643
,,,Jan 21 – Jan 27,6203
,,,Jan 28 – Feb 3,6176
,,,Feb 4 – Feb 10,6376
,,,Feb 11 – Feb 17,6182
,,,Feb 18 – Feb 24,6299
,,,Feb 25 – Mar 2,6500
,,,Mar 3 – Mar 9,6211
,,,Mar 10 – Mar 16,6315
,,,Mar 17 – Mar 23,6347
,,,Mar 24 – Mar 30,6168
,,,Mar 31 – Apr 6,6405
,,,Apr 7 – Apr 13,6358
,,,Apr 14 – Apr 20,6412
,,,Apr 21 – Apr 27,6433
,,,Apr 28 – May 4,6453
,,,May 5 – May 11,6386
,,,May 12 – May 18,6369
,,,May 19 – May 25,6486
,,,May 26 – Jun 1,6471
,,,Jun 2 – Jun 8,6394
,,,Jun 9 – Jun 15,6460
,,,Jun 16 – Jun 22,6562
,,,Jun 23 – Jun 29,6645
,,,Jun 30 – Jul 6,6438
,,,Jul 7 – Jul 13,6747
,,,Jul 14 – Jul 20,6585
,,,Jul 21 – Jul 27,6644
,,,Jul 28 – Aug 3,6444
,,,Aug 4 – Aug 10,6618
,,,Aug 11 – Aug 17,6510
,,,Aug 18 – Aug 24,6448
,,,Aug 25 – Aug 31,6449
,,,Sep 1 – Sep 7,6628
,,,Sep 8 – Sep 14,6578
,,,Sep 15 – Sep 21,6916
,,,Sep 22 – Sep 28,6862
,,,Sep 29 – Oct 5,6768
,,,Oct 6 – Oct 12,6565
,,,Oct 13 – Oct 19,6396
,,,Oct 20 – Oct 26,6774
,,,Oct 27 – Nov 2,6717
,,,Nov 3 – Nov 9,7028
,,,Nov 10 – Nov 16,6792
,,,Nov 17 – Nov 23,6779
,,,Nov 24 – Nov 30,6245
,,,Dec 1 – Dec 7,6535
,,,Dec 8 – Dec 14,6699
,,,Dec 15 – Dec 21,6611
,,,Dec 22 – Dec 28,6473
,≥ 50 and < 65 Years,2023 – 2024,Dec 31 – Jan 6,2966
,,2024,Jan 7 – Jan 13,3022
,,,Jan 14 – Jan 20,2567
,,,Jan 21 – Jan 27,2922
,,,Jan 28 – Feb 3,2781
,,,Feb 4 – Feb 10,2931
,,,Feb 11 – Feb 17,2759
,,,Feb 18 – Feb 24,2901
,,,Feb 25 – Mar 2,2816
,,,Mar 3 – Mar 9,2848
,,,Mar 10 – Mar 16,2897
,,,Mar 17 – Mar 23,2862
,,,Mar 24 – Mar 30,2664
,,,Mar 31 – Apr 6,2804
,,,Apr 7 – Apr 13,2938
,,,Apr 14 – Apr 20,2914
,,,Apr 21 – Apr 27,2946
,,,Apr 28 – May 4,2899
,,,May 5 – May 11,2932
,,,May 12 – May 18,2999
,,,May 19 – May 25,2868
,,,May 26 – Jun 1,3007
,,,Jun 2 – Jun 8,3003
,,,Jun 9 – Jun 15,2984
,,,Jun 16 – Jun 22,2991
,,,Jun 23 – Jun 29,3079
,,,Jun 30 – Jul 6,2934
,,,Jul 7 – Jul 13,3145
,,,Jul 14 – Jul 20,2938
,,,Jul 21 – Jul 27,2966
,,,Jul 28 – Aug 3,2954
,,,Aug 4 – Aug 10,3057
,,,Aug 11 – Aug 17,3066
,,,Aug 18 – Aug 24,2965
,,,Aug 25 – Aug 31,3073
,,,Sep 1 – Sep 7,3028
,,,Sep 8 – Sep 14,3033
,,,Sep 15 – Sep 21,3070
,,,Sep 22 – Sep 28,3044
,,,Sep 29 – Oct 5,2969
,,,Oct 6 – Oct 12,2954
,,,Oct 13 – Oct 19,2941
,,,Oct 20 – Oct 26,3052
,,,Oct 27 – Nov 2,2964
,,,Nov 3 – Nov 9,2981
,,,Nov 10 – Nov 16,2939
,,,Nov 17 – Nov 23,2940
,,,Nov 24 – Nov 30,2858
,,,Dec 1 – Dec 7,2910
,,,Dec 8 – Dec 14,3009
,,,Dec 15 – Dec 21,2906
,,,Dec 22 – Dec 28,2902
,65 Years or more,2023 – 2024,Dec 31 – Jan 6,3951
,,2024,Jan 7 – Jan 13,4047
,,,Jan 14 – Jan 20,3488
,,,Jan 21 – Jan 27,3905
,,,Jan 28 – Feb 3,3807
,,,Feb 4 – Feb 10,3777
,,,Feb 11 – Feb 17,3726
,,,Feb 18 – Feb 24,3935
,,,Feb 25 – Mar 2,3808
,,,Mar 3 – Mar 9,3886
,,,Mar 10 – Mar 16,3957
,,,Mar 17 – Mar 23,3727
,,,Mar 24 – Mar 30,3818
,,,Mar 31 – Apr 6,3753
,,,Apr 7 – Apr 13,3922
,,,Apr 14 – Apr 20,3915
,,,Apr 21 – Apr 27,3747
,,,Apr 28 – May 4,3886
,,,May 5 – May 11,3971
,,,May 12 – May 18,3860
,,,May 19 – May 25,4179
,,,May 26 – Jun 1,3970
,,,Jun 2 – Jun 8,4155
,,,Jun 9 – Jun 15,4124
,,,Jun 16 – Jun 22,4126
,,,Jun 23 – Jun 29,4160
,,,Jun 30 – Jul 6,3979
,,,Jul 7 – Jul 13,4089
,,,Jul 14 – Jul 20,4038
,,,Jul 21 – Jul 27,3949
,,,Jul 28 – Aug 3,4023
,,,Aug 4 – Aug 10,4027
,,,Aug 11 – Aug 17,4168
,,,Aug 18 – Aug 24,3960
,,,Aug 25 – Aug 31,4173
,,,Sep 1 – Sep 7,3987
,,,Sep 8 – Sep 14,4089
,,,Sep 15 – Sep 21,4171
,,,Sep 22 – Sep 28,4048
,,,Sep 29 – Oct 5,4053
,,,Oct 6 – Oct 12,4051
,,,Oct 13 – Oct 19,4113
,,,Oct 20 – Oct 26,4056
,,,Oct 27 – Nov 2,4089
,,,Nov 3 – Nov 9,3976
,,,Nov 10 – Nov 16,3988
,,,Nov 17 – Nov 23,3953
,,,Nov 24 – Nov 30,3917
,,,Dec 1 – Dec 7,4056
,,,Dec 8 – Dec 14,4051
,,,Dec 15 – Dec 21,4179
,,,Dec 22 – Dec 28,4312
,No value,2023 – 2024,Dec 31 – Jan 6,10 or fewer
,,2024,Jan 7 – Jan 13,10 or fewer
,,,Jan 14 – Jan 20,10 or fewer
,,,Jan 21 – Jan 27,10 or fewer
,,,Jan 28 – Feb 3,10 or fewer
,,,Feb 4 – Feb 10,10 or fewer
,,,Feb 11 – Feb 17,10 or fewer
,,,Feb 18 – Feb 24,10 or fewer
,,,Feb 25 – Mar 2,10 or fewer
,,,Mar 3 – Mar 9,10 or fewer
,,,Mar 10 – Mar 16,10 or fewer
,,,Mar 17 – Mar 23,10 or fewer
,,,Mar 24 – Mar 30,10 or fewer
,,,Mar 31 – Apr 6,10 or fewer
,,,Apr 7 – Apr 13,10 or fewer
,,,Apr 14 – Apr 20,10 or fewer
,,,Apr 21 – Apr 27,10 or fewer
,,,Apr 28 – May 4,10 or fewer
,,,May 5 – May 11,10 or fewer
,,,May 12 – May 18,10 or fewer
,,,May 19 – May 25,10 or fewer
,,,May 26 – Jun 1,10 or fewer
,,,Jun 2 – Jun 8,10 or fewer
,,,Jun 9 – Jun 15,10 or fewer
,,,Jun 16 – Jun 22,10 or fewer
,,,Jun 23 – Jun 29,10 or fewer
,,,Jun 30 – Jul 6,10 or fewer
,,,Jul 7 – Jul 13,10 or fewer
,,,Jul 14 – Jul 20,10 or fewer
,,,Jul 21 – Jul 27,10 or fewer
,,,Jul 28 – Aug 3,10 or fewer
,,,Aug 4 – Aug 10,10 or fewer
,,,Aug 11 – Aug 17,10 or fewer
,,,Aug 18 – Aug 24,10 or fewer
,,,Aug 25 – Aug 31,10 or fewer
,,,Sep 1 – Sep 7,10 or fewer
,,,Sep 8 – Sep 14,10 or fewer
,,,Sep 15 – Sep 21,10 or fewer
,,,Sep 22 – Sep 28,10 or fewer
,,,Sep 29 – Oct 5,10 or fewer
,,,Oct 6 – Oct 12,10 or fewer
,,,Oct 13 – Oct 19,10 or fewer
,,,Oct 20 – Oct 26,10 or fewer
,,,Oct 27 – Nov 2,10 or fewer
,,,Nov 3 – Nov 9,10 or fewer
,,,Nov 10 – Nov 16,10 or fewer
,,,Nov 17 – Nov 23,10 or fewer
,,,Nov 24 – Nov 30,10 or fewer
,,,Dec 1 – Dec 7,10 or fewer
,,,Dec 8 – Dec 14,10 or fewer
,,,Dec 15 – Dec 21,10 or fewer
,,,Dec 22 – Dec 28,10 or fewer
,Total,2023 – 2024,Dec 31 – Jan 6,15686
,,2024,Jan 7 – Jan 13,15373
,,,Jan 14 – Jan 20,13591
,,,Jan 21 – Jan 27,15245
,,,Jan 28 – Feb 3,15006
,,,Feb 4 – Feb 10,15541
,,,Feb 11 – Feb 17,15116
,,,Feb 18 – Feb 24,15570
,,,Feb 25 – Mar 2,15725
,,,Mar 3 – Mar 9,15451
,,,Mar 10 – Mar 16,15661
,,,Mar 17 – Mar 23,15435
,,,Mar 24 – Mar 30,14975
,,,Mar 31 – Apr 6,15110
,,,Apr 7 – Apr 13,15627
,,,Apr 14 – Apr 20,15721
,,,Apr 21 – Apr 27,15595
,,,Apr 28 – May 4,15713
,,,May 5 – May 11,15637
,,,May 12 – May 18,15534
,,,May 19 – May 25,15917
,,,May 26 – Jun 1,15782
,,,Jun 2 – Jun 8,15690
,,,Jun 9 – Jun 15,15581
,,,Jun 16 – Jun 22,15734
,,,Jun 23 – Jun 29,15848
,,,Jun 30 – Jul 6,15306
,,,Jul 7 – Jul 13,15912
,,,Jul 14 – Jul 20,15473
,,,Jul 21 – Jul 27,15364
,,,Jul 28 – Aug 3,15303
,,,Aug 4 – Aug 10,15508
,,,Aug 11 – Aug 17,15594
,,,Aug 18 – Aug 24,15193
,,,Aug 25 – Aug 31,15473
,,,Sep 1 – Sep 7,15820
,,,Sep 8 – Sep 14,16149
,,,Sep 15 – Sep 21,16704
,,,Sep 22 – Sep 28,16348
,,,Sep 29 – Oct 5,16187
,,,Oct 6 – Oct 12,16058
,,,Oct 13 – Oct 19,16070
,,,Oct 20 – Oct 26,16523
,,,Oct 27 – Nov 2,16367
,,,Nov 3 – Nov 9,16584
,,,Nov 10 – Nov 16,16299
,,,Nov 17 – Nov 23,16453
,,,Nov 24 – Nov 30,15674
,,,Dec 1 – Dec 7,16026
,,,Dec 8 – Dec 14,16598
,,,Dec 15 – Dec 21,16516
,,,Dec 22 – Dec 28,16557
Tennessee,Less than 1 Years,2023 – 2024,Dec 31 – Jan 6,458
,,2024,Jan 7 – Jan 13,331
,,,Jan 14 – Jan 20,262
,,,Jan 21 – Jan 27,230
,,,Jan 28 – Feb 3,211
,,,Feb 4 – Feb 10,250
,,,Feb 11 – Feb 17,293
,,,Feb 18 – Feb 24,269
,,,Feb 25 – Mar 2,267
,,,Mar 3 – Mar 9,283
,,,Mar 10 – Mar 16,302
,,,Mar 17 – Mar 23,307
,,,Mar 24 – Mar 30,274
,,,Mar 31 – Apr 6,267
,,,Apr 7 – Apr 13,290
,,,Apr 14 – Apr 20,278
,,,Apr 21 – Apr 27,291
,,,Apr 28 – May 4,282
,,,May 5 – May 11,257
,,,May 12 – May 18,270
,,,May 19 – May 25,237
,,,May 26 – Jun 1,282
,,,Jun 2 – Jun 8,239
,,,Jun 9 – Jun 15,200
,,,Jun 16 – Jun 22,242
,,,Jun 23 – Jun 29,220
,,,Jun 30 – Jul 6,233
,,,Jul 7 – Jul 13,243
,,,Jul 14 – Jul 20,237
,,,Jul 21 – Jul 27,263
,,,Jul 28 – Aug 3,237
,,,Aug 4 – Aug 10,252
,,,Aug 11 – Aug 17,278
,,,Aug 18 – Aug 24,289
,,,Aug 25 – Aug 31,308
,,,Sep 1 – Sep 7,313
,,,Sep 8 – Sep 14,251
,,,Sep 15 – Sep 21,239
,,,Sep 22 – Sep 28,246
,,,Sep 29 – Oct 5,264
,,,Oct 6 – Oct 12,483
,,,Oct 13 – Oct 19,541
,,,Oct 20 – Oct 26,464
,,,Oct 27 – Nov 2,551
,,,Nov 3 – Nov 9,612
,,,Nov 10 – Nov 16,629
,,,Nov 17 – Nov 23,671
,,,Nov 24 – Nov 30,714
,,,Dec 1 – Dec 7,726
,,,Dec 8 – Dec 14,665
,,,Dec 15 – Dec 21,678
,,,Dec 22 – Dec 28,786
,≥ 1 and < 5 Years,2023 – 2024,Dec 31 – Jan 6,931
,,2024,Jan 7 – Jan 13,725
,,,Jan 14 – Jan 20,547
,,,Jan 21 – Jan 27,495
,,,Jan 28 – Feb 3,524
,,,Feb 4 – Feb 10,580
,,,Feb 11 – Feb 17,595
,,,Feb 18 – Feb 24,648
,,,Feb 25 – Mar 2,663
,,,Mar 3 – Mar 9,684
,,,Mar 10 – Mar 16,664
,,,Mar 17 – Mar 23,616
,,,Mar 24 – Mar 30,637
,,,Mar 31 – Apr 6,665
,,,Apr 7 – Apr 13,677
,,,Apr 14 – Apr 20,624
,,,Apr 21 – Apr 27,642
,,,Apr 28 – May 4,654
,,,May 5 – May 11,621
,,,May 12 – May 18,624
,,,May 19 – May 25,630
,,,May 26 – Jun 1,613
,,,Jun 2 – Jun 8,588
,,,Jun 9 – Jun 15,579
,,,Jun 16 – Jun 22,565
,,,Jun 23 – Jun 29,535
,,,Jun 30 – Jul 6,539
,,,Jul 7 – Jul 13,577
,,,Jul 14 – Jul 20,513
,,,Jul 21 – Jul 27,439
,,,Jul 28 – Aug 3,501
,,,Aug 4 – Aug 10,509
,,,Aug 11 – Aug 17,574
,,,Aug 18 – Aug 24,632
,,,Aug 25 – Aug 31,685
,,,Sep 1 – Sep 7,677
,,,Sep 8 – Sep 14,612
,,,Sep 15 – Sep 21,618
,,,Sep 22 – Sep 28,615
,,,Sep 29 – Oct 5,716
,,,Oct 6 – Oct 12,1150
,,,Oct 13 – Oct 19,1101
,,,Oct 20 – Oct 26,1216
,,,Oct 27 – Nov 2,1331
,,,Nov 3 – Nov 9,1429
,,,Nov 10 – Nov 16,1439
,,,Nov 17 – Nov 23,1452
,,,Nov 24 – Nov 30,1570
,,,Dec 1 – Dec 7,1316
,,,Dec 8 – Dec 14,1510
,,,Dec 15 – Dec 21,1614
,,,Dec 22 – Dec 28,1716
,≥ 5 and < 18 Years,2023 – 2024,Dec 31 – Jan 6,1108
,,2024,Jan 7 – Jan 13,1234
,,,Jan 14 – Jan 20,814
,,,Jan 21 – Jan 27,953
,,,Jan 28 – Feb 3,1149
,,,Feb 4 – Feb 10,1397
,,,Feb 11 – Feb 17,1383
,,,Feb 18 – Feb 24,1448
,,,Feb 25 – Mar 2,1377
,,,Mar 3 – Mar 9,1286
,,,Mar 10 – Mar 16,1177
,,,Mar 17 – Mar 23,1203
,,,Mar 24 – Mar 30,1151
,,,Mar 31 – Apr 6,1355
,,,Apr 7 – Apr 13,1339
,,,Apr 14 – Apr 20,1399
,,,Apr 21 – Apr 27,1396
,,,Apr 28 – May 4,1413
,,,May 5 – May 11,1269
,,,May 12 – May 18,1306
,,,May 19 – May 25,1088
,,,May 26 – Jun 1,1013
,,,Jun 2 – Jun 8,1030
,,,Jun 9 – Jun 15,1047
,,,Jun 16 – Jun 22,984
,,,Jun 23 – Jun 29,978
,,,Jun 30 – Jul 6,959
,,,Jul 7 – Jul 13,938
,,,Jul 14 – Jul 20,980
,,,Jul 21 – Jul 27,940
,,,Jul 28 – Aug 3,963
,,,Aug 4 – Aug 10,1055
,,,Aug 11 – Aug 17,1313
,,,Aug 18 – Aug 24,1567
,,,Aug 25 – Aug 31,1509
,,,Sep 1 – Sep 7,1352
,,,Sep 8 – Sep 14,1375
,,,Sep 15 – Sep 21,1390
,,,Sep 22 – Sep 28,1375
,,,Sep 29 – Oct 5,1434
,,,Oct 6 – Oct 12,2067
,,,Oct 13 – Oct 19,2105
,,,Oct 20 – Oct 26,2406
,,,Oct 27 – Nov 2,2481
,,,Nov 3 – Nov 9,2480
,,,Nov 10 – Nov 16,2539
,,,Nov 17 – Nov 23,2478
,,,Nov 24 – Nov 30,1970
,,,Dec 1 – Dec 7,2301
,,,Dec 8 – Dec 14,2560
,,,Dec 15 – Dec 21,2488
,,,Dec 22 – Dec 28,2317
,≥ 18 and < 50 Years,2023 – 2024,Dec 31 – Jan 6,4695
,,2024,Jan 7 – Jan 13,4158
,,,Jan 14 – Jan 20,3443
,,,Jan 21 – Jan 27,4017
,,,Jan 28 – Feb 3,3929
,,,Feb 4 – Feb 10,3994
,,,Feb 11 – Feb 17,4092
,,,Feb 18 – Feb 24,4240
,,,Feb 25 – Mar 2,4134
,,,Mar 3 – Mar 9,4137
,,,Mar 10 – Mar 16,3971
,,,Mar 17 – Mar 23,3818
,,,Mar 24 – Mar 30,3908
,,,Mar 31 – Apr 6,4152
,,,Apr 7 – Apr 13,4113
,,,Apr 14 – Apr 20,4136
,,,Apr 21 – Apr 27,4124
,,,Apr 28 – May 4,4268
,,,May 5 – May 11,4339
,,,May 12 – May 18,4260
,,,May 19 – May 25,4250
,,,May 26 – Jun 1,4249
,,,Jun 2 – Jun 8,4247
,,,Jun 9 – Jun 15,4177
,,,Jun 16 – Jun 22,4166
,,,Jun 23 – Jun 29,4334
,,,Jun 30 – Jul 6,4108
,,,Jul 7 – Jul 13,4386
,,,Jul 14 – Jul 20,4439
,,,Jul 21 – Jul 27,4198
,,,Jul 28 – Aug 3,4151
,,,Aug 4 – Aug 10,4338
,,,Aug 11 – Aug 17,4367
,,,Aug 18 – Aug 24,4352
,,,Aug 25 – Aug 31,4452
,,,Sep 1 – Sep 7,4334
,,,Sep 8 – Sep 14,4191
,,,Sep 15 – Sep 21,4258
,,,Sep 22 – Sep 28,4206
,,,Sep 29 – Oct 5,4386
,,,Oct 6 – Oct 12,6523
,,,Oct 13 – Oct 19,6525
,,,Oct 20 – Oct 26,6739
,,,Oct 27 – Nov 2,6825
,,,Nov 3 – Nov 9,7345
,,,Nov 10 – Nov 16,6961
,,,Nov 17 – Nov 23,6813
,,,Nov 24 – Nov 30,6697
,,,Dec 1 – Dec 7,6961
,,,Dec 8 – Dec 14,7105
,,,Dec 15 – Dec 21,7272
,,,Dec 22 – Dec 28,7400
,≥ 50 and < 65 Years,2023 – 2024,Dec 31 – Jan 6,2021
,,2024,Jan 7 – Jan 13,1903
,,,Jan 14 – Jan 20,1648
,,,Jan 21 – Jan 27,1919
,,,Jan 28 – Feb 3,1794
,,,Feb 4 – Feb 10,1819
,,,Feb 11 – Feb 17,1916
,,,Feb 18 – Feb 24,1794
,,,Feb 25 – Mar 2,1828
,,,Mar 3 – Mar 9,1947
,,,Mar 10 – Mar 16,1964
,,,Mar 17 – Mar 23,1952
,,,Mar 24 – Mar 30,1931
,,,Mar 31 – Apr 6,1857
,,,Apr 7 – Apr 13,1963
,,,Apr 14 – Apr 20,1959
,,,Apr 21 – Apr 27,1994
,,,Apr 28 – May 4,1944
,,,May 5 – May 11,1972
,,,May 12 – May 18,1885
,,,May 19 – May 25,1995
,,,May 26 – Jun 1,2020
,,,Jun 2 – Jun 8,1966
,,,Jun 9 – Jun 15,2008
,,,Jun 16 – Jun 22,2080
,,,Jun 23 – Jun 29,1952
,,,Jun 30 – Jul 6,2002
,,,Jul 7 – Jul 13,2000
,,,Jul 14 – Jul 20,2009
,,,Jul 21 – Jul 27,1993
,,,Jul 28 – Aug 3,1965
,,,Aug 4 – Aug 10,1988
,,,Aug 11 – Aug 17,1904
,,,Aug 18 – Aug 24,1978
,,,Aug 25 – Aug 31,2055
,,,Sep 1 – Sep 7,1947
,,,Sep 8 – Sep 14,1943
,,,Sep 15 – Sep 21,1893
,,,Sep 22 – Sep 28,1940
,,,Sep 29 – Oct 5,2064
,,,Oct 6 – Oct 12,3000
,,,Oct 13 – Oct 19,3000
,,,Oct 20 – Oct 26,3074
,,,Oct 27 – Nov 2,3059
,,,Nov 3 – Nov 9,3220
,,,Nov 10 – Nov 16,3172
,,,Nov 17 – Nov 23,3184
,,,Nov 24 – Nov 30,2925
,,,Dec 1 – Dec 7,3080
,,,Dec 8 – Dec 14,3196
,,,Dec 15 – Dec 21,3269
,,,Dec 22 – Dec 28,3288
,65 Years or more,2023 – 2024,Dec 31 – Jan 6,2789
,,2024,Jan 7 – Jan 13,2612
,,,Jan 14 – Jan 20,2100
,,,Jan 21 – Jan 27,2547
,,,Jan 28 – Feb 3,2547
,,,Feb 4 – Feb 10,2454
,,,Feb 11 – Feb 17,2405
,,,Feb 18 – Feb 24,2548
,,,Feb 25 – Mar 2,2553
,,,Mar 3 – Mar 9,2543
,,,Mar 10 – Mar 16,2553
,,,Mar 17 – Mar 23,2474
,,,Mar 24 – Mar 30,2481
,,,Mar 31 – Apr 6,2503
,,,Apr 7 – Apr 13,2593
,,,Apr 14 – Apr 20,2564
,,,Apr 21 – Apr 27,2513
,,,Apr 28 – May 4,2581
,,,May 5 – May 11,2492
,,,May 12 – May 18,2590
,,,May 19 – May 25,2774
,,,May 26 – Jun 1,2660
,,,Jun 2 – Jun 8,2713
,,,Jun 9 – Jun 15,2676
,,,Jun 16 – Jun 22,2630
,,,Jun 23 – Jun 29,2650
,,,Jun 30 – Jul 6,2695
,,,Jul 7 – Jul 13,2700
,,,Jul 14 – Jul 20,2564
,,,Jul 21 – Jul 27,2673
,,,Jul 28 – Aug 3,2630
,,,Aug 4 – Aug 10,2759
,,,Aug 11 – Aug 17,2600
,,,Aug 18 – Aug 24,2642
,,,Aug 25 – Aug 31,2655
,,,Sep 1 – Sep 7,2649
,,,Sep 8 – Sep 14,2622
,,,Sep 15 – Sep 21,2672
,,,Sep 22 – Sep 28,2546
,,,Sep 29 – Oct 5,2719
,,,Oct 6 – Oct 12,4094
,,,Oct 13 – Oct 19,4176
,,,Oct 20 – Oct 26,4162
,,,Oct 27 – Nov 2,4198
,,,Nov 3 – Nov 9,4002
,,,Nov 10 – Nov 16,4200
,,,Nov 17 – Nov 23,4205
,,,Nov 24 – Nov 30,4104
,,,Dec 1 – Dec 7,4158
,,,Dec 8 – Dec 14,4333
,,,Dec 15 – Dec 21,4402
,,,Dec 22 – Dec 28,4719
,No value,2023 – 2024,Dec 31 – Jan 6,10 or fewer
,,2024,Jan 7 – Jan 13,10 or fewer
,,,Jan 14 – Jan 20,10 or fewer
,,,Jan 21 – Jan 27,10 or fewer
,,,Jan 28 – Feb 3,10 or fewer
,,,Feb 4 – Feb 10,10 or fewer
,,,Feb 11 – Feb 17,10 or fewer
,,,Feb 18 – Feb 24,10 or fewer
,,,Feb 25 – Mar 2,10 or fewer
,,,Mar 3 – Mar 9,10 or fewer
,,,Mar 10 – Mar 16,10 or fewer
,,,Mar 17 – Mar 23,10 or fewer
,,,Mar 24 – Mar 30,10 or fewer
,,,Mar 31 – Apr 6,10 or fewer
,,,Apr 7 – Apr 13,10 or fewer
,,,Apr 14 – Apr 20,10 or fewer
,,,Apr 21 – Apr 27,10 or fewer
,,,Apr 28 – May 4,10 or fewer
,,,May 5 – May 11,10 or fewer
,,,May 12 – May 18,10 or fewer
,,,May 19 – May 25,10 or fewer
,,,May 26 – Jun 1,10 or fewer
,,,Jun 2 – Jun 8,10 or fewer
,,,Jun 9 – Jun 15,10 or fewer
,,,Jun 16 – Jun 22,10 or fewer
,,,Jun 23 – Jun 29,10 or fewer
,,,Jun 30 – Jul 6,10 or fewer
,,,Jul 7 – Jul 13,10 or fewer
,,,Jul 14 – Jul 20,10 or fewer
,,,Jul 21 – Jul 27,10 or fewer
,,,Jul 28 – Aug 3,10 or fewer
,,,Aug 4 – Aug 10,10 or fewer
,,,Aug 11 – Aug 17,10 or fewer
,,,Aug 18 – Aug 24,10 or fewer
,,,Aug 25 – Aug 31,10 or fewer
,,,Sep 1 – Sep 7,10 or fewer
,,,Sep 8 – Sep 14,10 or fewer
,,,Sep 15 – Sep 21,10 or fewer
,,,Sep 22 – Sep 28,10 or fewer
,,,Sep 29 – Oct 5,10 or fewer
,,,Oct 6 – Oct 12,10 or fewer
,,,Oct 13 – Oct 19,10 or fewer
,,,Oct 20 – Oct 26,10 or fewer
,,,Oct 27 – Nov 2,10 or fewer
,,,Nov 3 – Nov 9,10 or fewer
,,,Nov 10 – Nov 16,10 or fewer
,,,Nov 17 – Nov 23,10 or fewer
,,,Nov 24 – Nov 30,10 or fewer
,,,Dec 1 – Dec 7,10 or fewer
,,,Dec 8 – Dec 14,10 or fewer
,,,Dec 15 – Dec 21,10 or fewer
,,,Dec 22 – Dec 28,10 or fewer
,Total,2023 – 2024,Dec 31 – Jan 6,12002
,,2024,Jan 7 – Jan 13,10963
,,,Jan 14 – Jan 20,8814
,,,Jan 21 – Jan 27,10161
,,,Jan 28 – Feb 3,10154
,,,Feb 4 – Feb 10,10494
,,,Feb 11 – Feb 17,10684
,,,Feb 18 – Feb 24,10947
,,,Feb 25 – Mar 2,10822
,,,Mar 3 – Mar 9,10880
,,,Mar 10 – Mar 16,10631
,,,Mar 17 – Mar 23,10370
,,,Mar 24 – Mar 30,10382
,,,Mar 31 – Apr 6,10799
,,,Apr 7 – Apr 13,10975
,,,Apr 14 – Apr 20,10960
,,,Apr 21 – Apr 27,10960
,,,Apr 28 – May 4,11142
,,,May 5 – May 11,10950
,,,May 12 – May 18,10935
,,,May 19 – May 25,10974
,,,May 26 – Jun 1,10837
,,,Jun 2 – Jun 8,10783
,,,Jun 9 – Jun 15,10687
,,,Jun 16 – Jun 22,10667
,,,Jun 23 – Jun 29,10669
,,,Jun 30 – Jul 6,10536
,,,Jul 7 – Jul 13,10844
,,,Jul 14 – Jul 20,10742
,,,Jul 21 – Jul 27,10506
,,,Jul 28 – Aug 3,10447
,,,Aug 4 – Aug 10,10901
,,,Aug 11 – Aug 17,11036
,,,Aug 18 – Aug 24,11460
,,,Aug 25 – Aug 31,11664
,,,Sep 1 – Sep 7,11272
,,,Sep 8 – Sep 14,10994
,,,Sep 15 – Sep 21,11070
,,,Sep 22 – Sep 28,10928
,,,Sep 29 – Oct 5,11583
,,,Oct 6 – Oct 12,17317
,,,Oct 13 – Oct 19,17448
,,,Oct 20 – Oct 26,18061
,,,Oct 27 – Nov 2,18445
,,,Nov 3 – Nov 9,19088
,,,Nov 10 – Nov 16,18940
,,,Nov 17 – Nov 23,18803
,,,Nov 24 – Nov 30,17980
,,,Dec 1 – Dec 7,18542
,,,Dec 8 – Dec 14,19369
,,,Dec 15 – Dec 21,19723
,,,Dec 22 – Dec 28,20226
Oregon,Less than 1 Years,2023 – 2024,Dec 31 – Jan 6,375
,,2024,Jan 7 – Jan 13,266
,,,Jan 14 – Jan 20,208
,,,Jan 21 – Jan 27,223
,,,Jan 28 – Feb 3,222
,,,Feb 4 – Feb 10,260
,,,Feb 11 – Feb 17,256
,,,Feb 18 – Feb 24,278
,,,Feb 25 – Mar 2,292
,,,Mar 3 – Mar 9,247
,,,Mar 10 – Mar 16,274
,,,Mar 17 – Mar 23,266
,,,Mar 24 – Mar 30,248
,,,Mar 31 – Apr 6,245
,,,Apr 7 – Apr 13,256
,,,Apr 14 – Apr 20,245
,,,Apr 21 – Apr 27,289
,,,Apr 28 – May 4,279
,,,May 5 – May 11,296
,,,May 12 – May 18,268
,,,May 19 – May 25,251
,,,May 26 – Jun 1,293
,,,Jun 2 – Jun 8,287
,,,Jun 9 – Jun 15,257
,,,Jun 16 – Jun 22,249
,,,Jun 23 – Jun 29,243
,,,Jun 30 – Jul 6,233
,,,Jul 7 – Jul 13,231
,,,Jul 14 – Jul 20,240
,,,Jul 21 – Jul 27,243
,,,Jul 28 – Aug 3,215
,,,Aug 4 – Aug 10,254
,,,Aug 11 – Aug 17,217
,,,Aug 18 – Aug 24,199
,,,Aug 25 – Aug 31,219
,,,Sep 1 – Sep 7,240
,,,Sep 8 – Sep 14,223
,,,Sep 15 – Sep 21,277
,,,Sep 22 – Sep 28,234
,,,Sep 29 – Oct 5,210
,,,Oct 6 – Oct 12,236
,,,Oct 13 – Oct 19,214
,,,Oct 20 – Oct 26,216
,,,Oct 27 – Nov 2,194
,,,Nov 3 – Nov 9,236
,,,Nov 10 – Nov 16,227
,,,Nov 17 – Nov 23,243
,,,Nov 24 – Nov 30,270
,,,Dec 1 – Dec 7,267
,,,Dec 8 – Dec 14,322
,,,Dec 15 – Dec 21,342
,,,Dec 22 – Dec 28,425
,≥ 1 and < 5 Years,2023 – 2024,Dec 31 – Jan 6,713
,,2024,Jan 7 – Jan 13,547
,,,Jan 14 – Jan 20,476
,,,Jan 21 – Jan 27,476
,,,Jan 28 – Feb 3,536
,,,Feb 4 – Feb 10,562
,,,Feb 11 – Feb 17,575
,,,Feb 18 – Feb 24,625
,,,Feb 25 – Mar 2,607
,,,Mar 3 – Mar 9,654
,,,Mar 10 – Mar 16,638
,,,Mar 17 – Mar 23,786
,,,Mar 24 – Mar 30,637
,,,Mar 31 – Apr 6,607
,,,Apr 7 – Apr 13,630
,,,Apr 14 – Apr 20,708
,,,Apr 21 – Apr 27,728
,,,Apr 28 – May 4,680
,,,May 5 – May 11,727
,,,May 12 – May 18,781
,,,May 19 – May 25,662
,,,May 26 – Jun 1,717
,,,Jun 2 – Jun 8,676
,,,Jun 9 – Jun 15,701
,,,Jun 16 – Jun 22,649
,,,Jun 23 – Jun 29,626
,,,Jun 30 – Jul 6,559
,,,Jul 7 – Jul 13,563
,,,Jul 14 – Jul 20,519
,,,Jul 21 – Jul 27,481
,,,Jul 28 – Aug 3,464
,,,Aug 4 – Aug 10,535
,,,Aug 11 – Aug 17,465
,,,Aug 18 – Aug 24,440
,,,Aug 25 – Aug 31,445
,,,Sep 1 – Sep 7,482
,,,Sep 8 – Sep 14,512
,,,Sep 15 – Sep 21,569
,,,Sep 22 – Sep 28,504
,,,Sep 29 – Oct 5,513
,,,Oct 6 – Oct 12,492
,,,Oct 13 – Oct 19,534
,,,Oct 20 – Oct 26,521
,,,Oct 27 – Nov 2,516
,,,Nov 3 – Nov 9,540
,,,Nov 10 – Nov 16,561
,,,Nov 17 – Nov 23,526
,,,Nov 24 – Nov 30,619
,,,Dec 1 – Dec 7,649
,,,Dec 8 – Dec 14,683
,,,Dec 15 – Dec 21,901
,,,Dec 22 – Dec 28,982
,≥ 5 and < 18 Years,2023 – 2024,Dec 31 – Jan 6,1174
,,2024,Jan 7 – Jan 13,1147
,,,Jan 14 – Jan 20,878
,,,Jan 21 – Jan 27,1189
,,,Jan 28 – Feb 3,1309
,,,Feb 4 – Feb 10,1385
,,,Feb 11 – Feb 17,1370
,,,Feb 18 – Feb 24,1514
,,,Feb 25 – Mar 2,1431
,,,Mar 3 – Mar 9,1486
,,,Mar 10 – Mar 16,1553
,,,Mar 17 – Mar 23,1580
,,,Mar 24 – Mar 30,1255
,,,Mar 31 – Apr 6,1412
,,,Apr 7 – Apr 13,1568
,,,Apr 14 – Apr 20,1558
,,,Apr 21 – Apr 27,1665
,,,Apr 28 – May 4,1635
,,,May 5 – May 11,1577
,,,May 12 – May 18,1809
,,,May 19 – May 25,1585
,,,May 26 – Jun 1,1651
,,,Jun 2 – Jun 8,1634
,,,Jun 9 – Jun 15,1562
,,,Jun 16 – Jun 22,1302
,,,Jun 23 – Jun 29,1233
,,,Jun 30 – Jul 6,1190
,,,Jul 7 – Jul 13,1244
,,,Jul 14 – Jul 20,1164
,,,Jul 21 – Jul 27,1138
,,,Jul 28 – Aug 3,1147
,,,Aug 4 – Aug 10,1055
,,,Aug 11 – Aug 17,1045
,,,Aug 18 – Aug 24,1076
,,,Aug 25 – Aug 31,1132
,,,Sep 1 – Sep 7,1224
,,,Sep 8 – Sep 14,1417
,,,Sep 15 – Sep 21,1512
,,,Sep 22 – Sep 28,1403
,,,Sep 29 – Oct 5,1391
,,,Oct 6 – Oct 12,1356
,,,Oct 13 – Oct 19,1301
,,,Oct 20 – Oct 26,1324
,,,Oct 27 – Nov 2,1252
,,,Nov 3 – Nov 9,1322
,,,Nov 10 – Nov 16,1292
,,,Nov 17 – Nov 23,1375
,,,Nov 24 – Nov 30,1212
,,,Dec 1 – Dec 7,1341
,,,Dec 8 – Dec 14,1631
,,,Dec 15 – Dec 21,2005
,,,Dec 22 – Dec 28,1741
,≥ 18 and < 50 Years,2023 – 2024,Dec 31 – Jan 6,5426
,,2024,Jan 7 – Jan 13,4774
,,,Jan 14 – Jan 20,4700
,,,Jan 21 – Jan 27,5091
,,,Jan 28 – Feb 3,5060
,,,Feb 4 – Feb 10,5130
,,,Feb 11 – Feb 17,5157
,,,Feb 18 – Feb 24,5119
,,,Feb 25 – Mar 2,5138
,,,Mar 3 – Mar 9,5132
,,,Mar 10 – Mar 16,5175
,,,Mar 17 – Mar 23,5366
,,,Mar 24 – Mar 30,5188
,,,Mar 31 – Apr 6,5087
,,,Apr 7 – Apr 13,5198
,,,Apr 14 – Apr 20,5061
,,,Apr 21 – Apr 27,5211
,,,Apr 28 – May 4,5077
,,,May 5 – May 11,5263
,,,May 12 – May 18,5458
,,,May 19 – May 25,5324
,,,May 26 – Jun 1,5362
,,,Jun 2 – Jun 8,5425
,,,Jun 9 – Jun 15,5447
,,,Jun 16 – Jun 22,5355
,,,Jun 23 – Jun 29,5339
,,,Jun 30 – Jul 6,5327
,,,Jul 7 – Jul 13,5569
,,,Jul 14 – Jul 20,5353
,,,Jul 21 – Jul 27,5365
,,,Jul 28 – Aug 3,5401
,,,Aug 4 – Aug 10,5341
,,,Aug 11 – Aug 17,5472
,,,Aug 18 – Aug 24,5188
,,,Aug 25 – Aug 31,5275
,,,Sep 1 – Sep 7,5516
,,,Sep 8 – Sep 14,5411
,,,Sep 15 – Sep 21,5477
,,,Sep 22 – Sep 28,5381
,,,Sep 29 – Oct 5,5144
,,,Oct 6 – Oct 12,5332
,,,Oct 13 – Oct 19,5407
,,,Oct 20 – Oct 26,5257
,,,Oct 27 – Nov 2,5333
,,,Nov 3 – Nov 9,5455
,,,Nov 10 – Nov 16,5416
,,,Nov 17 – Nov 23,5570
,,,Nov 24 – Nov 30,5036
,,,Dec 1 – Dec 7,5386
,,,Dec 8 – Dec 14,5650
,,,Dec 15 – Dec 21,5944
,,,Dec 22 – Dec 28,5986
,≥ 50 and < 65 Years,2023 – 2024,Dec 31 – Jan 6,2320
,,2024,Jan 7 – Jan 13,2113
,,,Jan 14 – Jan 20,2361
,,,Jan 21 – Jan 27,2486
,,,Jan 28 – Feb 3,2214
,,,Feb 4 – Feb 10,2280
,,,Feb 11 – Feb 17,2256
,,,Feb 18 – Feb 24,2363
,,,Feb 25 – Mar 2,2189
,,,Mar 3 – Mar 9,2271
,,,Mar 10 – Mar 16,2328
,,,Mar 17 – Mar 23,2374
,,,Mar 24 – Mar 30,2305
,,,Mar 31 – Apr 6,2193
,,,Apr 7 – Apr 13,2280
,,,Apr 14 – Apr 20,2175
,,,Apr 21 – Apr 27,2214
,,,Apr 28 – May 4,2219
,,,May 5 – May 11,2206
,,,May 12 – May 18,2407
,,,May 19 – May 25,2346
,,,May 26 – Jun 1,2346
,,,Jun 2 – Jun 8,2345
,,,Jun 9 – Jun 15,2388
,,,Jun 16 – Jun 22,2399
,,,Jun 23 – Jun 29,2354
,,,Jun 30 – Jul 6,2257
,,,Jul 7 – Jul 13,2441
,,,Jul 14 – Jul 20,2402
,,,Jul 21 – Jul 27,2439
,,,Jul 28 – Aug 3,2305
,,,Aug 4 – Aug 10,2232
,,,Aug 11 – Aug 17,2307
,,,Aug 18 – Aug 24,2321
,,,Aug 25 – Aug 31,2297
,,,Sep 1 – Sep 7,2357
,,,Sep 8 – Sep 14,2279
,,,Sep 15 – Sep 21,2244
,,,Sep 22 – Sep 28,2274
,,,Sep 29 – Oct 5,2258
,,,Oct 6 – Oct 12,2169
,,,Oct 13 – Oct 19,2249
,,,Oct 20 – Oct 26,2166
,,,Oct 27 – Nov 2,2149
,,,Nov 3 – Nov 9,2155
,,,Nov 10 – Nov 16,2247
,,,Nov 17 – Nov 23,2244
,,,Nov 24 – Nov 30,2170
,,,Dec 1 – Dec 7,2295
,,,Dec 8 – Dec 14,2344
,,,Dec 15 – Dec 21,2497
,,,Dec 22 – Dec 28,2511
,65 Years or more,2023 – 2024,Dec 31 – Jan 6,3722
,,2024,Jan 7 – Jan 13,3363
,,,Jan 14 – Jan 20,3544
,,,Jan 21 – Jan 27,3579
,,,Jan 28 – Feb 3,3433
,,,Feb 4 – Feb 10,3299
,,,Feb 11 – Feb 17,3252
,,,Feb 18 – Feb 24,3515
,,,Feb 25 – Mar 2,3376
,,,Mar 3 – Mar 9,3391
,,,Mar 10 – Mar 16,3521
,,,Mar 17 – Mar 23,3623
,,,Mar 24 – Mar 30,3486
,,,Mar 31 – Apr 6,3505
,,,Apr 7 – Apr 13,3499
,,,Apr 14 – Apr 20,3585
,,,Apr 21 – Apr 27,3455
,,,Apr 28 – May 4,3530
,,,May 5 – May 11,3726
,,,May 12 – May 18,3785
,,,May 19 – May 25,3733
,,,May 26 – Jun 1,3828
,,,Jun 2 – Jun 8,3686
,,,Jun 9 – Jun 15,3747
,,,Jun 16 – Jun 22,3774
,,,Jun 23 – Jun 29,3701
,,,Jun 30 – Jul 6,3690
,,,Jul 7 – Jul 13,3802
,,,Jul 14 – Jul 20,3662
,,,Jul 21 – Jul 27,3687
,,,Jul 28 – Aug 3,3632
,,,Aug 4 – Aug 10,3785
,,,Aug 11 – Aug 17,3842
,,,Aug 18 – Aug 24,3587
,,,Aug 25 – Aug 31,3658
,,,Sep 1 – Sep 7,3679
,,,Sep 8 – Sep 14,3590
,,,Sep 15 – Sep 21,3548
,,,Sep 22 – Sep 28,3743
,,,Sep 29 – Oct 5,3644
,,,Oct 6 – Oct 12,3607
,,,Oct 13 – Oct 19,3510
,,,Oct 20 – Oct 26,3582
,,,Oct 27 – Nov 2,3320
,,,Nov 3 – Nov 9,3499
,,,Nov 10 – Nov 16,3543
,,,Nov 17 – Nov 23,3352
,,,Nov 24 – Nov 30,3568
,,,Dec 1 – Dec 7,3615
,,,Dec 8 – Dec 14,3753
,,,Dec 15 – Dec 21,3945
,,,Dec 22 – Dec 28,3852
,No value,2023 – 2024,Dec 31 – Jan 6,10 or fewer
,,2024,Jan 7 – Jan 13,10 or fewer
,,,Jan 14 – Jan 20,10 or fewer
,,,Jan 21 – Jan 27,10 or fewer
,,,Jan 28 – Feb 3,10 or fewer
,,,Feb 4 – Feb 10,10 or fewer
,,,Feb 11 – Feb 17,10 or fewer
,,,Feb 18 – Feb 24,10 or fewer
,,,Feb 25 – Mar 2,10 or fewer
,,,Mar 3 – Mar 9,10 or fewer
,,,Mar 10 – Mar 16,10 or fewer
,,,Mar 17 – Mar 23,10 or fewer
,,,Mar 24 – Mar 30,10 or fewer
,,,Mar 31 – Apr 6,10 or fewer
,,,Apr 7 – Apr 13,10 or fewer
,,,Apr 14 – Apr 20,10 or fewer
,,,Apr 21 – Apr 27,10 or fewer
,,,Apr 28 – May 4,10 or fewer
,,,May 5 – May 11,10 or fewer
,,,May 12 – May 18,10 or fewer
,,,May 19 – May 25,10 or fewer
,,,May 26 – Jun 1,10 or fewer
,,,Jun 2 – Jun 8,10 or fewer
,,,Jun 9 – Jun 15,10 or fewer
,,,Jun 16 – Jun 22,10 or fewer
,,,Jun 23 – Jun 29,10 or fewer
,,,Jun 30 – Jul 6,10 or fewer
,,,Jul 7 – Jul 13,10 or fewer
,,,Jul 14 – Jul 20,10 or fewer
,,,Jul 21 – Jul 27,10 or fewer
,,,Jul 28 – Aug 3,10 or fewer
,,,Aug 4 – Aug 10,10 or fewer
,,,Aug 11 – Aug 17,10 or fewer
,,,Aug 18 – Aug 24,10 or fewer
,,,Aug 25 – Aug 31,10 or fewer
,,,Sep 1 – Sep 7,10 or fewer
,,,Sep 8 – Sep 14,10 or fewer
,,,Sep 15 – Sep 21,10 or fewer
,,,Sep 22 – Sep 28,10 or fewer
,,,Sep 29 – Oct 5,10 or fewer
,,,Oct 6 – Oct 12,10 or fewer
,,,Oct 13 – Oct 19,10 or fewer
,,,Oct 20 – Oct 26,10 or fewer
,,,Oct 27 – Nov 2,10 or fewer
,,,Nov 3 – Nov 9,10 or fewer
,,,Nov 10 – Nov 16,10 or fewer
,,,Nov 17 – Nov 23,10 or fewer
,,,Nov 24 – Nov 30,10 or fewer
,,,Dec 1 – Dec 7,10 or fewer
,,,Dec 8 – Dec 14,10 or fewer
,,,Dec 15 – Dec 21,10 or fewer
,,,Dec 22 – Dec 28,10 or fewer
,Total,2023 – 2024,Dec 31 – Jan 6,13731
,,2024,Jan 7 – Jan 13,12210
,,,Jan 14 – Jan 20,12167
,,,Jan 21 – Jan 27,13044
,,,Jan 28 – Feb 3,12774
,,,Feb 4 – Feb 10,12916
,,,Feb 11 – Feb 17,12866
,,,Feb 18 – Feb 24,13414
,,,Feb 25 – Mar 2,13033
,,,Mar 3 – Mar 9,13181
,,,Mar 10 – Mar 16,13489
,,,Mar 17 – Mar 23,13995
,,,Mar 24 – Mar 30,13119
,,,Mar 31 – Apr 6,13049
,,,Apr 7 – Apr 13,13431
,,,Apr 14 – Apr 20,13332
,,,Apr 21 – Apr 27,13562
,,,Apr 28 – May 4,13420
,,,May 5 – May 11,13795
,,,May 12 – May 18,14508
,,,May 19 – May 25,13901
,,,May 26 – Jun 1,14197
,,,Jun 2 – Jun 8,14053
,,,Jun 9 – Jun 15,14102
,,,Jun 16 – Jun 22,13728
,,,Jun 23 – Jun 29,13496
,,,Jun 30 – Jul 6,13256
,,,Jul 7 – Jul 13,13850
,,,Jul 14 – Jul 20,13340
,,,Jul 21 – Jul 27,13353
,,,Jul 28 – Aug 3,13164
,,,Aug 4 – Aug 10,13202
,,,Aug 11 – Aug 17,13348
,,,Aug 18 – Aug 24,12811
,,,Aug 25 – Aug 31,13026
,,,Sep 1 – Sep 7,13498
,,,Sep 8 – Sep 14,13432
,,,Sep 15 – Sep 21,13627
,,,Sep 22 – Sep 28,13539
,,,Sep 29 – Oct 5,13160
,,,Oct 6 – Oct 12,13192
,,,Oct 13 – Oct 19,13215
,,,Oct 20 – Oct 26,13066
,,,Oct 27 – Nov 2,12764
,,,Nov 3 – Nov 9,13207
,,,Nov 10 – Nov 16,13286
,,,Nov 17 – Nov 23,13310
,,,Nov 24 – Nov 30,12875
,,,Dec 1 – Dec 7,13553
,,,Dec 8 – Dec 14,14383
,,,Dec 15 – Dec 21,15634
,,,Dec 22 – Dec 28,15497
Oklahoma,Less than 1 Years,2023 – 2024,Dec 31 – Jan 6,541
,,2024,Jan 7 – Jan 13,446
,,,Jan 14 – Jan 20,391
,,,Jan 21 – Jan 27,378
,,,Jan 28 – Feb 3,376
,,,Feb 4 – Feb 10,388
,,,Feb 11 – Feb 17,388
,,,Feb 18 – Feb 24,361
,,,Feb 25 – Mar 2,340
,,,Mar 3 – Mar 9,329
,,,Mar 10 – Mar 16,363
,,,Mar 17 – Mar 23,369
,,,Mar 24 – Mar 30,323
,,,Mar 31 – Apr 6,315
,,,Apr 7 – Apr 13,331
,,,Apr 14 – Apr 20,327
,,,Apr 21 – Apr 27,381
,,,Apr 28 – May 4,327
,,,May 5 – May 11,323
,,,May 12 – May 18,358
,,,May 19 – May 25,325
,,,May 26 – Jun 1,354
,,,Jun 2 – Jun 8,310
,,,Jun 9 – Jun 15,307
,,,Jun 16 – Jun 22,303
,,,Jun 23 – Jun 29,287
,,,Jun 30 – Jul 6,255
,,,Jul 7 – Jul 13,282
,,,Jul 14 – Jul 20,301
,,,Jul 21 – Jul 27,344
,,,Jul 28 – Aug 3,299
,,,Aug 4 – Aug 10,316
,,,Aug 11 – Aug 17,311
,,,Aug 18 – Aug 24,364
,,,Aug 25 – Aug 31,382
,,,Sep 1 – Sep 7,399
,,,Sep 8 – Sep 14,366
,,,Sep 15 – Sep 21,395
,,,Sep 22 – Sep 28,310
,,,Sep 29 – Oct 5,333
,,,Oct 6 – Oct 12,305
,,,Oct 13 – Oct 19,324
,,,Oct 20 – Oct 26,345
,,,Oct 27 – Nov 2,328
,,,Nov 3 – Nov 9,335
,,,Nov 10 – Nov 16,361
,,,Nov 17 – Nov 23,390
,,,Nov 24 – Nov 30,388
,,,Dec 1 – Dec 7,435
,,,Dec 8 – Dec 14,419
,,,Dec 15 – Dec 21,508
,,,Dec 22 – Dec 28,678
,≥ 1 and < 5 Years,2023 – 2024,Dec 31 – Jan 6,831
,,2024,Jan 7 – Jan 13,771
,,,Jan 14 – Jan 20,667
,,,Jan 21 – Jan 27,730
,,,Jan 28 – Feb 3,793
,,,Feb 4 – Feb 10,837
,,,Feb 11 – Feb 17,752
,,,Feb 18 – Feb 24,882
,,,Feb 25 – Mar 2,784
,,,Mar 3 – Mar 9,809
,,,Mar 10 – Mar 16,744
,,,Mar 17 – Mar 23,735
,,,Mar 24 – Mar 30,678
,,,Mar 31 – Apr 6,698
,,,Apr 7 – Apr 13,734
,,,Apr 14 – Apr 20,740
,,,Apr 21 – Apr 27,680
,,,Apr 28 – May 4,679
,,,May 5 – May 11,734
,,,May 12 – May 18,697
,,,May 19 – May 25,731
,,,May 26 – Jun 1,789
,,,Jun 2 – Jun 8,662
,,,Jun 9 – Jun 15,627
,,,Jun 16 – Jun 22,647
,,,Jun 23 – Jun 29,632
,,,Jun 30 – Jul 6,596
,,,Jul 7 – Jul 13,610
,,,Jul 14 – Jul 20,634
,,,Jul 21 – Jul 27,612
,,,Jul 28 – Aug 3,593
,,,Aug 4 – Aug 10,627
,,,Aug 11 – Aug 17,593
,,,Aug 18 – Aug 24,720
,,,Aug 25 – Aug 31,810
,,,Sep 1 – Sep 7,875
,,,Sep 8 – Sep 14,722
,,,Sep 15 – Sep 21,723
,,,Sep 22 – Sep 28,728
,,,Sep 29 – Oct 5,759
,,,Oct 6 – Oct 12,810
,,,Oct 13 – Oct 19,724
,,,Oct 20 – Oct 26,741
,,,Oct 27 – Nov 2,726
,,,Nov 3 – Nov 9,714
,,,Nov 10 – Nov 16,738
,,,Nov 17 – Nov 23,827
,,,Nov 24 – Nov 30,801
,,,Dec 1 – Dec 7,806
,,,Dec 8 – Dec 14,791
,,,Dec 15 – Dec 21,948
,,,Dec 22 – Dec 28,1244
,≥ 5 and < 18 Years,2023 – 2024,Dec 31 – Jan 6,1045
,,2024,Jan 7 – Jan 13,1192
,,,Jan 14 – Jan 20,1121
,,,Jan 21 – Jan 27,1223
,,,Jan 28 – Feb 3,1654
,,,Feb 4 – Feb 10,1705
,,,Feb 11 – Feb 17,1515
,,,Feb 18 – Feb 24,1616
,,,Feb 25 – Mar 2,1540
,,,Mar 3 – Mar 9,1517
,,,Mar 10 – Mar 16,1481
,,,Mar 17 – Mar 23,1030
,,,Mar 24 – Mar 30,1217
,,,Mar 31 – Apr 6,1253
,,,Apr 7 – Apr 13,1463
,,,Apr 14 – Apr 20,1510
,,,Apr 21 – Apr 27,1429
,,,Apr 28 – May 4,1377
,,,May 5 – May 11,1319
,,,May 12 – May 18,1343
,,,May 19 – May 25,1271
,,,May 26 – Jun 1,1235
,,,Jun 2 – Jun 8,1092
,,,Jun 9 – Jun 15,1123
,,,Jun 16 – Jun 22,1090
,,,Jun 23 – Jun 29,1085
,,,Jun 30 – Jul 6,1088
,,,Jul 7 – Jul 13,1107
,,,Jul 14 – Jul 20,1125
,,,Jul 21 – Jul 27,1046
,,,Jul 28 – Aug 3,1037
,,,Aug 4 – Aug 10,1048
,,,Aug 11 – Aug 17,1126
,,,Aug 18 – Aug 24,1454
,,,Aug 25 – Aug 31,1604
,,,Sep 1 – Sep 7,1512
,,,Sep 8 – Sep 14,1652
,,,Sep 15 – Sep 21,1585
,,,Sep 22 – Sep 28,1583
,,,Sep 29 – Oct 5,1655
,,,Oct 6 – Oct 12,1575
,,,Oct 13 – Oct 19,1351
,,,Oct 20 – Oct 26,1577
,,,Oct 27 – Nov 2,1515
,,,Nov 3 – Nov 9,1409
,,,Nov 10 – Nov 16,1625
,,,Nov 17 – Nov 23,1522
,,,Nov 24 – Nov 30,1171
,,,Dec 1 – Dec 7,1381
,,,Dec 8 – Dec 14,1564
,,,Dec 15 – Dec 21,1616
,,,Dec 22 – Dec 28,1380
,≥ 18 and < 50 Years,2023 – 2024,Dec 31 – Jan 6,3723
,,2024,Jan 7 – Jan 13,3448
,,,Jan 14 – Jan 20,3391
,,,Jan 21 – Jan 27,3686
,,,Jan 28 – Feb 3,3684
,,,Feb 4 – Feb 10,3857
,,,Feb 11 – Feb 17,3809
,,,Feb 18 – Feb 24,3872
,,,Feb 25 – Mar 2,3859
,,,Mar 3 – Mar 9,3850
,,,Mar 10 – Mar 16,3814
,,,Mar 17 – Mar 23,3695
,,,Mar 24 – Mar 30,3615
,,,Mar 31 – Apr 6,3682
,,,Apr 7 – Apr 13,3788
,,,Apr 14 – Apr 20,3669
,,,Apr 21 – Apr 27,3647
,,,Apr 28 – May 4,3753
,,,May 5 – May 11,3811
,,,May 12 – May 18,3860
,,,May 19 – May 25,3973
,,,May 26 – Jun 1,3952
,,,Jun 2 – Jun 8,3960
,,,Jun 9 – Jun 15,4036
,,,Jun 16 – Jun 22,4141
,,,Jun 23 – Jun 29,4169
,,,Jun 30 – Jul 6,3967
,,,Jul 7 – Jul 13,4320
,,,Jul 14 – Jul 20,4060
,,,Jul 21 – Jul 27,4040
,,,Jul 28 – Aug 3,4040
,,,Aug 4 – Aug 10,4001
,,,Aug 11 – Aug 17,4007
,,,Aug 18 – Aug 24,4077
,,,Aug 25 – Aug 31,4162
,,,Sep 1 – Sep 7,4129
,,,Sep 8 – Sep 14,4006
,,,Sep 15 – Sep 21,4186
,,,Sep 22 – Sep 28,4006
,,,Sep 29 – Oct 5,4141
,,,Oct 6 – Oct 12,3965
,,,Oct 13 – Oct 19,4006
,,,Oct 20 – Oct 26,4045
,,,Oct 27 – Nov 2,4153
,,,Nov 3 – Nov 9,3949
,,,Nov 10 – Nov 16,4041
,,,Nov 17 – Nov 23,4079
,,,Nov 24 – Nov 30,3968
,,,Dec 1 – Dec 7,4160
,,,Dec 8 – Dec 14,4053
,,,Dec 15 – Dec 21,4365
,,,Dec 22 – Dec 28,4228
,≥ 50 and < 65 Years,2023 – 2024,Dec 31 – Jan 6,1620
,,2024,Jan 7 – Jan 13,1563
,,,Jan 14 – Jan 20,1484
,,,Jan 21 – Jan 27,1806
,,,Jan 28 – Feb 3,1671
,,,Feb 4 – Feb 10,1713
,,,Feb 11 – Feb 17,1655
,,,Feb 18 – Feb 24,1676
,,,Feb 25 – Mar 2,1656
,,,Mar 3 – Mar 9,1662
,,,Mar 10 – Mar 16,1574
,,,Mar 17 – Mar 23,1613
,,,Mar 24 – Mar 30,1647
,,,Mar 31 – Apr 6,1635
,,,Apr 7 – Apr 13,1715
,,,Apr 14 – Apr 20,1708
,,,Apr 21 – Apr 27,1625
,,,Apr 28 – May 4,1614
,,,May 5 – May 11,1728
,,,May 12 – May 18,1664
,,,May 19 – May 25,1738
,,,May 26 – Jun 1,1680
,,,Jun 2 – Jun 8,1748
,,,Jun 9 – Jun 15,1770
,,,Jun 16 – Jun 22,1822
,,,Jun 23 – Jun 29,1751
,,,Jun 30 – Jul 6,1807
,,,Jul 7 – Jul 13,1830
,,,Jul 14 – Jul 20,1827
,,,Jul 21 – Jul 27,1712
,,,Jul 28 – Aug 3,1770
,,,Aug 4 – Aug 10,1770
,,,Aug 11 – Aug 17,1728
,,,Aug 18 – Aug 24,1827
,,,Aug 25 – Aug 31,1786
,,,Sep 1 – Sep 7,1758
,,,Sep 8 – Sep 14,1718
,,,Sep 15 – Sep 21,1736
,,,Sep 22 – Sep 28,1734
,,,Sep 29 – Oct 5,1760
,,,Oct 6 – Oct 12,1748
,,,Oct 13 – Oct 19,1705
,,,Oct 20 – Oct 26,1732
,,,Oct 27 – Nov 2,1643
,,,Nov 3 – Nov 9,1625
,,,Nov 10 – Nov 16,1682
,,,Nov 17 – Nov 23,1700
,,,Nov 24 – Nov 30,1648
,,,Dec 1 – Dec 7,1749
,,,Dec 8 – Dec 14,1748
,,,Dec 15 – Dec 21,1761
,,,Dec 22 – Dec 28,1906
,65 Years or more,2023 – 2024,Dec 31 – Jan 6,2414
,,2024,Jan 7 – Jan 13,2135
,,,Jan 14 – Jan 20,1876
,,,Jan 21 – Jan 27,2190
,,,Jan 28 – Feb 3,2200
,,,Feb 4 – Feb 10,2143
,,,Feb 11 – Feb 17,2129
,,,Feb 18 – Feb 24,2220
,,,Feb 25 – Mar 2,2165
,,,Mar 3 – Mar 9,2198
,,,Mar 10 – Mar 16,2168
,,,Mar 17 – Mar 23,2210
,,,Mar 24 – Mar 30,2147
,,,Mar 31 – Apr 6,2124
,,,Apr 7 – Apr 13,2166
,,,Apr 14 – Apr 20,2324
,,,Apr 21 – Apr 27,2188
,,,Apr 28 – May 4,2177
,,,May 5 – May 11,2453
,,,May 12 – May 18,2378
,,,May 19 – May 25,2506
,,,May 26 – Jun 1,2349
,,,Jun 2 – Jun 8,2444
,,,Jun 9 – Jun 15,2274
,,,Jun 16 – Jun 22,2320
,,,Jun 23 – Jun 29,2301
,,,Jun 30 – Jul 6,2175
,,,Jul 7 – Jul 13,2304
,,,Jul 14 – Jul 20,2276
,,,Jul 21 – Jul 27,2354
,,,Jul 28 – Aug 3,2245
,,,Aug 4 – Aug 10,2295
,,,Aug 11 – Aug 17,2361
,,,Aug 18 – Aug 24,2279
,,,Aug 25 – Aug 31,2297
,,,Sep 1 – Sep 7,2311
,,,Sep 8 – Sep 14,2316
,,,Sep 15 – Sep 21,2366
,,,Sep 22 – Sep 28,2309
,,,Sep 29 – Oct 5,2351
,,,Oct 6 – Oct 12,2282
,,,Oct 13 – Oct 19,2255
,,,Oct 20 – Oct 26,2331
,,,Oct 27 – Nov 2,2261
,,,Nov 3 – Nov 9,2251
,,,Nov 10 – Nov 16,2225
,,,Nov 17 – Nov 23,2318
,,,Nov 24 – Nov 30,2278
,,,Dec 1 – Dec 7,2376
,,,Dec 8 – Dec 14,2518
,,,Dec 15 – Dec 21,2436
,,,Dec 22 – Dec 28,2619
,No value,2023 – 2024,Dec 31 – Jan 6,10 or fewer
,,2024,Jan 7 – Jan 13,10 or fewer
,,,Jan 14 – Jan 20,10 or fewer
,,,Jan 21 – Jan 27,10 or fewer
,,,Jan 28 – Feb 3,10 or fewer
,,,Feb 4 – Feb 10,10 or fewer
,,,Feb 11 – Feb 17,10 or fewer
,,,Feb 18 – Feb 24,10 or fewer
,,,Feb 25 – Mar 2,10 or fewer
,,,Mar 3 – Mar 9,10 or fewer
,,,Mar 10 – Mar 16,10 or fewer
,,,Mar 17 – Mar 23,10 or fewer
,,,Mar 24 – Mar 30,10 or fewer
,,,Mar 31 – Apr 6,10 or fewer
,,,Apr 7 – Apr 13,10 or fewer
,,,Apr 14 – Apr 20,10 or fewer
,,,Apr 21 – Apr 27,10 or fewer
,,,Apr 28 – May 4,10 or fewer
,,,May 5 – May 11,10 or fewer
,,,May 12 – May 18,10 or fewer
,,,May 19 – May 25,10 or fewer
,,,May 26 – Jun 1,10 or fewer
,,,Jun 2 – Jun 8,10 or fewer
,,,Jun 9 – Jun 15,10 or fewer
,,,Jun 16 – Jun 22,10 or fewer
,,,Jun 23 – Jun 29,10 or fewer
,,,Jun 30 – Jul 6,10 or fewer
,,,Jul 7 – Jul 13,10 or fewer
,,,Jul 14 – Jul 20,10 or fewer
,,,Jul 21 – Jul 27,10 or fewer
,,,Jul 28 – Aug 3,10 or fewer
,,,Aug 4 – Aug 10,10 or fewer
,,,Aug 11 – Aug 17,10 or fewer
,,,Aug 18 – Aug 24,10 or fewer
,,,Aug 25 – Aug 31,10 or fewer
,,,Sep 1 – Sep 7,10 or fewer
,,,Sep 8 – Sep 14,10 or fewer
,,,Sep 15 – Sep 21,10 or fewer
,,,Sep 22 – Sep 28,10 or fewer
,,,Sep 29 – Oct 5,10 or fewer
,,,Oct 6 – Oct 12,10 or fewer
,,,Oct 13 – Oct 19,10 or fewer
,,,Oct 20 – Oct 26,10 or fewer
,,,Oct 27 – Nov 2,10 or fewer
,,,Nov 3 – Nov 9,10 or fewer
,,,Nov 10 – Nov 16,10 or fewer
,,,Nov 17 – Nov 23,10 or fewer
,,,Nov 24 – Nov 30,10 or fewer
,,,Dec 1 – Dec 7,10 or fewer
,,,Dec 8 – Dec 14,10 or fewer
,,,Dec 15 – Dec 21,10 or fewer
,,,Dec 22 – Dec 28,10 or fewer
,Total,2023 – 2024,Dec 31 – Jan 6,10174
,,2024,Jan 7 – Jan 13,9555
,,,Jan 14 – Jan 20,8930
,,,Jan 21 – Jan 27,10013
,,,Jan 28 – Feb 3,10378
,,,Feb 4 – Feb 10,10643
,,,Feb 11 – Feb 17,10248
,,,Feb 18 – Feb 24,10627
,,,Feb 25 – Mar 2,10344
,,,Mar 3 – Mar 9,10365
,,,Mar 10 – Mar 16,10144
,,,Mar 17 – Mar 23,9652
,,,Mar 24 – Mar 30,9627
,,,Mar 31 – Apr 6,9707
,,,Apr 7 – Apr 13,10197
,,,Apr 14 – Apr 20,10278
,,,Apr 21 – Apr 27,9950
,,,Apr 28 – May 4,9927
,,,May 5 – May 11,10368
,,,May 12 – May 18,10300
,,,May 19 – May 25,10544
,,,May 26 – Jun 1,10359
,,,Jun 2 – Jun 8,10216
,,,Jun 9 – Jun 15,10137
,,,Jun 16 – Jun 22,10323
,,,Jun 23 – Jun 29,10225
,,,Jun 30 – Jul 6,9888
,,,Jul 7 – Jul 13,10453
,,,Jul 14 – Jul 20,10223
,,,Jul 21 – Jul 27,10108
,,,Jul 28 – Aug 3,9984
,,,Aug 4 – Aug 10,10057
,,,Aug 11 – Aug 17,10126
,,,Aug 18 – Aug 24,10721
,,,Aug 25 – Aug 31,11041
,,,Sep 1 – Sep 7,10984
,,,Sep 8 – Sep 14,10780
,,,Sep 15 – Sep 21,10991
,,,Sep 22 – Sep 28,10670
,,,Sep 29 – Oct 5,10999
,,,Oct 6 – Oct 12,10685
,,,Oct 13 – Oct 19,10365
,,,Oct 20 – Oct 26,10771
,,,Oct 27 – Nov 2,10626
,,,Nov 3 – Nov 9,10283
,,,Nov 10 – Nov 16,10672
,,,Nov 17 – Nov 23,10836
,,,Nov 24 – Nov 30,10254
,,,Dec 1 – Dec 7,10907
,,,Dec 8 – Dec 14,11093
,,,Dec 15 – Dec 21,11634
,,,Dec 22 – Dec 28,12055
Iowa,Less than 1 Years,2023 – 2024,Dec 31 – Jan 6,402
,,2024,Jan 7 – Jan 13,315
,,,Jan 14 – Jan 20,274
,,,Jan 21 – Jan 27,260
,,,Jan 28 – Feb 3,267
,,,Feb 4 – Feb 10,283
,,,Feb 11 – Feb 17,286
,,,Feb 18 – Feb 24,315
,,,Feb 25 – Mar 2,304
,,,Mar 3 – Mar 9,258
,,,Mar 10 – Mar 16,286
,,,Mar 17 – Mar 23,243
,,,Mar 24 – Mar 30,253
,,,Mar 31 – Apr 6,244
,,,Apr 7 – Apr 13,271
,,,Apr 14 – Apr 20,259
,,,Apr 21 – Apr 27,271
,,,Apr 28 – May 4,258
,,,May 5 – May 11,273
,,,May 12 – May 18,212
,,,May 19 – May 25,249
,,,May 26 – Jun 1,250
,,,Jun 2 – Jun 8,217
,,,Jun 9 – Jun 15,172
,,,Jun 16 – Jun 22,203
,,,Jun 23 – Jun 29,212
,,,Jun 30 – Jul 6,198
,,,Jul 7 – Jul 13,225
,,,Jul 14 – Jul 20,221
,,,Jul 21 – Jul 27,207
,,,Jul 28 – Aug 3,228
,,,Aug 4 – Aug 10,237
,,,Aug 11 – Aug 17,232
,,,Aug 18 – Aug 24,229
,,,Aug 25 – Aug 31,214
,,,Sep 1 – Sep 7,284
,,,Sep 8 – Sep 14,291
,,,Sep 15 – Sep 21,243
,,,Sep 22 – Sep 28,220
,,,Sep 29 – Oct 5,215
,,,Oct 6 – Oct 12,247
,,,Oct 13 – Oct 19,218
,,,Oct 20 – Oct 26,235
,,,Oct 27 – Nov 2,242
,,,Nov 3 – Nov 9,253
,,,Nov 10 – Nov 16,268
,,,Nov 17 – Nov 23,261
,,,Nov 24 – Nov 30,255
,,,Dec 1 – Dec 7,280
,,,Dec 8 – Dec 14,281
,,,Dec 15 – Dec 21,306
,,,Dec 22 – Dec 28,367
,≥ 1 and < 5 Years,2023 – 2024,Dec 31 – Jan 6,668
,,2024,Jan 7 – Jan 13,550
,,,Jan 14 – Jan 20,458
,,,Jan 21 – Jan 27,480
,,,Jan 28 – Feb 3,574
,,,Feb 4 – Feb 10,597
,,,Feb 11 – Feb 17,591
,,,Feb 18 – Feb 24,622
,,,Feb 25 – Mar 2,690
,,,Mar 3 – Mar 9,626
,,,Mar 10 – Mar 16,666
,,,Mar 17 – Mar 23,577
,,,Mar 24 – Mar 30,517
,,,Mar 31 – Apr 6,559
,,,Apr 7 – Apr 13,610
,,,Apr 14 – Apr 20,579
,,,Apr 21 – Apr 27,539
,,,Apr 28 – May 4,561
,,,May 5 – May 11,564
,,,May 12 – May 18,591
,,,May 19 – May 25,525
,,,May 26 – Jun 1,545
,,,Jun 2 – Jun 8,517
,,,Jun 9 – Jun 15,487
,,,Jun 16 – Jun 22,426
,,,Jun 23 – Jun 29,470
,,,Jun 30 – Jul 6,442
,,,Jul 7 – Jul 13,469
,,,Jul 14 – Jul 20,448
,,,Jul 21 – Jul 27,446
,,,Jul 28 – Aug 3,469
,,,Aug 4 – Aug 10,520
,,,Aug 11 – Aug 17,429
,,,Aug 18 – Aug 24,504
,,,Aug 25 – Aug 31,440
,,,Sep 1 – Sep 7,561
,,,Sep 8 – Sep 14,538
,,,Sep 15 – Sep 21,524
,,,Sep 22 – Sep 28,486
,,,Sep 29 – Oct 5,497
,,,Oct 6 – Oct 12,518
,,,Oct 13 – Oct 19,480
,,,Oct 20 – Oct 26,532
,,,Oct 27 – Nov 2,556
,,,Nov 3 – Nov 9,545
,,,Nov 10 – Nov 16,541
,,,Nov 17 – Nov 23,581
,,,Nov 24 – Nov 30,588
,,,Dec 1 – Dec 7,585
,,,Dec 8 – Dec 14,607
,,,Dec 15 – Dec 21,608
,,,Dec 22 – Dec 28,822
,≥ 5 and < 18 Years,2023 – 2024,Dec 31 – Jan 6,819
,,2024,Jan 7 – Jan 13,634
,,,Jan 14 – Jan 20,665
,,,Jan 21 – Jan 27,847
,,,Jan 28 – Feb 3,980
,,,Feb 4 – Feb 10,1036
,,,Feb 11 – Feb 17,947
,,,Feb 18 – Feb 24,1022
,,,Feb 25 – Mar 2,1070
,,,Mar 3 – Mar 9,1027
,,,Mar 10 – Mar 16,866
,,,Mar 17 – Mar 23,860
,,,Mar 24 – Mar 30,900
,,,Mar 31 – Apr 6,943
,,,Apr 7 – Apr 13,991
,,,Apr 14 – Apr 20,937
,,,Apr 21 – Apr 27,1003
,,,Apr 28 – May 4,969
,,,May 5 – May 11,1062
,,,May 12 – May 18,1078
,,,May 19 – May 25,969
,,,May 26 – Jun 1,1053
,,,Jun 2 – Jun 8,946
,,,Jun 9 – Jun 15,876
,,,Jun 16 – Jun 22,805
,,,Jun 23 – Jun 29,835
,,,Jun 30 – Jul 6,825
,,,Jul 7 – Jul 13,852
,,,Jul 14 – Jul 20,825
,,,Jul 21 – Jul 27,816
,,,Jul 28 – Aug 3,737
,,,Aug 4 – Aug 10,863
,,,Aug 11 – Aug 17,801
,,,Aug 18 – Aug 24,771
,,,Aug 25 – Aug 31,928
,,,Sep 1 – Sep 7,1106
,,,Sep 8 – Sep 14,1177
,,,Sep 15 – Sep 21,1142
,,,Sep 22 – Sep 28,1042
,,,Sep 29 – Oct 5,1172
,,,Oct 6 – Oct 12,1094
,,,Oct 13 – Oct 19,1013
,,,Oct 20 – Oct 26,1024
,,,Oct 27 – Nov 2,1047
,,,Nov 3 – Nov 9,1000
,,,Nov 10 – Nov 16,1009
,,,Nov 17 – Nov 23,966
,,,Nov 24 – Nov 30,852
,,,Dec 1 – Dec 7,1004
,,,Dec 8 – Dec 14,957
,,,Dec 15 – Dec 21,1020
,,,Dec 22 – Dec 28,902
,≥ 18 and < 50 Years,2023 – 2024,Dec 31 – Jan 6,3376
,,2024,Jan 7 – Jan 13,2730
,,,Jan 14 – Jan 20,3082
,,,Jan 21 – Jan 27,3075
,,,Jan 28 – Feb 3,3303
,,,Feb 4 – Feb 10,3342
,,,Feb 11 – Feb 17,3283
,,,Feb 18 – Feb 24,3386
,,,Feb 25 – Mar 2,3310
,,,Mar 3 – Mar 9,3409
,,,Mar 10 – Mar 16,3412
,,,Mar 17 – Mar 23,3340
,,,Mar 24 – Mar 30,3193
,,,Mar 31 – Apr 6,3158
,,,Apr 7 – Apr 13,3265
,,,Apr 14 – Apr 20,3277
,,,Apr 21 – Apr 27,3135
,,,Apr 28 – May 4,3139
,,,May 5 – May 11,3521
,,,May 12 – May 18,3549
,,,May 19 – May 25,3573
,,,May 26 – Jun 1,3643
,,,Jun 2 – Jun 8,3561
,,,Jun 9 – Jun 15,3578
,,,Jun 16 – Jun 22,3605
,,,Jun 23 – Jun 29,3550
,,,Jun 30 – Jul 6,3502
,,,Jul 7 – Jul 13,3698
,,,Jul 14 – Jul 20,3650
,,,Jul 21 – Jul 27,3631
,,,Jul 28 – Aug 3,3547
,,,Aug 4 – Aug 10,3599
,,,Aug 11 – Aug 17,3696
,,,Aug 18 – Aug 24,3664
,,,Aug 25 – Aug 31,3871
,,,Sep 1 – Sep 7,3719
,,,Sep 8 – Sep 14,3706
,,,Sep 15 – Sep 21,3735
,,,Sep 22 – Sep 28,3631
,,,Sep 29 – Oct 5,3520
,,,Oct 6 – Oct 12,3705
,,,Oct 13 – Oct 19,3489
,,,Oct 20 – Oct 26,3553
,,,Oct 27 – Nov 2,3563
,,,Nov 3 – Nov 9,3787
,,,Nov 10 – Nov 16,3523
,,,Nov 17 – Nov 23,3475
,,,Nov 24 – Nov 30,3383
,,,Dec 1 – Dec 7,3452
,,,Dec 8 – Dec 14,3584
,,,Dec 15 – Dec 21,3562
,,,Dec 22 – Dec 28,3514
,≥ 50 and < 65 Years,2023 – 2024,Dec 31 – Jan 6,1467
,,2024,Jan 7 – Jan 13,1200
,,,Jan 14 – Jan 20,1265
,,,Jan 21 – Jan 27,1429
,,,Jan 28 – Feb 3,1456
,,,Feb 4 – Feb 10,1403
,,,Feb 11 – Feb 17,1401
,,,Feb 18 – Feb 24,1504
,,,Feb 25 – Mar 2,1429
,,,Mar 3 – Mar 9,1369
,,,Mar 10 – Mar 16,1462
,,,Mar 17 – Mar 23,1427
,,,Mar 24 – Mar 30,1371
,,,Mar 31 – Apr 6,1400
,,,Apr 7 – Apr 13,1435
,,,Apr 14 – Apr 20,1363
,,,Apr 21 – Apr 27,1372
,,,Apr 28 – May 4,1393
,,,May 5 – May 11,1430
,,,May 12 – May 18,1463
,,,May 19 – May 25,1517
,,,May 26 – Jun 1,1564
,,,Jun 2 – Jun 8,1545
,,,Jun 9 – Jun 15,1632
,,,Jun 16 – Jun 22,1565
,,,Jun 23 – Jun 29,1580
,,,Jun 30 – Jul 6,1562
,,,Jul 7 – Jul 13,1605
,,,Jul 14 – Jul 20,1602
,,,Jul 21 – Jul 27,1586
,,,Jul 28 – Aug 3,1496
,,,Aug 4 – Aug 10,1515
,,,Aug 11 – Aug 17,1564
,,,Aug 18 – Aug 24,1652
,,,Aug 25 – Aug 31,1569
,,,Sep 1 – Sep 7,1599
,,,Sep 8 – Sep 14,1560
,,,Sep 15 – Sep 21,1634
,,,Sep 22 – Sep 28,1571
,,,Sep 29 – Oct 5,1517
,,,Oct 6 – Oct 12,1425
,,,Oct 13 – Oct 19,1488
,,,Oct 20 – Oct 26,1499
,,,Oct 27 – Nov 2,1508
,,,Nov 3 – Nov 9,1440
,,,Nov 10 – Nov 16,1511
,,,Nov 17 – Nov 23,1488
,,,Nov 24 – Nov 30,1459
,,,Dec 1 – Dec 7,1471
,,,Dec 8 – Dec 14,1470
,,,Dec 15 – Dec 21,1642
,,,Dec 22 – Dec 28,1678
,65 Years or more,2023 – 2024,Dec 31 – Jan 6,2411
,,2024,Jan 7 – Jan 13,1938
,,,Jan 14 – Jan 20,1927
,,,Jan 21 – Jan 27,2052
,,,Jan 28 – Feb 3,2189
,,,Feb 4 – Feb 10,2204
,,,Feb 11 – Feb 17,2141
,,,Feb 18 – Feb 24,2176
,,,Feb 25 – Mar 2,2248
,,,Mar 3 – Mar 9,2221
,,,Mar 10 – Mar 16,2114
,,,Mar 17 – Mar 23,2080
,,,Mar 24 – Mar 30,2188
,,,Mar 31 – Apr 6,2193
,,,Apr 7 – Apr 13,2252
,,,Apr 14 – Apr 20,2233
,,,Apr 21 – Apr 27,2158
,,,Apr 28 – May 4,2145
,,,May 5 – May 11,2378
,,,May 12 – May 18,2478
,,,May 19 – May 25,2298
,,,May 26 – Jun 1,2429
,,,Jun 2 – Jun 8,2566
,,,Jun 9 – Jun 15,2482
,,,Jun 16 – Jun 22,2447
,,,Jun 23 – Jun 29,2501
,,,Jun 30 – Jul 6,2451
,,,Jul 7 – Jul 13,2479
,,,Jul 14 – Jul 20,2482
,,,Jul 21 – Jul 27,2483
,,,Jul 28 – Aug 3,2429
,,,Aug 4 – Aug 10,2472
,,,Aug 11 – Aug 17,2471
,,,Aug 18 – Aug 24,2588
,,,Aug 25 – Aug 31,2476
,,,Sep 1 – Sep 7,2435
,,,Sep 8 – Sep 14,2428
,,,Sep 15 – Sep 21,2469
,,,Sep 22 – Sep 28,2490
,,,Sep 29 – Oct 5,2343
,,,Oct 6 – Oct 12,2502
,,,Oct 13 – Oct 19,2435
,,,Oct 20 – Oct 26,2444
,,,Oct 27 – Nov 2,2421
,,,Nov 3 – Nov 9,2400
,,,Nov 10 – Nov 16,2378
,,,Nov 17 – Nov 23,2379
,,,Nov 24 – Nov 30,2434
,,,Dec 1 – Dec 7,2475
,,,Dec 8 – Dec 14,2465
,,,Dec 15 – Dec 21,2625
,,,Dec 22 – Dec 28,2615
,No value,2023 – 2024,Dec 31 – Jan 6,10 or fewer
,,2024,Jan 7 – Jan 13,10 or fewer
,,,Jan 14 – Jan 20,10 or fewer
,,,Jan 21 – Jan 27,10 or fewer
,,,Jan 28 – Feb 3,10 or fewer
,,,Feb 4 – Feb 10,10 or fewer
,,,Feb 11 – Feb 17,10 or fewer
,,,Feb 18 – Feb 24,10 or fewer
,,,Feb 25 – Mar 2,10 or fewer
,,,Mar 3 – Mar 9,10 or fewer
,,,Mar 10 – Mar 16,10 or fewer
,,,Mar 17 – Mar 23,10 or fewer
,,,Mar 24 – Mar 30,10 or fewer
,,,Mar 31 – Apr 6,10 or fewer
,,,Apr 7 – Apr 13,10 or fewer
,,,Apr 14 – Apr 20,10 or fewer
,,,Apr 21 – Apr 27,10 or fewer
,,,Apr 28 – May 4,10 or fewer
,,,May 5 – May 11,10 or fewer
,,,May 12 – May 18,10 or fewer
,,,May 19 – May 25,10 or fewer
,,,May 26 – Jun 1,10 or fewer
,,,Jun 2 – Jun 8,10 or fewer
,,,Jun 9 – Jun 15,10 or fewer
,,,Jun 16 – Jun 22,10 or fewer
,,,Jun 23 – Jun 29,10 or fewer
,,,Jun 30 – Jul 6,10 or fewer
,,,Jul 7 – Jul 13,10 or fewer
,,,Jul 14 – Jul 20,10 or fewer
,,,Jul 21 – Jul 27,10 or fewer
,,,Jul 28 – Aug 3,10 or fewer
,,,Aug 4 – Aug 10,10 or fewer
,,,Aug 11 – Aug 17,10 or fewer
,,,Aug 18 – Aug 24,10 or fewer
,,,Aug 25 – Aug 31,10 or fewer
,,,Sep 1 – Sep 7,10 or fewer
,,,Sep 8 – Sep 14,10 or fewer
,,,Sep 15 – Sep 21,10 or fewer
,,,Sep 22 – Sep 28,10 or fewer
,,,Sep 29 – Oct 5,10 or fewer
,,,Oct 6 – Oct 12,10 or fewer
,,,Oct 13 – Oct 19,10 or fewer
,,,Oct 20 – Oct 26,10 or fewer
,,,Oct 27 – Nov 2,10 or fewer
,,,Nov 3 – Nov 9,10 or fewer
,,,Nov 10 – Nov 16,10 or fewer
,,,Nov 17 – Nov 23,10 or fewer
,,,Nov 24 – Nov 30,10 or fewer
,,,Dec 1 – Dec 7,10 or fewer
,,,Dec 8 – Dec 14,10 or fewer
,,,Dec 15 – Dec 21,10 or fewer
,,,Dec 22 – Dec 28,10 or fewer
,Total,2023 – 2024,Dec 31 – Jan 6,9143
,,2024,Jan 7 – Jan 13,7367
,,,Jan 14 – Jan 20,7671
,,,Jan 21 – Jan 27,8143
,,,Jan 28 – Feb 3,8769
,,,Feb 4 – Feb 10,8865
,,,Feb 11 – Feb 17,8649
,,,Feb 18 – Feb 24,9025
,,,Feb 25 – Mar 2,9051
,,,Mar 3 – Mar 9,8910
,,,Mar 10 – Mar 16,8806
,,,Mar 17 – Mar 23,8527
,,,Mar 24 – Mar 30,8422
,,,Mar 31 – Apr 6,8497
,,,Apr 7 – Apr 13,8824
,,,Apr 14 – Apr 20,8648
,,,Apr 21 – Apr 27,8478
,,,Apr 28 – May 4,8465
,,,May 5 – May 11,9228
,,,May 12 – May 18,9371
,,,May 19 – May 25,9131
,,,May 26 – Jun 1,9484
,,,Jun 2 – Jun 8,9352
,,,Jun 9 – Jun 15,9227
,,,Jun 16 – Jun 22,9051
,,,Jun 23 – Jun 29,9148
,,,Jun 30 – Jul 6,8980
,,,Jul 7 – Jul 13,9328
,,,Jul 14 – Jul 20,9228
,,,Jul 21 – Jul 27,9170
,,,Jul 28 – Aug 3,8906
,,,Aug 4 – Aug 10,9206
,,,Aug 11 – Aug 17,9193
,,,Aug 18 – Aug 24,9408
,,,Aug 25 – Aug 31,9498
,,,Sep 1 – Sep 7,9704
,,,Sep 8 – Sep 14,9700
,,,Sep 15 – Sep 21,9747
,,,Sep 22 – Sep 28,9440
,,,Sep 29 – Oct 5,9264
,,,Oct 6 – Oct 12,9491
,,,Oct 13 – Oct 19,9123
,,,Oct 20 – Oct 26,9287
,,,Oct 27 – Nov 2,9337
,,,Nov 3 – Nov 9,9425
,,,Nov 10 – Nov 16,9230
,,,Nov 17 – Nov 23,9150
,,,Nov 24 – Nov 30,8971
,,,Dec 1 – Dec 7,9267
,,,Dec 8 – Dec 14,9364
,,,Dec 15 – Dec 21,9763
,,,Dec 22 – Dec 28,9898
West Virginia,Less than 1 Years,2023 – 2024,Dec 31 – Jan 6,265
,,2024,Jan 7 – Jan 13,162
,,,Jan 14 – Jan 20,149
,,,Jan 21 – Jan 27,148
,,,Jan 28 – Feb 3,126
,,,Feb 4 – Feb 10,126
,,,Feb 11 – Feb 17,153
,,,Feb 18 – Feb 24,161
,,,Feb 25 – Mar 2,152
,,,Mar 3 – Mar 9,145
,,,Mar 10 – Mar 16,135
,,,Mar 17 – Mar 23,145
,,,Mar 24 – Mar 30,141
,,,Mar 31 – Apr 6,129
,,,Apr 7 – Apr 13,162
,,,Apr 14 – Apr 20,119
,,,Apr 21 – Apr 27,146
,,,Apr 28 – May 4,133
,,,May 5 – May 11,124
,,,May 12 – May 18,129
,,,May 19 – May 25,133
,,,May 26 – Jun 1,142
,,,Jun 2 – Jun 8,136
,,,Jun 9 – Jun 15,93
,,,Jun 16 – Jun 22,121
,,,Jun 23 – Jun 29,104
,,,Jun 30 – Jul 6,103
,,,Jul 7 – Jul 13,98
,,,Jul 14 – Jul 20,108
,,,Jul 21 – Jul 27,108
,,,Jul 28 – Aug 3,115
,,,Aug 4 – Aug 10,112
,,,Aug 11 – Aug 17,113
,,,Aug 18 – Aug 24,152
,,,Aug 25 – Aug 31,160
,,,Sep 1 – Sep 7,172
,,,Sep 8 – Sep 14,152
,,,Sep 15 – Sep 21,133
,,,Sep 22 – Sep 28,145
,,,Sep 29 – Oct 5,129
,,,Oct 6 – Oct 12,108
,,,Oct 13 – Oct 19,134
,,,Oct 20 – Oct 26,142
,,,Oct 27 – Nov 2,156
,,,Nov 3 – Nov 9,148
,,,Nov 10 – Nov 16,158
,,,Nov 17 – Nov 23,146
,,,Nov 24 – Nov 30,172
,,,Dec 1 – Dec 7,174
,,,Dec 8 – Dec 14,172
,,,Dec 15 – Dec 21,188
,,,Dec 22 – Dec 28,250
,≥ 1 and < 5 Years,2023 – 2024,Dec 31 – Jan 6,427
,,2024,Jan 7 – Jan 13,368
,,,Jan 14 – Jan 20,299
,,,Jan 21 – Jan 27,268
,,,Jan 28 – Feb 3,327
,,,Feb 4 – Feb 10,328
,,,Feb 11 – Feb 17,339
,,,Feb 18 – Feb 24,352
,,,Feb 25 – Mar 2,368
,,,Mar 3 – Mar 9,370
,,,Mar 10 – Mar 16,357
,,,Mar 17 – Mar 23,318
,,,Mar 24 – Mar 30,326
,,,Mar 31 – Apr 6,339
,,,Apr 7 – Apr 13,345
,,,Apr 14 – Apr 20,342
,,,Apr 21 – Apr 27,334
,,,Apr 28 – May 4,312
,,,May 5 – May 11,361
,,,May 12 – May 18,363
,,,May 19 – May 25,343
,,,May 26 – Jun 1,375
,,,Jun 2 – Jun 8,353
,,,Jun 9 – Jun 15,279
,,,Jun 16 – Jun 22,317
,,,Jun 23 – Jun 29,292
,,,Jun 30 – Jul 6,307
,,,Jul 7 – Jul 13,291
,,,Jul 14 – Jul 20,279
,,,Jul 21 – Jul 27,272
,,,Jul 28 – Aug 3,309
,,,Aug 4 – Aug 10,306
,,,Aug 11 – Aug 17,301
,,,Aug 18 – Aug 24,301
,,,Aug 25 – Aug 31,387
,,,Sep 1 – Sep 7,347
,,,Sep 8 – Sep 14,375
,,,Sep 15 – Sep 21,333
,,,Sep 22 – Sep 28,341
,,,Sep 29 – Oct 5,335
,,,Oct 6 – Oct 12,346
,,,Oct 13 – Oct 19,378
,,,Oct 20 – Oct 26,403
,,,Oct 27 – Nov 2,352
,,,Nov 3 – Nov 9,375
,,,Nov 10 – Nov 16,403
,,,Nov 17 – Nov 23,335
,,,Nov 24 – Nov 30,371
,,,Dec 1 – Dec 7,370
,,,Dec 8 – Dec 14,407
,,,Dec 15 – Dec 21,420
,,,Dec 22 – Dec 28,536
,≥ 5 and < 18 Years,2023 – 2024,Dec 31 – Jan 6,707
,,2024,Jan 7 – Jan 13,836
,,,Jan 14 – Jan 20,552
,,,Jan 21 – Jan 27,789
,,,Jan 28 – Feb 3,868
,,,Feb 4 – Feb 10,994
,,,Feb 11 – Feb 17,993
,,,Feb 18 – Feb 24,981
,,,Feb 25 – Mar 2,984
,,,Mar 3 – Mar 9,946
,,,Mar 10 – Mar 16,939
,,,Mar 17 – Mar 23,922
,,,Mar 24 – Mar 30,811
,,,Mar 31 – Apr 6,681
,,,Apr 7 – Apr 13,880
,,,Apr 14 – Apr 20,895
,,,Apr 21 – Apr 27,950
,,,Apr 28 – May 4,994
,,,May 5 – May 11,978
,,,May 12 – May 18,883
,,,May 19 – May 25,884
,,,May 26 – Jun 1,853
,,,Jun 2 – Jun 8,762
,,,Jun 9 – Jun 15,768
,,,Jun 16 – Jun 22,751
,,,Jun 23 – Jun 29,734
,,,Jun 30 – Jul 6,771
,,,Jul 7 – Jul 13,772
,,,Jul 14 – Jul 20,700
,,,Jul 21 – Jul 27,732
,,,Jul 28 – Aug 3,687
,,,Aug 4 – Aug 10,688
,,,Aug 11 – Aug 17,751
,,,Aug 18 – Aug 24,825
,,,Aug 25 – Aug 31,1062
,,,Sep 1 – Sep 7,1084
,,,Sep 8 – Sep 14,1112
,,,Sep 15 – Sep 21,1014
,,,Sep 22 – Sep 28,1014
,,,Sep 29 – Oct 5,1004
,,,Oct 6 – Oct 12,1050
,,,Oct 13 – Oct 19,1045
,,,Oct 20 – Oct 26,1266
,,,Oct 27 – Nov 2,1119
,,,Nov 3 – Nov 9,1046
,,,Nov 10 – Nov 16,962
,,,Nov 17 – Nov 23,881
,,,Nov 24 – Nov 30,672
,,,Dec 1 – Dec 7,831
,,,Dec 8 – Dec 14,905
,,,Dec 15 – Dec 21,913
,,,Dec 22 – Dec 28,742
,≥ 18 and < 50 Years,2023 – 2024,Dec 31 – Jan 6,3271
,,2024,Jan 7 – Jan 13,3134
,,,Jan 14 – Jan 20,2851
,,,Jan 21 – Jan 27,3188
,,,Jan 28 – Feb 3,3152
,,,Feb 4 – Feb 10,3216
,,,Feb 11 – Feb 17,3220
,,,Feb 18 – Feb 24,3270
,,,Feb 25 – Mar 2,3231
,,,Mar 3 – Mar 9,3139
,,,Mar 10 – Mar 16,3253
,,,Mar 17 – Mar 23,3207
,,,Mar 24 – Mar 30,3214
,,,Mar 31 – Apr 6,3107
,,,Apr 7 – Apr 13,3269
,,,Apr 14 – Apr 20,3138
,,,Apr 21 – Apr 27,3088
,,,Apr 28 – May 4,3257
,,,May 5 – May 11,3328
,,,May 12 – May 18,3296
,,,May 19 – May 25,3449
,,,May 26 – Jun 1,3427
,,,Jun 2 – Jun 8,3476
,,,Jun 9 – Jun 15,3389
,,,Jun 16 – Jun 22,3479
,,,Jun 23 – Jun 29,3598
,,,Jun 30 – Jul 6,3376
,,,Jul 7 – Jul 13,3718
,,,Jul 14 – Jul 20,3763
,,,Jul 21 – Jul 27,3543
,,,Jul 28 – Aug 3,3714
,,,Aug 4 – Aug 10,3670
,,,Aug 11 – Aug 17,3582
,,,Aug 18 – Aug 24,3466
,,,Aug 25 – Aug 31,3569
,,,Sep 1 – Sep 7,3615
,,,Sep 8 – Sep 14,3463
,,,Sep 15 – Sep 21,3579
,,,Sep 22 – Sep 28,3617
,,,Sep 29 – Oct 5,3495
,,,Oct 6 – Oct 12,3501
,,,Oct 13 – Oct 19,3404
,,,Oct 20 – Oct 26,3570
,,,Oct 27 – Nov 2,3522
,,,Nov 3 – Nov 9,3661
,,,Nov 10 – Nov 16,3541
,,,Nov 17 – Nov 23,3579
,,,Nov 24 – Nov 30,3170
,,,Dec 1 – Dec 7,3275
,,,Dec 8 – Dec 14,3393
,,,Dec 15 – Dec 21,3427
,,,Dec 22 – Dec 28,3450
,≥ 50 and < 65 Years,2023 – 2024,Dec 31 – Jan 6,1642
,,2024,Jan 7 – Jan 13,1628
,,,Jan 14 – Jan 20,1378
,,,Jan 21 – Jan 27,1650
,,,Jan 28 – Feb 3,1561
,,,Feb 4 – Feb 10,1615
,,,Feb 11 – Feb 17,1615
,,,Feb 18 – Feb 24,1637
,,,Feb 25 – Mar 2,1681
,,,Mar 3 – Mar 9,1752
,,,Mar 10 – Mar 16,1674
,,,Mar 17 – Mar 23,1590
,,,Mar 24 – Mar 30,1622
,,,Mar 31 – Apr 6,1571
,,,Apr 7 – Apr 13,1690
,,,Apr 14 – Apr 20,1694
,,,Apr 21 – Apr 27,1537
,,,Apr 28 – May 4,1767
,,,May 5 – May 11,1823
,,,May 12 – May 18,1826
,,,May 19 – May 25,1811
,,,May 26 – Jun 1,1860
,,,Jun 2 – Jun 8,1772
,,,Jun 9 – Jun 15,1779
,,,Jun 16 – Jun 22,1899
,,,Jun 23 – Jun 29,1868
,,,Jun 30 – Jul 6,1815
,,,Jul 7 – Jul 13,1847
,,,Jul 14 – Jul 20,1935
,,,Jul 21 – Jul 27,1874
,,,Jul 28 – Aug 3,1851
,,,Aug 4 – Aug 10,1880
,,,Aug 11 – Aug 17,1855
,,,Aug 18 – Aug 24,1769
,,,Aug 25 – Aug 31,1836
,,,Sep 1 – Sep 7,1752
,,,Sep 8 – Sep 14,1943
,,,Sep 15 – Sep 21,1905
,,,Sep 22 – Sep 28,1825
,,,Sep 29 – Oct 5,1722
,,,Oct 6 – Oct 12,1700
,,,Oct 13 – Oct 19,1666
,,,Oct 20 – Oct 26,1849
,,,Oct 27 – Nov 2,1787
,,,Nov 3 – Nov 9,1729
,,,Nov 10 – Nov 16,1680
,,,Nov 17 – Nov 23,1668
,,,Nov 24 – Nov 30,1574
,,,Dec 1 – Dec 7,1637
,,,Dec 8 – Dec 14,1807
,,,Dec 15 – Dec 21,1708
,,,Dec 22 – Dec 28,1820
,65 Years or more,2023 – 2024,Dec 31 – Jan 6,2540
,,2024,Jan 7 – Jan 13,2386
,,,Jan 14 – Jan 20,1915
,,,Jan 21 – Jan 27,2317
,,,Jan 28 – Feb 3,2332
,,,Feb 4 – Feb 10,2432
,,,Feb 11 – Feb 17,2223
,,,Feb 18 – Feb 24,2389
,,,Feb 25 – Mar 2,2430
,,,Mar 3 – Mar 9,2480
,,,Mar 10 – Mar 16,2283
,,,Mar 17 – Mar 23,2274
,,,Mar 24 – Mar 30,2366
,,,Mar 31 – Apr 6,2435
,,,Apr 7 – Apr 13,2397
,,,Apr 14 – Apr 20,2520
,,,Apr 21 – Apr 27,2408
,,,Apr 28 – May 4,2597
,,,May 5 – May 11,2650
,,,May 12 – May 18,2713
,,,May 19 – May 25,2805
,,,May 26 – Jun 1,2764
,,,Jun 2 – Jun 8,2791
,,,Jun 9 – Jun 15,2758
,,,Jun 16 – Jun 22,2732
,,,Jun 23 – Jun 29,2708
,,,Jun 30 – Jul 6,2751
,,,Jul 7 – Jul 13,2711
,,,Jul 14 – Jul 20,2703
,,,Jul 21 – Jul 27,2706
,,,Jul 28 – Aug 3,2648
,,,Aug 4 – Aug 10,2844
,,,Aug 11 – Aug 17,2775
,,,Aug 18 – Aug 24,2777
,,,Aug 25 – Aug 31,2786
,,,Sep 1 – Sep 7,2713
,,,Sep 8 – Sep 14,2884
,,,Sep 15 – Sep 21,2770
,,,Sep 22 – Sep 28,2743
,,,Sep 29 – Oct 5,2751
,,,Oct 6 – Oct 12,2553
,,,Oct 13 – Oct 19,2571
,,,Oct 20 – Oct 26,2678
,,,Oct 27 – Nov 2,2683
,,,Nov 3 – Nov 9,2636
,,,Nov 10 – Nov 16,2561
,,,Nov 17 – Nov 23,2653
,,,Nov 24 – Nov 30,2630
,,,Dec 1 – Dec 7,2584
,,,Dec 8 – Dec 14,2622
,,,Dec 15 – Dec 21,2630
,,,Dec 22 – Dec 28,2805
,No value,2023 – 2024,Dec 31 – Jan 6,10 or fewer
,,2024,Jan 7 – Jan 13,10 or fewer
,,,Jan 14 – Jan 20,10 or fewer
,,,Jan 21 – Jan 27,10 or fewer
,,,Jan 28 – Feb 3,10 or fewer
,,,Feb 4 – Feb 10,10 or fewer
,,,Feb 11 – Feb 17,10 or fewer
,,,Feb 18 – Feb 24,10 or fewer
,,,Feb 25 – Mar 2,10 or fewer
,,,Mar 3 – Mar 9,10 or fewer
,,,Mar 10 – Mar 16,10 or fewer
,,,Mar 17 – Mar 23,10 or fewer
,,,Mar 24 – Mar 30,10 or fewer
,,,Mar 31 – Apr 6,10 or fewer
,,,Apr 7 – Apr 13,10 or fewer
,,,Apr 14 – Apr 20,10 or fewer
,,,Apr 21 – Apr 27,10 or fewer
,,,Apr 28 – May 4,10 or fewer
,,,May 5 – May 11,10 or fewer
,,,May 12 – May 18,10 or fewer
,,,May 19 – May 25,10 or fewer
,,,May 26 – Jun 1,10 or fewer
,,,Jun 2 – Jun 8,10 or fewer
,,,Jun 9 – Jun 15,10 or fewer
,,,Jun 16 – Jun 22,10 or fewer
,,,Jun 23 – Jun 29,10 or fewer
,,,Jun 30 – Jul 6,10 or fewer
,,,Jul 7 – Jul 13,10 or fewer
,,,Jul 14 – Jul 20,10 or fewer
,,,Jul 21 – Jul 27,10 or fewer
,,,Jul 28 – Aug 3,10 or fewer
,,,Aug 4 – Aug 10,10 or fewer
,,,Aug 11 – Aug 17,10 or fewer
,,,Aug 18 – Aug 24,10 or fewer
,,,Aug 25 – Aug 31,10 or fewer
,,,Sep 1 – Sep 7,10 or fewer
,,,Sep 8 – Sep 14,10 or fewer
,,,Sep 15 – Sep 21,10 or fewer
,,,Sep 22 – Sep 28,10 or fewer
,,,Sep 29 – Oct 5,10 or fewer
,,,Oct 6 – Oct 12,10 or fewer
,,,Oct 13 – Oct 19,10 or fewer
,,,Oct 20 – Oct 26,10 or fewer
,,,Oct 27 – Nov 2,10 or fewer
,,,Nov 3 – Nov 9,10 or fewer
,,,Nov 10 – Nov 16,10 or fewer
,,,Nov 17 – Nov 23,10 or fewer
,,,Nov 24 – Nov 30,10 or fewer
,,,Dec 1 – Dec 7,10 or fewer
,,,Dec 8 – Dec 14,10 or fewer
,,,Dec 15 – Dec 21,10 or fewer
,,,Dec 22 – Dec 28,10 or fewer
,Total,2023 – 2024,Dec 31 – Jan 6,8852
,,2024,Jan 7 – Jan 13,8514
,,,Jan 14 – Jan 20,7144
,,,Jan 21 – Jan 27,8360
,,,Jan 28 – Feb 3,8366
,,,Feb 4 – Feb 10,8711
,,,Feb 11 – Feb 17,8543
,,,Feb 18 – Feb 24,8790
,,,Feb 25 – Mar 2,8846
,,,Mar 3 – Mar 9,8832
,,,Mar 10 – Mar 16,8641
,,,Mar 17 – Mar 23,8456
,,,Mar 24 – Mar 30,8480
,,,Mar 31 – Apr 6,8262
,,,Apr 7 – Apr 13,8743
,,,Apr 14 – Apr 20,8708
,,,Apr 21 – Apr 27,8463
,,,Apr 28 – May 4,9060
,,,May 5 – May 11,9264
,,,May 12 – May 18,9210
,,,May 19 – May 25,9425
,,,May 26 – Jun 1,9421
,,,Jun 2 – Jun 8,9290
,,,Jun 9 – Jun 15,9066
,,,Jun 16 – Jun 22,9300
,,,Jun 23 – Jun 29,9304
,,,Jun 30 – Jul 6,9123
,,,Jul 7 – Jul 13,9437
,,,Jul 14 – Jul 20,9488
,,,Jul 21 – Jul 27,9235
,,,Jul 28 – Aug 3,9324
,,,Aug 4 – Aug 10,9500
,,,Aug 11 – Aug 17,9377
,,,Aug 18 – Aug 24,9290
,,,Aug 25 – Aug 31,9800
,,,Sep 1 – Sep 7,9683
,,,Sep 8 – Sep 14,9929
,,,Sep 15 – Sep 21,9734
,,,Sep 22 – Sep 28,9685
,,,Sep 29 – Oct 5,9436
,,,Oct 6 – Oct 12,9258
,,,Oct 13 – Oct 19,9198
,,,Oct 20 – Oct 26,9908
,,,Oct 27 – Nov 2,9619
,,,Nov 3 – Nov 9,9595
,,,Nov 10 – Nov 16,9305
,,,Nov 17 – Nov 23,9262
,,,Nov 24 – Nov 30,8589
,,,Dec 1 – Dec 7,8871
,,,Dec 8 – Dec 14,9306
,,,Dec 15 – Dec 21,9286
,,,Dec 22 – Dec 28,9604
Arkansas,Less than 1 Years,2023 – 2024,Dec 31 – Jan 6,511
,,2024,Jan 7 – Jan 13,408
,,,Jan 14 – Jan 20,362
,,,Jan 21 – Jan 27,346
,,,Jan 28 – Feb 3,388
,,,Feb 4 – Feb 10,437
,,,Feb 11 – Feb 17,383
,,,Feb 18 – Feb 24,388
,,,Feb 25 – Mar 2,393
,,,Mar 3 – Mar 9,361
,,,Mar 10 – Mar 16,401
,,,Mar 17 – Mar 23,360
,,,Mar 24 – Mar 30,378
,,,Mar 31 – Apr 6,361
,,,Apr 7 – Apr 13,349
,,,Apr 14 – Apr 20,353
,,,Apr 21 – Apr 27,375
,,,Apr 28 – May 4,309
,,,May 5 – May 11,387
,,,May 12 – May 18,341
,,,May 19 – May 25,339
,,,May 26 – Jun 1,368
,,,Jun 2 – Jun 8,327
,,,Jun 9 – Jun 15,292
,,,Jun 16 – Jun 22,307
,,,Jun 23 – Jun 29,297
,,,Jun 30 – Jul 6,259
,,,Jul 7 – Jul 13,279
,,,Jul 14 – Jul 20,274
,,,Jul 21 – Jul 27,303
,,,Jul 28 – Aug 3,343
,,,Aug 4 – Aug 10,304
,,,Aug 11 – Aug 17,337
,,,Aug 18 – Aug 24,325
,,,Aug 25 – Aug 31,406
,,,Sep 1 – Sep 7,360
,,,Sep 8 – Sep 14,337
,,,Sep 15 – Sep 21,356
,,,Sep 22 – Sep 28,310
,,,Sep 29 – Oct 5,327
,,,Oct 6 – Oct 12,355
,,,Oct 13 – Oct 19,348
,,,Oct 20 – Oct 26,359
,,,Oct 27 – Nov 2,382
,,,Nov 3 – Nov 9,363
,,,Nov 10 – Nov 16,354
,,,Nov 17 – Nov 23,415
,,,Nov 24 – Nov 30,430
,,,Dec 1 – Dec 7,475
,,,Dec 8 – Dec 14,483
,,,Dec 15 – Dec 21,560
,,,Dec 22 – Dec 28,632
,≥ 1 and < 5 Years,2023 – 2024,Dec 31 – Jan 6,915
,,2024,Jan 7 – Jan 13,815
,,,Jan 14 – Jan 20,710
,,,Jan 21 – Jan 27,785
,,,Jan 28 – Feb 3,872
,,,Feb 4 – Feb 10,952
,,,Feb 11 – Feb 17,891
,,,Feb 18 – Feb 24,934
,,,Feb 25 – Mar 2,898
,,,Mar 3 – Mar 9,929
,,,Mar 10 – Mar 16,889
,,,Mar 17 – Mar 23,838
,,,Mar 24 – Mar 30,779
,,,Mar 31 – Apr 6,791
,,,Apr 7 – Apr 13,865
,,,Apr 14 – Apr 20,802
,,,Apr 21 – Apr 27,812
,,,Apr 28 – May 4,858
,,,May 5 – May 11,804
,,,May 12 – May 18,850
,,,May 19 – May 25,840
,,,May 26 – Jun 1,801
,,,Jun 2 – Jun 8,761
,,,Jun 9 – Jun 15,741
,,,Jun 16 – Jun 22,666
,,,Jun 23 – Jun 29,651
,,,Jun 30 – Jul 6,656
,,,Jul 7 – Jul 13,656
,,,Jul 14 – Jul 20,586
,,,Jul 21 – Jul 27,646
,,,Jul 28 – Aug 3,676
,,,Aug 4 – Aug 10,629
,,,Aug 11 – Aug 17,631
,,,Aug 18 – Aug 24,694
,,,Aug 25 – Aug 31,804
,,,Sep 1 – Sep 7,780
,,,Sep 8 – Sep 14,773
,,,Sep 15 – Sep 21,703
,,,Sep 22 – Sep 28,790
,,,Sep 29 – Oct 5,719
,,,Oct 6 – Oct 12,802
,,,Oct 13 – Oct 19,806
,,,Oct 20 – Oct 26,871
,,,Oct 27 – Nov 2,808
,,,Nov 3 – Nov 9,792
,,,Nov 10 – Nov 16,916
,,,Nov 17 – Nov 23,948
,,,Nov 24 – Nov 30,958
,,,Dec 1 – Dec 7,970
,,,Dec 8 – Dec 14,1055
,,,Dec 15 – Dec 21,1140
,,,Dec 22 – Dec 28,1159
,≥ 5 and < 18 Years,2023 – 2024,Dec 31 – Jan 6,1029
,,2024,Jan 7 – Jan 13,1272
,,,Jan 14 – Jan 20,929
,,,Jan 21 – Jan 27,1202
,,,Jan 28 – Feb 3,1491
,,,Feb 4 – Feb 10,1666
,,,Feb 11 – Feb 17,1623
,,,Feb 18 – Feb 24,1720
,,,Feb 25 – Mar 2,1729
,,,Mar 3 – Mar 9,1580
,,,Mar 10 – Mar 16,1406
,,,Mar 17 – Mar 23,1061
,,,Mar 24 – Mar 30,1327
,,,Mar 31 – Apr 6,1497
,,,Apr 7 – Apr 13,1439
,,,Apr 14 – Apr 20,1488
,,,Apr 21 – Apr 27,1492
,,,Apr 28 – May 4,1466
,,,May 5 – May 11,1414
,,,May 12 – May 18,1395
,,,May 19 – May 25,1293
,,,May 26 – Jun 1,1225
,,,Jun 2 – Jun 8,1183
,,,Jun 9 – Jun 15,1147
,,,Jun 16 – Jun 22,1115
,,,Jun 23 – Jun 29,982
,,,Jun 30 – Jul 6,1028
,,,Jul 7 – Jul 13,1096
,,,Jul 14 – Jul 20,1036
,,,Jul 21 – Jul 27,993
,,,Jul 28 – Aug 3,1017
,,,Aug 4 – Aug 10,1011
,,,Aug 11 – Aug 17,1172
,,,Aug 18 – Aug 24,1420
,,,Aug 25 – Aug 31,1555
,,,Sep 1 – Sep 7,1566
,,,Sep 8 – Sep 14,1538
,,,Sep 15 – Sep 21,1522
,,,Sep 22 – Sep 28,1563
,,,Sep 29 – Oct 5,1631
,,,Oct 6 – Oct 12,1624
,,,Oct 13 – Oct 19,1629
,,,Oct 20 – Oct 26,1610
,,,Oct 27 – Nov 2,1503
,,,Nov 3 – Nov 9,1499
,,,Nov 10 – Nov 16,1600
,,,Nov 17 – Nov 23,1528
,,,Nov 24 – Nov 30,1159
,,,Dec 1 – Dec 7,1364
,,,Dec 8 – Dec 14,1461
,,,Dec 15 – Dec 21,1365
,,,Dec 22 – Dec 28,1208
,≥ 18 and < 50 Years,2023 – 2024,Dec 31 – Jan 6,3191
,,2024,Jan 7 – Jan 13,2926
,,,Jan 14 – Jan 20,2651
,,,Jan 21 – Jan 27,3003
,,,Jan 28 – Feb 3,3063
,,,Feb 4 – Feb 10,3141
,,,Feb 11 – Feb 17,2990
,,,Feb 18 – Feb 24,3095
,,,Feb 25 – Mar 2,3074
,,,Mar 3 – Mar 9,2999
,,,Mar 10 – Mar 16,2874
,,,Mar 17 – Mar 23,3002
,,,Mar 24 – Mar 30,2931
,,,Mar 31 – Apr 6,3026
,,,Apr 7 – Apr 13,2966
,,,Apr 14 – Apr 20,3059
,,,Apr 21 – Apr 27,3068
,,,Apr 28 – May 4,3096
,,,May 5 – May 11,3098
,,,May 12 – May 18,3105
,,,May 19 – May 25,3094
,,,May 26 – Jun 1,3136
,,,Jun 2 – Jun 8,3131
,,,Jun 9 – Jun 15,3171
,,,Jun 16 – Jun 22,3184
,,,Jun 23 – Jun 29,3158
,,,Jun 30 – Jul 6,2995
,,,Jul 7 – Jul 13,3158
,,,Jul 14 – Jul 20,3005
,,,Jul 21 – Jul 27,3108
,,,Jul 28 – Aug 3,3147
,,,Aug 4 – Aug 10,3261
,,,Aug 11 – Aug 17,3124
,,,Aug 18 – Aug 24,3108
,,,Aug 25 – Aug 31,3015
,,,Sep 1 – Sep 7,3202
,,,Sep 8 – Sep 14,2987
,,,Sep 15 – Sep 21,2984
,,,Sep 22 – Sep 28,3015
,,,Sep 29 – Oct 5,2953
,,,Oct 6 – Oct 12,3101
,,,Oct 13 – Oct 19,2874
,,,Oct 20 – Oct 26,2982
,,,Oct 27 – Nov 2,3169
,,,Nov 3 – Nov 9,3154
,,,Nov 10 – Nov 16,3062
,,,Nov 17 – Nov 23,3154
,,,Nov 24 – Nov 30,2896
,,,Dec 1 – Dec 7,3080
,,,Dec 8 – Dec 14,2970
,,,Dec 15 – Dec 21,3002
,,,Dec 22 – Dec 28,2981
,≥ 50 and < 65 Years,2023 – 2024,Dec 31 – Jan 6,1364
,,2024,Jan 7 – Jan 13,1302
,,,Jan 14 – Jan 20,1054
,,,Jan 21 – Jan 27,1291
,,,Jan 28 – Feb 3,1198
,,,Feb 4 – Feb 10,1280
,,,Feb 11 – Feb 17,1259
,,,Feb 18 – Feb 24,1267
,,,Feb 25 – Mar 2,1252
,,,Mar 3 – Mar 9,1314
,,,Mar 10 – Mar 16,1239
,,,Mar 17 – Mar 23,1420
,,,Mar 24 – Mar 30,1266
,,,Mar 31 – Apr 6,1189
,,,Apr 7 – Apr 13,1284
,,,Apr 14 – Apr 20,1343
,,,Apr 21 – Apr 27,1342
,,,Apr 28 – May 4,1309
,,,May 5 – May 11,1319
,,,May 12 – May 18,1424
,,,May 19 – May 25,1338
,,,May 26 – Jun 1,1333
,,,Jun 2 – Jun 8,1359
,,,Jun 9 – Jun 15,1362
,,,Jun 16 – Jun 22,1449
,,,Jun 23 – Jun 29,1340
,,,Jun 30 – Jul 6,1316
,,,Jul 7 – Jul 13,1314
,,,Jul 14 – Jul 20,1384
,,,Jul 21 – Jul 27,1274
,,,Jul 28 – Aug 3,1400
,,,Aug 4 – Aug 10,1413
,,,Aug 11 – Aug 17,1357
,,,Aug 18 – Aug 24,1359
,,,Aug 25 – Aug 31,1284
,,,Sep 1 – Sep 7,1313
,,,Sep 8 – Sep 14,1367
,,,Sep 15 – Sep 21,1297
,,,Sep 22 – Sep 28,1415
,,,Sep 29 – Oct 5,1344
,,,Oct 6 – Oct 12,1342
,,,Oct 13 – Oct 19,1295
,,,Oct 20 – Oct 26,1340
,,,Oct 27 – Nov 2,1335
,,,Nov 3 – Nov 9,1249
,,,Nov 10 – Nov 16,1255
,,,Nov 17 – Nov 23,1332
,,,Nov 24 – Nov 30,1259
,,,Dec 1 – Dec 7,1243
,,,Dec 8 – Dec 14,1299
,,,Dec 15 – Dec 21,1375
,,,Dec 22 – Dec 28,1367
,65 Years or more,2023 – 2024,Dec 31 – Jan 6,1718
,,2024,Jan 7 – Jan 13,1670
,,,Jan 14 – Jan 20,1416
,,,Jan 21 – Jan 27,1704
,,,Jan 28 – Feb 3,1650
,,,Feb 4 – Feb 10,1627
,,,Feb 11 – Feb 17,1721
,,,Feb 18 – Feb 24,1769
,,,Feb 25 – Mar 2,1711
,,,Mar 3 – Mar 9,1725
,,,Mar 10 – Mar 16,1595
,,,Mar 17 – Mar 23,1715
,,,Mar 24 – Mar 30,1650
,,,Mar 31 – Apr 6,1692
,,,Apr 7 – Apr 13,1668
,,,Apr 14 – Apr 20,1712
,,,Apr 21 – Apr 27,1628
,,,Apr 28 – May 4,1677
,,,May 5 – May 11,1756
,,,May 12 – May 18,1716
,,,May 19 – May 25,1774
,,,May 26 – Jun 1,1778
,,,Jun 2 – Jun 8,1823
,,,Jun 9 – Jun 15,1906
,,,Jun 16 – Jun 22,1820
,,,Jun 23 – Jun 29,1766
,,,Jun 30 – Jul 6,1749
,,,Jul 7 – Jul 13,1656
,,,Jul 14 – Jul 20,1780
,,,Jul 21 – Jul 27,1707
,,,Jul 28 – Aug 3,1786
,,,Aug 4 – Aug 10,1795
,,,Aug 11 – Aug 17,1786
,,,Aug 18 – Aug 24,1793
,,,Aug 25 – Aug 31,1750
,,,Sep 1 – Sep 7,1757
,,,Sep 8 – Sep 14,1686
,,,Sep 15 – Sep 21,1737
,,,Sep 22 – Sep 28,1710
,,,Sep 29 – Oct 5,1735
,,,Oct 6 – Oct 12,1807
,,,Oct 13 – Oct 19,1757
,,,Oct 20 – Oct 26,1745
,,,Oct 27 – Nov 2,1713
,,,Nov 3 – Nov 9,1717
,,,Nov 10 – Nov 16,1740
,,,Nov 17 – Nov 23,1761
,,,Nov 24 – Nov 30,1742
,,,Dec 1 – Dec 7,1782
,,,Dec 8 – Dec 14,1762
,,,Dec 15 – Dec 21,1756
,,,Dec 22 – Dec 28,1920
,No value,2023 – 2024,Dec 31 – Jan 6,10 or fewer
,,2024,Jan 7 – Jan 13,10 or fewer
,,,Jan 14 – Jan 20,10 or fewer
,,,Jan 21 – Jan 27,10 or fewer
,,,Jan 28 – Feb 3,10 or fewer
,,,Feb 4 – Feb 10,10 or fewer
,,,Feb 11 – Feb 17,10 or fewer
,,,Feb 18 – Feb 24,10 or fewer
,,,Feb 25 – Mar 2,10 or fewer
,,,Mar 3 – Mar 9,10 or fewer
,,,Mar 10 – Mar 16,10 or fewer
,,,Mar 17 – Mar 23,10 or fewer
,,,Mar 24 – Mar 30,10 or fewer
,,,Mar 31 – Apr 6,10 or fewer
,,,Apr 7 – Apr 13,10 or fewer
,,,Apr 14 – Apr 20,10 or fewer
,,,Apr 21 – Apr 27,10 or fewer
,,,Apr 28 – May 4,10 or fewer
,,,May 5 – May 11,10 or fewer
,,,May 12 – May 18,10 or fewer
,,,May 19 – May 25,10 or fewer
,,,May 26 – Jun 1,10 or fewer
,,,Jun 2 – Jun 8,10 or fewer
,,,Jun 9 – Jun 15,10 or fewer
,,,Jun 16 – Jun 22,10 or fewer
,,,Jun 23 – Jun 29,10 or fewer
,,,Jun 30 – Jul 6,10 or fewer
,,,Jul 7 – Jul 13,10 or fewer
,,,Jul 14 – Jul 20,10 or fewer
,,,Jul 21 – Jul 27,10 or fewer
,,,Jul 28 – Aug 3,10 or fewer
,,,Aug 4 – Aug 10,10 or fewer
,,,Aug 11 – Aug 17,10 or fewer
,,,Aug 18 – Aug 24,10 or fewer
,,,Aug 25 – Aug 31,10 or fewer
,,,Sep 1 – Sep 7,10 or fewer
,,,Sep 8 – Sep 14,10 or fewer
,,,Sep 15 – Sep 21,10 or fewer
,,,Sep 22 – Sep 28,10 or fewer
,,,Sep 29 – Oct 5,10 or fewer
,,,Oct 6 – Oct 12,10 or fewer
,,,Oct 13 – Oct 19,10 or fewer
,,,Oct 20 – Oct 26,10 or fewer
,,,Oct 27 – Nov 2,10 or fewer
,,,Nov 3 – Nov 9,10 or fewer
,,,Nov 10 – Nov 16,10 or fewer
,,,Nov 17 – Nov 23,10 or fewer
,,,Nov 24 – Nov 30,10 or fewer
,,,Dec 1 – Dec 7,10 or fewer
,,,Dec 8 – Dec 14,10 or fewer
,,,Dec 15 – Dec 21,10 or fewer
,,,Dec 22 – Dec 28,10 or fewer
,Total,2023 – 2024,Dec 31 – Jan 6,8728
,,2024,Jan 7 – Jan 13,8393
,,,Jan 14 – Jan 20,7122
,,,Jan 21 – Jan 27,8331
,,,Jan 28 – Feb 3,8662
,,,Feb 4 – Feb 10,9103
,,,Feb 11 – Feb 17,8867
,,,Feb 18 – Feb 24,9173
,,,Feb 25 – Mar 2,9057
,,,Mar 3 – Mar 9,8908
,,,Mar 10 – Mar 16,8404
,,,Mar 17 – Mar 23,8396
,,,Mar 24 – Mar 30,8331
,,,Mar 31 – Apr 6,8556
,,,Apr 7 – Apr 13,8571
,,,Apr 14 – Apr 20,8757
,,,Apr 21 – Apr 27,8717
,,,Apr 28 – May 4,8715
,,,May 5 – May 11,8778
,,,May 12 – May 18,8831
,,,May 19 – May 25,8678
,,,May 26 – Jun 1,8641
,,,Jun 2 – Jun 8,8584
,,,Jun 9 – Jun 15,8619
,,,Jun 16 – Jun 22,8541
,,,Jun 23 – Jun 29,8194
,,,Jun 30 – Jul 6,8003
,,,Jul 7 – Jul 13,8159
,,,Jul 14 – Jul 20,8065
,,,Jul 21 – Jul 27,8032
,,,Jul 28 – Aug 3,8369
,,,Aug 4 – Aug 10,8413
,,,Aug 11 – Aug 17,8407
,,,Aug 18 – Aug 24,8699
,,,Aug 25 – Aug 31,8814
,,,Sep 1 – Sep 7,8978
,,,Sep 8 – Sep 14,8688
,,,Sep 15 – Sep 21,8599
,,,Sep 22 – Sep 28,8803
,,,Sep 29 – Oct 5,8709
,,,Oct 6 – Oct 12,9031
,,,Oct 13 – Oct 19,8709
,,,Oct 20 – Oct 26,8907
,,,Oct 27 – Nov 2,8910
,,,Nov 3 – Nov 9,8774
,,,Nov 10 – Nov 16,8927
,,,Nov 17 – Nov 23,9138
,,,Nov 24 – Nov 30,8444
,,,Dec 1 – Dec 7,8914
,,,Dec 8 – Dec 14,9030
,,,Dec 15 – Dec 21,9198
,,,Dec 22 – Dec 28,9267
Washington,Less than 1 Years,2023 – 2024,Dec 31 – Jan 6,224
,,2024,Jan 7 – Jan 13,163
,,,Jan 14 – Jan 20,141
,,,Jan 21 – Jan 27,131
,,,Jan 28 – Feb 3,136
,,,Feb 4 – Feb 10,149
,,,Feb 11 – Feb 17,109
,,,Feb 18 – Feb 24,139
,,,Feb 25 – Mar 2,123
,,,Mar 3 – Mar 9,134
,,,Mar 10 – Mar 16,129
,,,Mar 17 – Mar 23,136
,,,Mar 24 – Mar 30,179
,,,Mar 31 – Apr 6,153
,,,Apr 7 – Apr 13,135
,,,Apr 14 – Apr 20,148
,,,Apr 21 – Apr 27,149
,,,Apr 28 – May 4,146
,,,May 5 – May 11,156
,,,May 12 – May 18,144
,,,May 19 – May 25,144
,,,May 26 – Jun 1,156
,,,Jun 2 – Jun 8,155
,,,Jun 9 – Jun 15,144
,,,Jun 16 – Jun 22,142
,,,Jun 23 – Jun 29,141
,,,Jun 30 – Jul 6,121
,,,Jul 7 – Jul 13,138
,,,Jul 14 – Jul 20,124
,,,Jul 21 – Jul 27,100
,,,Jul 28 – Aug 3,125
,,,Aug 4 – Aug 10,113
,,,Aug 11 – Aug 17,143
,,,Aug 18 – Aug 24,131
,,,Aug 25 – Aug 31,97
,,,Sep 1 – Sep 7,124
,,,Sep 8 – Sep 14,151
,,,Sep 15 – Sep 21,126
,,,Sep 22 – Sep 28,115
,,,Sep 29 – Oct 5,132
,,,Oct 6 – Oct 12,128
,,,Oct 13 – Oct 19,121
,,,Oct 20 – Oct 26,113
,,,Oct 27 – Nov 2,125
,,,Nov 3 – Nov 9,103
,,,Nov 10 – Nov 16,120
,,,Nov 17 – Nov 23,155
,,,Nov 24 – Nov 30,154
,,,Dec 1 – Dec 7,156
,,,Dec 8 – Dec 14,148
,,,Dec 15 – Dec 21,197
,,,Dec 22 – Dec 28,226
,≥ 1 and < 5 Years,2023 – 2024,Dec 31 – Jan 6,372
,,2024,Jan 7 – Jan 13,294
,,,Jan 14 – Jan 20,289
,,,Jan 21 – Jan 27,310
,,,Jan 28 – Feb 3,311
,,,Feb 4 – Feb 10,332
,,,Feb 11 – Feb 17,296
,,,Feb 18 – Feb 24,374
,,,Feb 25 – Mar 2,381
,,,Mar 3 – Mar 9,329
,,,Mar 10 – Mar 16,383
,,,Mar 17 – Mar 23,373
,,,Mar 24 – Mar 30,357
,,,Mar 31 – Apr 6,379
,,,Apr 7 – Apr 13,367
,,,Apr 14 – Apr 20,358
,,,Apr 21 – Apr 27,367
,,,Apr 28 – May 4,383
,,,May 5 – May 11,379
,,,May 12 – May 18,391
,,,May 19 – May 25,386
,,,May 26 – Jun 1,399
,,,Jun 2 – Jun 8,370
,,,Jun 9 – Jun 15,362
,,,Jun 16 – Jun 22,336
,,,Jun 23 – Jun 29,346
,,,Jun 30 – Jul 6,333
,,,Jul 7 – Jul 13,324
,,,Jul 14 – Jul 20,285
,,,Jul 21 – Jul 27,309
,,,Jul 28 – Aug 3,269
,,,Aug 4 – Aug 10,278
,,,Aug 11 – Aug 17,277
,,,Aug 18 – Aug 24,270
,,,Aug 25 – Aug 31,287
,,,Sep 1 – Sep 7,290
,,,Sep 8 – Sep 14,271
,,,Sep 15 – Sep 21,283
,,,Sep 22 – Sep 28,276
,,,Sep 29 – Oct 5,296
,,,Oct 6 – Oct 12,310
,,,Oct 13 – Oct 19,295
,,,Oct 20 – Oct 26,307
,,,Oct 27 – Nov 2,286
,,,Nov 3 – Nov 9,313
,,,Nov 10 – Nov 16,293
,,,Nov 17 – Nov 23,338
,,,Nov 24 – Nov 30,366
,,,Dec 1 – Dec 7,351
,,,Dec 8 – Dec 14,389
,,,Dec 15 – Dec 21,449
,,,Dec 22 – Dec 28,622
,≥ 5 and < 18 Years,2023 – 2024,Dec 31 – Jan 6,612
,,2024,Jan 7 – Jan 13,646
,,,Jan 14 – Jan 20,632
,,,Jan 21 – Jan 27,713
,,,Jan 28 – Feb 3,685
,,,Feb 4 – Feb 10,701
,,,Feb 11 – Feb 17,726
,,,Feb 18 – Feb 24,731
,,,Feb 25 – Mar 2,748
,,,Mar 3 – Mar 9,755
,,,Mar 10 – Mar 16,794
,,,Mar 17 – Mar 23,836
,,,Mar 24 – Mar 30,872
,,,Mar 31 – Apr 6,734
,,,Apr 7 – Apr 13,762
,,,Apr 14 – Apr 20,877
,,,Apr 21 – Apr 27,870
,,,Apr 28 – May 4,865
,,,May 5 – May 11,848
,,,May 12 – May 18,849
,,,May 19 – May 25,781
,,,May 26 – Jun 1,827
,,,Jun 2 – Jun 8,773
,,,Jun 9 – Jun 15,758
,,,Jun 16 – Jun 22,741
,,,Jun 23 – Jun 29,677
,,,Jun 30 – Jul 6,655
,,,Jul 7 – Jul 13,658
,,,Jul 14 – Jul 20,612
,,,Jul 21 – Jul 27,631
,,,Jul 28 – Aug 3,631
,,,Aug 4 – Aug 10,615
,,,Aug 11 – Aug 17,608
,,,Aug 18 – Aug 24,585
,,,Aug 25 – Aug 31,562
,,,Sep 1 – Sep 7,613
,,,Sep 8 – Sep 14,741
,,,Sep 15 – Sep 21,728
,,,Sep 22 – Sep 28,718
,,,Sep 29 – Oct 5,663
,,,Oct 6 – Oct 12,664
,,,Oct 13 – Oct 19,662
,,,Oct 20 – Oct 26,713
,,,Oct 27 – Nov 2,657
,,,Nov 3 – Nov 9,708
,,,Nov 10 – Nov 16,656
,,,Nov 17 – Nov 23,770
,,,Nov 24 – Nov 30,610
,,,Dec 1 – Dec 7,756
,,,Dec 8 – Dec 14,792
,,,Dec 15 – Dec 21,928
,,,Dec 22 – Dec 28,822
,≥ 18 and < 50 Years,2023 – 2024,Dec 31 – Jan 6,3135
,,2024,Jan 7 – Jan 13,3027
,,,Jan 14 – Jan 20,2939
,,,Jan 21 – Jan 27,3322
,,,Jan 28 – Feb 3,3215
,,,Feb 4 – Feb 10,3151
,,,Feb 11 – Feb 17,3206
,,,Feb 18 – Feb 24,3162
,,,Feb 25 – Mar 2,3233
,,,Mar 3 – Mar 9,3215
,,,Mar 10 – Mar 16,3175
,,,Mar 17 – Mar 23,3265
,,,Mar 24 – Mar 30,3254
,,,Mar 31 – Apr 6,3115
,,,Apr 7 – Apr 13,3270
,,,Apr 14 – Apr 20,3257
,,,Apr 21 – Apr 27,3286
,,,Apr 28 – May 4,3228
,,,May 5 – May 11,3296
,,,May 12 – May 18,3201
,,,May 19 – May 25,3287
,,,May 26 – Jun 1,3355
,,,Jun 2 – Jun 8,3341
,,,Jun 9 – Jun 15,3183
,,,Jun 16 – Jun 22,3237
,,,Jun 23 – Jun 29,3329
,,,Jun 30 – Jul 6,3280
,,,Jul 7 – Jul 13,3349
,,,Jul 14 – Jul 20,3494
,,,Jul 21 – Jul 27,3349
,,,Jul 28 – Aug 3,3282
,,,Aug 4 – Aug 10,3479
,,,Aug 11 – Aug 17,3383
,,,Aug 18 – Aug 24,3317
,,,Aug 25 – Aug 31,3140
,,,Sep 1 – Sep 7,3431
,,,Sep 8 – Sep 14,3482
,,,Sep 15 – Sep 21,3294
,,,Sep 22 – Sep 28,3363
,,,Sep 29 – Oct 5,3286
,,,Oct 6 – Oct 12,3310
,,,Oct 13 – Oct 19,3305
,,,Oct 20 – Oct 26,3309
,,,Oct 27 – Nov 2,3213
,,,Nov 3 – Nov 9,3192
,,,Nov 10 – Nov 16,3221
,,,Nov 17 – Nov 23,3167
,,,Nov 24 – Nov 30,3177
,,,Dec 1 – Dec 7,3217
,,,Dec 8 – Dec 14,3344
,,,Dec 15 – Dec 21,3411
,,,Dec 22 – Dec 28,3572
,≥ 50 and < 65 Years,2023 – 2024,Dec 31 – Jan 6,1463
,,2024,Jan 7 – Jan 13,1350
,,,Jan 14 – Jan 20,1391
,,,Jan 21 – Jan 27,1374
,,,Jan 28 – Feb 3,1405
,,,Feb 4 – Feb 10,1375
,,,Feb 11 – Feb 17,1376
,,,Feb 18 – Feb 24,1363
,,,Feb 25 – Mar 2,1345
,,,Mar 3 – Mar 9,1373
,,,Mar 10 – Mar 16,1449
,,,Mar 17 – Mar 23,1407
,,,Mar 24 – Mar 30,1427
,,,Mar 31 – Apr 6,1350
,,,Apr 7 – Apr 13,1400
,,,Apr 14 – Apr 20,1388
,,,Apr 21 – Apr 27,1414
,,,Apr 28 – May 4,1394
,,,May 5 – May 11,1446
,,,May 12 – May 18,1391
,,,May 19 – May 25,1453
,,,May 26 – Jun 1,1390
,,,Jun 2 – Jun 8,1400
,,,Jun 9 – Jun 15,1485
,,,Jun 16 – Jun 22,1518
,,,Jun 23 – Jun 29,1475
,,,Jun 30 – Jul 6,1440
,,,Jul 7 – Jul 13,1553
,,,Jul 14 – Jul 20,1518
,,,Jul 21 – Jul 27,1365
,,,Jul 28 – Aug 3,1481
,,,Aug 4 – Aug 10,1469
,,,Aug 11 – Aug 17,1542
,,,Aug 18 – Aug 24,1453
,,,Aug 25 – Aug 31,1519
,,,Sep 1 – Sep 7,1454
,,,Sep 8 – Sep 14,1444
,,,Sep 15 – Sep 21,1316
,,,Sep 22 – Sep 28,1359
,,,Sep 29 – Oct 5,1368
,,,Oct 6 – Oct 12,1422
,,,Oct 13 – Oct 19,1392
,,,Oct 20 – Oct 26,1369
,,,Oct 27 – Nov 2,1312
,,,Nov 3 – Nov 9,1374
,,,Nov 10 – Nov 16,1376
,,,Nov 17 – Nov 23,1407
,,,Nov 24 – Nov 30,1299
,,,Dec 1 – Dec 7,1345
,,,Dec 8 – Dec 14,1428
,,,Dec 15 – Dec 21,1428
,,,Dec 22 – Dec 28,1426
,65 Years or more,2023 – 2024,Dec 31 – Jan 6,2338
,,2024,Jan 7 – Jan 13,2071
,,,Jan 14 – Jan 20,2275
,,,Jan 21 – Jan 27,2352
,,,Jan 28 – Feb 3,2346
,,,Feb 4 – Feb 10,2120
,,,Feb 11 – Feb 17,2186
,,,Feb 18 – Feb 24,2248
,,,Feb 25 – Mar 2,2191
,,,Mar 3 – Mar 9,2176
,,,Mar 10 – Mar 16,2306
,,,Mar 17 – Mar 23,2296
,,,Mar 24 – Mar 30,2235
,,,Mar 31 – Apr 6,2215
,,,Apr 7 – Apr 13,2309
,,,Apr 14 – Apr 20,2251
,,,Apr 21 – Apr 27,2321
,,,Apr 28 – May 4,2260
,,,May 5 – May 11,2390
,,,May 12 – May 18,2450
,,,May 19 – May 25,2308
,,,May 26 – Jun 1,2420
,,,Jun 2 – Jun 8,2437
,,,Jun 9 – Jun 15,2382
,,,Jun 16 – Jun 22,2535
,,,Jun 23 – Jun 29,2467
,,,Jun 30 – Jul 6,2386
,,,Jul 7 – Jul 13,2456
,,,Jul 14 – Jul 20,2417
,,,Jul 21 – Jul 27,2432
,,,Jul 28 – Aug 3,2412
,,,Aug 4 – Aug 10,2342
,,,Aug 11 – Aug 17,2436
,,,Aug 18 – Aug 24,2354
,,,Aug 25 – Aug 31,2448
,,,Sep 1 – Sep 7,2439
,,,Sep 8 – Sep 14,2296
,,,Sep 15 – Sep 21,2478
,,,Sep 22 – Sep 28,2474
,,,Sep 29 – Oct 5,2304
,,,Oct 6 – Oct 12,2371
,,,Oct 13 – Oct 19,2201
,,,Oct 20 – Oct 26,2305
,,,Oct 27 – Nov 2,2292
,,,Nov 3 – Nov 9,2292
,,,Nov 10 – Nov 16,2256
,,,Nov 17 – Nov 23,2329
,,,Nov 24 – Nov 30,2308
,,,Dec 1 – Dec 7,2452
,,,Dec 8 – Dec 14,2427
,,,Dec 15 – Dec 21,2413
,,,Dec 22 – Dec 28,2528
,No value,2023 – 2024,Dec 31 – Jan 6,10 or fewer
,,2024,Jan 7 – Jan 13,10 or fewer
,,,Jan 14 – Jan 20,10 or fewer
,,,Jan 21 – Jan 27,10 or fewer
,,,Jan 28 – Feb 3,10 or fewer
,,,Feb 4 – Feb 10,10 or fewer
,,,Feb 11 – Feb 17,10 or fewer
,,,Feb 18 – Feb 24,10 or fewer
,,,Feb 25 – Mar 2,10 or fewer
,,,Mar 3 – Mar 9,10 or fewer
,,,Mar 10 – Mar 16,10 or fewer
,,,Mar 17 – Mar 23,10 or fewer
,,,Mar 24 – Mar 30,10 or fewer
,,,Mar 31 – Apr 6,10 or fewer
,,,Apr 7 – Apr 13,10 or fewer
,,,Apr 14 – Apr 20,10 or fewer
,,,Apr 21 – Apr 27,10 or fewer
,,,Apr 28 – May 4,10 or fewer
,,,May 5 – May 11,10 or fewer
,,,May 12 – May 18,10 or fewer
,,,May 19 – May 25,10 or fewer
,,,May 26 – Jun 1,10 or fewer
,,,Jun 2 – Jun 8,10 or fewer
,,,Jun 9 – Jun 15,10 or fewer
,,,Jun 16 – Jun 22,10 or fewer
,,,Jun 23 – Jun 29,10 or fewer
,,,Jun 30 – Jul 6,10 or fewer
,,,Jul 7 – Jul 13,10 or fewer
,,,Jul 14 – Jul 20,10 or fewer
,,,Jul 21 – Jul 27,10 or fewer
,,,Jul 28 – Aug 3,10 or fewer
,,,Aug 4 – Aug 10,10 or fewer
,,,Aug 11 – Aug 17,10 or fewer
,,,Aug 18 – Aug 24,10 or fewer
,,,Aug 25 – Aug 31,10 or fewer
,,,Sep 1 – Sep 7,10 or fewer
,,,Sep 8 – Sep 14,10 or fewer
,,,Sep 15 – Sep 21,10 or fewer
,,,Sep 22 – Sep 28,10 or fewer
,,,Sep 29 – Oct 5,10 or fewer
,,,Oct 6 – Oct 12,10 or fewer
,,,Oct 13 – Oct 19,10 or fewer
,,,Oct 20 – Oct 26,10 or fewer
,,,Oct 27 – Nov 2,10 or fewer
,,,Nov 3 – Nov 9,10 or fewer
,,,Nov 10 – Nov 16,10 or fewer
,,,Nov 17 – Nov 23,10 or fewer
,,,Nov 24 – Nov 30,10 or fewer
,,,Dec 1 – Dec 7,10 or fewer
,,,Dec 8 – Dec 14,10 or fewer
,,,Dec 15 – Dec 21,10 or fewer
,,,Dec 22 – Dec 28,10 or fewer
,Total,2023 – 2024,Dec 31 – Jan 6,8144
,,2024,Jan 7 – Jan 13,7551
,,,Jan 14 – Jan 20,7667
,,,Jan 21 – Jan 27,8202
,,,Jan 28 – Feb 3,8098
,,,Feb 4 – Feb 10,7828
,,,Feb 11 – Feb 17,7899
,,,Feb 18 – Feb 24,8017
,,,Feb 25 – Mar 2,8021
,,,Mar 3 – Mar 9,7982
,,,Mar 10 – Mar 16,8236
,,,Mar 17 – Mar 23,8313
,,,Mar 24 – Mar 30,8324
,,,Mar 31 – Apr 6,7946
,,,Apr 7 – Apr 13,8243
,,,Apr 14 – Apr 20,8279
,,,Apr 21 – Apr 27,8407
,,,Apr 28 – May 4,8276
,,,May 5 – May 11,8515
,,,May 12 – May 18,8426
,,,May 19 – May 25,8359
,,,May 26 – Jun 1,8547
,,,Jun 2 – Jun 8,8476
,,,Jun 9 – Jun 15,8314
,,,Jun 16 – Jun 22,8509
,,,Jun 23 – Jun 29,8435
,,,Jun 30 – Jul 6,8215
,,,Jul 7 – Jul 13,8478
,,,Jul 14 – Jul 20,8450
,,,Jul 21 – Jul 27,8186
,,,Jul 28 – Aug 3,8200
,,,Aug 4 – Aug 10,8296
,,,Aug 11 – Aug 17,8389
,,,Aug 18 – Aug 24,8110
,,,Aug 25 – Aug 31,8053
,,,Sep 1 – Sep 7,8351
,,,Sep 8 – Sep 14,8385
,,,Sep 15 – Sep 21,8225
,,,Sep 22 – Sep 28,8305
,,,Sep 29 – Oct 5,8049
,,,Oct 6 – Oct 12,8205
,,,Oct 13 – Oct 19,7976
,,,Oct 20 – Oct 26,8116
,,,Oct 27 – Nov 2,7885
,,,Nov 3 – Nov 9,7982
,,,Nov 10 – Nov 16,7922
,,,Nov 17 – Nov 23,8166
,,,Nov 24 – Nov 30,7914
,,,Dec 1 – Dec 7,8277
,,,Dec 8 – Dec 14,8528
,,,Dec 15 – Dec 21,8826
,,,Dec 22 – Dec 28,9196
Arizona,Less than 1 Years,2023 – 2024,Dec 31 – Jan 6,211
,,2024,Jan 7 – Jan 13,143
,,,Jan 14 – Jan 20,141
,,,Jan 21 – Jan 27,150
,,,Jan 28 – Feb 3,147
,,,Feb 4 – Feb 10,123
,,,Feb 11 – Feb 17,131
,,,Feb 18 – Feb 24,156
,,,Feb 25 – Mar 2,141
,,,Mar 3 – Mar 9,118
,,,Mar 10 – Mar 16,116
,,,Mar 17 – Mar 23,143
,,,Mar 24 – Mar 30,112
,,,Mar 31 – Apr 6,105
,,,Apr 7 – Apr 13,145
,,,Apr 14 – Apr 20,135
,,,Apr 21 – Apr 27,110
,,,Apr 28 – May 4,148
,,,May 5 – May 11,121
,,,May 12 – May 18,151
,,,May 19 – May 25,144
,,,May 26 – Jun 1,130
,,,Jun 2 – Jun 8,120
,,,Jun 9 – Jun 15,110
,,,Jun 16 – Jun 22,113
,,,Jun 23 – Jun 29,98
,,,Jun 30 – Jul 6,122
,,,Jul 7 – Jul 13,133
,,,Jul 14 – Jul 20,114
,,,Jul 21 – Jul 27,111
,,,Jul 28 – Aug 3,103
,,,Aug 4 – Aug 10,81
,,,Aug 11 – Aug 17,112
,,,Aug 18 – Aug 24,119
,,,Aug 25 – Aug 31,108
,,,Sep 1 – Sep 7,110
,,,Sep 8 – Sep 14,119
,,,Sep 15 – Sep 21,107
,,,Sep 22 – Sep 28,87
,,,Sep 29 – Oct 5,100
,,,Oct 6 – Oct 12,114
,,,Oct 13 – Oct 19,123
,,,Oct 20 – Oct 26,102
,,,Oct 27 – Nov 2,119
,,,Nov 3 – Nov 9,106
,,,Nov 10 – Nov 16,117
,,,Nov 17 – Nov 23,144
,,,Nov 24 – Nov 30,138
,,,Dec 1 – Dec 7,154
,,,Dec 8 – Dec 14,137
,,,Dec 15 – Dec 21,157
,,,Dec 22 – Dec 28,219
,≥ 1 and < 5 Years,2023 – 2024,Dec 31 – Jan 6,410
,,2024,Jan 7 – Jan 13,324
,,,Jan 14 – Jan 20,349
,,,Jan 21 – Jan 27,347
,,,Jan 28 – Feb 3,352
,,,Feb 4 – Feb 10,364
,,,Feb 11 – Feb 17,348
,,,Feb 18 – Feb 24,360
,,,Feb 25 – Mar 2,366
,,,Mar 3 – Mar 9,334
,,,Mar 10 – Mar 16,346
,,,Mar 17 – Mar 23,324
,,,Mar 24 – Mar 30,315
,,,Mar 31 – Apr 6,338
,,,Apr 7 – Apr 13,352
,,,Apr 14 – Apr 20,363
,,,Apr 21 – Apr 27,388
,,,Apr 28 – May 4,361
,,,May 5 – May 11,359
,,,May 12 – May 18,376
,,,May 19 – May 25,366
,,,May 26 – Jun 1,399
,,,Jun 2 – Jun 8,325
,,,Jun 9 – Jun 15,296
,,,Jun 16 – Jun 22,337
,,,Jun 23 – Jun 29,298
,,,Jun 30 – Jul 6,282
,,,Jul 7 – Jul 13,264
,,,Jul 14 – Jul 20,252
,,,Jul 21 – Jul 27,259
,,,Jul 28 – Aug 3,232
,,,Aug 4 – Aug 10,242
,,,Aug 11 – Aug 17,255
,,,Aug 18 – Aug 24,284
,,,Aug 25 – Aug 31,279
,,,Sep 1 – Sep 7,259
,,,Sep 8 – Sep 14,215
,,,Sep 15 – Sep 21,235
,,,Sep 22 – Sep 28,232
,,,Sep 29 – Oct 5,248
,,,Oct 6 – Oct 12,277
,,,Oct 13 – Oct 19,263
,,,Oct 20 – Oct 26,280
,,,Oct 27 – Nov 2,316
,,,Nov 3 – Nov 9,307
,,,Nov 10 – Nov 16,281
,,,Nov 17 – Nov 23,309
,,,Nov 24 – Nov 30,387
,,,Dec 1 – Dec 7,371
,,,Dec 8 – Dec 14,407
,,,Dec 15 – Dec 21,420
,,,Dec 22 – Dec 28,593
,≥ 5 and < 18 Years,2023 – 2024,Dec 31 – Jan 6,551
,,2024,Jan 7 – Jan 13,580
,,,Jan 14 – Jan 20,733
,,,Jan 21 – Jan 27,736
,,,Jan 28 – Feb 3,772
,,,Feb 4 – Feb 10,729
,,,Feb 11 – Feb 17,719
,,,Feb 18 – Feb 24,721
,,,Feb 25 – Mar 2,779
,,,Mar 3 – Mar 9,728
,,,Mar 10 – Mar 16,600
,,,Mar 17 – Mar 23,622
,,,Mar 24 – Mar 30,667
,,,Mar 31 – Apr 6,648
,,,Apr 7 – Apr 13,717
,,,Apr 14 – Apr 20,791
,,,Apr 21 – Apr 27,708
,,,Apr 28 – May 4,798
,,,May 5 – May 11,784
,,,May 12 – May 18,794
,,,May 19 – May 25,675
,,,May 26 – Jun 1,629
,,,Jun 2 – Jun 8,537
,,,Jun 9 – Jun 15,515
,,,Jun 16 – Jun 22,527
,,,Jun 23 – Jun 29,485
,,,Jun 30 – Jul 6,482
,,,Jul 7 – Jul 13,495
,,,Jul 14 – Jul 20,517
,,,Jul 21 – Jul 27,475
,,,Jul 28 – Aug 3,517
,,,Aug 4 – Aug 10,554
,,,Aug 11 – Aug 17,665
,,,Aug 18 – Aug 24,707
,,,Aug 25 – Aug 31,704
,,,Sep 1 – Sep 7,688
,,,Sep 8 – Sep 14,735
,,,Sep 15 – Sep 21,686
,,,Sep 22 – Sep 28,736
,,,Sep 29 – Oct 5,615
,,,Oct 6 – Oct 12,606
,,,Oct 13 – Oct 19,614
,,,Oct 20 – Oct 26,695
,,,Oct 27 – Nov 2,705
,,,Nov 3 – Nov 9,718
,,,Nov 10 – Nov 16,724
,,,Nov 17 – Nov 23,755
,,,Nov 24 – Nov 30,717
,,,Dec 1 – Dec 7,766
,,,Dec 8 – Dec 14,836
,,,Dec 15 – Dec 21,876
,,,Dec 22 – Dec 28,876
,≥ 18 and < 50 Years,2023 – 2024,Dec 31 – Jan 6,3046
,,2024,Jan 7 – Jan 13,2779
,,,Jan 14 – Jan 20,2890
,,,Jan 21 – Jan 27,2859
,,,Jan 28 – Feb 3,2894
,,,Feb 4 – Feb 10,2812
,,,Feb 11 – Feb 17,2792
,,,Feb 18 – Feb 24,2895
,,,Feb 25 – Mar 2,2850
,,,Mar 3 – Mar 9,2822
,,,Mar 10 – Mar 16,2797
,,,Mar 17 – Mar 23,2938
,,,Mar 24 – Mar 30,2883
,,,Mar 31 – Apr 6,2818
,,,Apr 7 – Apr 13,2914
,,,Apr 14 – Apr 20,2909
,,,Apr 21 – Apr 27,2990
,,,Apr 28 – May 4,3025
,,,May 5 – May 11,2988
,,,May 12 – May 18,2874
,,,May 19 – May 25,2930
,,,May 26 – Jun 1,2964
,,,Jun 2 – Jun 8,2997
,,,Jun 9 – Jun 15,2832
,,,Jun 16 – Jun 22,2859
,,,Jun 23 – Jun 29,2909
,,,Jun 30 – Jul 6,2952
,,,Jul 7 – Jul 13,3026
,,,Jul 14 – Jul 20,3042
,,,Jul 21 – Jul 27,2973
,,,Jul 28 – Aug 3,3001
,,,Aug 4 – Aug 10,2886
,,,Aug 11 – Aug 17,2946
,,,Aug 18 – Aug 24,3032
,,,Aug 25 – Aug 31,2953
,,,Sep 1 – Sep 7,3049
,,,Sep 8 – Sep 14,3078
,,,Sep 15 – Sep 21,2909
,,,Sep 22 – Sep 28,2954
,,,Sep 29 – Oct 5,3005
,,,Oct 6 – Oct 12,3030
,,,Oct 13 – Oct 19,2938
,,,Oct 20 – Oct 26,2998
,,,Oct 27 – Nov 2,2896
,,,Nov 3 – Nov 9,2889
,,,Nov 10 – Nov 16,2895
,,,Nov 17 – Nov 23,2996
,,,Nov 24 – Nov 30,3053
,,,Dec 1 – Dec 7,3225
,,,Dec 8 – Dec 14,3221
,,,Dec 15 – Dec 21,3439
,,,Dec 22 – Dec 28,3490
,≥ 50 and < 65 Years,2023 – 2024,Dec 31 – Jan 6,1461
,,2024,Jan 7 – Jan 13,1401
,,,Jan 14 – Jan 20,1390
,,,Jan 21 – Jan 27,1300
,,,Jan 28 – Feb 3,1354
,,,Feb 4 – Feb 10,1411
,,,Feb 11 – Feb 17,1370
,,,Feb 18 – Feb 24,1407
,,,Feb 25 – Mar 2,1368
,,,Mar 3 – Mar 9,1322
,,,Mar 10 – Mar 16,1354
,,,Mar 17 – Mar 23,1434
,,,Mar 24 – Mar 30,1399
,,,Mar 31 – Apr 6,1376
,,,Apr 7 – Apr 13,1440
,,,Apr 14 – Apr 20,1485
,,,Apr 21 – Apr 27,1443
,,,Apr 28 – May 4,1441
,,,May 5 – May 11,1418
,,,May 12 – May 18,1437
,,,May 19 – May 25,1481
,,,May 26 – Jun 1,1449
,,,Jun 2 – Jun 8,1489
,,,Jun 9 – Jun 15,1415
,,,Jun 16 – Jun 22,1458
,,,Jun 23 – Jun 29,1474
,,,Jun 30 – Jul 6,1447
,,,Jul 7 – Jul 13,1505
,,,Jul 14 – Jul 20,1417
,,,Jul 21 – Jul 27,1363
,,,Jul 28 – Aug 3,1428
,,,Aug 4 – Aug 10,1371
,,,Aug 11 – Aug 17,1473
,,,Aug 18 – Aug 24,1483
,,,Aug 25 – Aug 31,1474
,,,Sep 1 – Sep 7,1462
,,,Sep 8 – Sep 14,1370
,,,Sep 15 – Sep 21,1430
,,,Sep 22 – Sep 28,1454
,,,Sep 29 – Oct 5,1391
,,,Oct 6 – Oct 12,1423
,,,Oct 13 – Oct 19,1343
,,,Oct 20 – Oct 26,1421
,,,Oct 27 – Nov 2,1391
,,,Nov 3 – Nov 9,1410
,,,Nov 10 – Nov 16,1453
,,,Nov 17 – Nov 23,1424
,,,Nov 24 – Nov 30,1461
,,,Dec 1 – Dec 7,1548
,,,Dec 8 – Dec 14,1466
,,,Dec 15 – Dec 21,1675
,,,Dec 22 – Dec 28,1639
,65 Years or more,2023 – 2024,Dec 31 – Jan 6,2419
,,2024,Jan 7 – Jan 13,2329
,,,Jan 14 – Jan 20,2243
,,,Jan 21 – Jan 27,2253
,,,Jan 28 – Feb 3,2184
,,,Feb 4 – Feb 10,2129
,,,Feb 11 – Feb 17,2250
,,,Feb 18 – Feb 24,2246
,,,Feb 25 – Mar 2,2272
,,,Mar 3 – Mar 9,2213
,,,Mar 10 – Mar 16,2268
,,,Mar 17 – Mar 23,2336
,,,Mar 24 – Mar 30,2344
,,,Mar 31 – Apr 6,2288
,,,Apr 7 – Apr 13,2365
,,,Apr 14 – Apr 20,2342
,,,Apr 21 – Apr 27,2364
,,,Apr 28 – May 4,2367
,,,May 5 – May 11,2313
,,,May 12 – May 18,2341
,,,May 19 – May 25,2331
,,,May 26 – Jun 1,2481
,,,Jun 2 – Jun 8,2423
,,,Jun 9 – Jun 15,2484
,,,Jun 16 – Jun 22,2454
,,,Jun 23 – Jun 29,2421
,,,Jun 30 – Jul 6,2380
,,,Jul 7 – Jul 13,2415
,,,Jul 14 – Jul 20,2381
,,,Jul 21 – Jul 27,2406
,,,Jul 28 – Aug 3,2325
,,,Aug 4 – Aug 10,2405
,,,Aug 11 – Aug 17,2358
,,,Aug 18 – Aug 24,2223
,,,Aug 25 – Aug 31,2435
,,,Sep 1 – Sep 7,2408
,,,Sep 8 – Sep 14,2387
,,,Sep 15 – Sep 21,2365
,,,Sep 22 – Sep 28,2297
,,,Sep 29 – Oct 5,2371
,,,Oct 6 – Oct 12,2408
,,,Oct 13 – Oct 19,2303
,,,Oct 20 – Oct 26,2391
,,,Oct 27 – Nov 2,2313
,,,Nov 3 – Nov 9,2406
,,,Nov 10 – Nov 16,2521
,,,Nov 17 – Nov 23,2468
,,,Nov 24 – Nov 30,2534
,,,Dec 1 – Dec 7,2623
,,,Dec 8 – Dec 14,2493
,,,Dec 15 – Dec 21,2954
,,,Dec 22 – Dec 28,3161
,No value,2023 – 2024,Dec 31 – Jan 6,10 or fewer
,,2024,Jan 7 – Jan 13,10 or fewer
,,,Jan 14 – Jan 20,10 or fewer
,,,Jan 21 – Jan 27,10 or fewer
,,,Jan 28 – Feb 3,10 or fewer
,,,Feb 4 – Feb 10,10 or fewer
,,,Feb 11 – Feb 17,10 or fewer
,,,Feb 18 – Feb 24,10 or fewer
,,,Feb 25 – Mar 2,10 or fewer
,,,Mar 3 – Mar 9,10 or fewer
,,,Mar 10 – Mar 16,10 or fewer
,,,Mar 17 – Mar 23,10 or fewer
,,,Mar 24 – Mar 30,10 or fewer
,,,Mar 31 – Apr 6,10 or fewer
,,,Apr 7 – Apr 13,10 or fewer
,,,Apr 14 – Apr 20,10 or fewer
,,,Apr 21 – Apr 27,10 or fewer
,,,Apr 28 – May 4,10 or fewer
,,,May 5 – May 11,10 or fewer
,,,May 12 – May 18,10 or fewer
,,,May 19 – May 25,10 or fewer
,,,May 26 – Jun 1,10 or fewer
,,,Jun 2 – Jun 8,10 or fewer
,,,Jun 9 – Jun 15,10 or fewer
,,,Jun 16 – Jun 22,10 or fewer
,,,Jun 23 – Jun 29,10 or fewer
,,,Jun 30 – Jul 6,10 or fewer
,,,Jul 7 – Jul 13,10 or fewer
,,,Jul 14 – Jul 20,10 or fewer
,,,Jul 21 – Jul 27,10 or fewer
,,,Jul 28 – Aug 3,10 or fewer
,,,Aug 4 – Aug 10,10 or fewer
,,,Aug 11 – Aug 17,10 or fewer
,,,Aug 18 – Aug 24,10 or fewer
,,,Aug 25 – Aug 31,10 or fewer
,,,Sep 1 – Sep 7,10 or fewer
,,,Sep 8 – Sep 14,10 or fewer
,,,Sep 15 – Sep 21,10 or fewer
,,,Sep 22 – Sep 28,10 or fewer
,,,Sep 29 – Oct 5,10 or fewer
,,,Oct 6 – Oct 12,10 or fewer
,,,Oct 13 – Oct 19,10 or fewer
,,,Oct 20 – Oct 26,10 or fewer
,,,Oct 27 – Nov 2,10 or fewer
,,,Nov 3 – Nov 9,10 or fewer
,,,Nov 10 – Nov 16,10 or fewer
,,,Nov 17 – Nov 23,10 or fewer
,,,Nov 24 – Nov 30,10 or fewer
,,,Dec 1 – Dec 7,10 or fewer
,,,Dec 8 – Dec 14,10 or fewer
,,,Dec 15 – Dec 21,10 or fewer
,,,Dec 22 – Dec 28,10 or fewer
,Total,2023 – 2024,Dec 31 – Jan 6,8098
,,2024,Jan 7 – Jan 13,7556
,,,Jan 14 – Jan 20,7746
,,,Jan 21 – Jan 27,7645
,,,Jan 28 – Feb 3,7703
,,,Feb 4 – Feb 10,7568
,,,Feb 11 – Feb 17,7610
,,,Feb 18 – Feb 24,7785
,,,Feb 25 – Mar 2,7776
,,,Mar 3 – Mar 9,7537
,,,Mar 10 – Mar 16,7481
,,,Mar 17 – Mar 23,7797
,,,Mar 24 – Mar 30,7720
,,,Mar 31 – Apr 6,7573
,,,Apr 7 – Apr 13,7933
,,,Apr 14 – Apr 20,8025
,,,Apr 21 – Apr 27,8003
,,,Apr 28 – May 4,8140
,,,May 5 – May 11,7983
,,,May 12 – May 18,7973
,,,May 19 – May 25,7927
,,,May 26 – Jun 1,8052
,,,Jun 2 – Jun 8,7891
,,,Jun 9 – Jun 15,7652
,,,Jun 16 – Jun 22,7748
,,,Jun 23 – Jun 29,7685
,,,Jun 30 – Jul 6,7665
,,,Jul 7 – Jul 13,7838
,,,Jul 14 – Jul 20,7723
,,,Jul 21 – Jul 27,7587
,,,Jul 28 – Aug 3,7606
,,,Aug 4 – Aug 10,7540
,,,Aug 11 – Aug 17,7809
,,,Aug 18 – Aug 24,7848
,,,Aug 25 – Aug 31,7953
,,,Sep 1 – Sep 7,7976
,,,Sep 8 – Sep 14,7904
,,,Sep 15 – Sep 21,7732
,,,Sep 22 – Sep 28,7760
,,,Sep 29 – Oct 5,7730
,,,Oct 6 – Oct 12,7858
,,,Oct 13 – Oct 19,7584
,,,Oct 20 – Oct 26,7887
,,,Oct 27 – Nov 2,7740
,,,Nov 3 – Nov 9,7836
,,,Nov 10 – Nov 16,7991
,,,Nov 17 – Nov 23,8096
,,,Nov 24 – Nov 30,8290
,,,Dec 1 – Dec 7,8687
,,,Dec 8 – Dec 14,8560
,,,Dec 15 – Dec 21,9521
,,,Dec 22 – Dec 28,9978
Idaho,Less than 1 Years,2023 – 2024,Dec 31 – Jan 6,261
,,2024,Jan 7 – Jan 13,158
,,,Jan 14 – Jan 20,145
,,,Jan 21 – Jan 27,161
,,,Jan 28 – Feb 3,163
,,,Feb 4 – Feb 10,139
,,,Feb 11 – Feb 17,154
,,,Feb 18 – Feb 24,183
,,,Feb 25 – Mar 2,142
,,,Mar 3 – Mar 9,153
,,,Mar 10 – Mar 16,149
,,,Mar 17 – Mar 23,137
,,,Mar 24 – Mar 30,151
,,,Mar 31 – Apr 6,129
,,,Apr 7 – Apr 13,146
,,,Apr 14 – Apr 20,133
,,,Apr 21 – Apr 27,151
,,,Apr 28 – May 4,137
,,,May 5 – May 11,140
,,,May 12 – May 18,124
,,,May 19 – May 25,122
,,,May 26 – Jun 1,118
,,,Jun 2 – Jun 8,130
,,,Jun 9 – Jun 15,122
,,,Jun 16 – Jun 22,137
,,,Jun 23 – Jun 29,125
,,,Jun 30 – Jul 6,119
,,,Jul 7 – Jul 13,140
,,,Jul 14 – Jul 20,114
,,,Jul 21 – Jul 27,112
,,,Jul 28 – Aug 3,118
,,,Aug 4 – Aug 10,139
,,,Aug 11 – Aug 17,111
,,,Aug 18 – Aug 24,123
,,,Aug 25 – Aug 31,132
,,,Sep 1 – Sep 7,147
,,,Sep 8 – Sep 14,126
,,,Sep 15 – Sep 21,129
,,,Sep 22 – Sep 28,108
,,,Sep 29 – Oct 5,97
,,,Oct 6 – Oct 12,132
,,,Oct 13 – Oct 19,120
,,,Oct 20 – Oct 26,117
,,,Oct 27 – Nov 2,142
,,,Nov 3 – Nov 9,136
,,,Nov 10 – Nov 16,139
,,,Nov 17 – Nov 23,152
,,,Nov 24 – Nov 30,170
,,,Dec 1 – Dec 7,157
,,,Dec 8 – Dec 14,173
,,,Dec 15 – Dec 21,178
,,,Dec 22 – Dec 28,214
,≥ 1 and < 5 Years,2023 – 2024,Dec 31 – Jan 6,379
,,2024,Jan 7 – Jan 13,326
,,,Jan 14 – Jan 20,290
,,,Jan 21 – Jan 27,322
,,,Jan 28 – Feb 3,273
,,,Feb 4 – Feb 10,330
,,,Feb 11 – Feb 17,312
,,,Feb 18 – Feb 24,326
,,,Feb 25 – Mar 2,297
,,,Mar 3 – Mar 9,323
,,,Mar 10 – Mar 16,303
,,,Mar 17 – Mar 23,334
,,,Mar 24 – Mar 30,326
,,,Mar 31 – Apr 6,314
,,,Apr 7 – Apr 13,276
,,,Apr 14 – Apr 20,352
,,,Apr 21 – Apr 27,327
,,,Apr 28 – May 4,308
,,,May 5 – May 11,308
,,,May 12 – May 18,328
,,,May 19 – May 25,321
,,,May 26 – Jun 1,342
,,,Jun 2 – Jun 8,301
,,,Jun 9 – Jun 15,260
,,,Jun 16 – Jun 22,250
,,,Jun 23 – Jun 29,286
,,,Jun 30 – Jul 6,281
,,,Jul 7 – Jul 13,249
,,,Jul 14 – Jul 20,235
,,,Jul 21 – Jul 27,257
,,,Jul 28 – Aug 3,234
,,,Aug 4 – Aug 10,259
,,,Aug 11 – Aug 17,255
,,,Aug 18 – Aug 24,251
,,,Aug 25 – Aug 31,235
,,,Sep 1 – Sep 7,242
,,,Sep 8 – Sep 14,244
,,,Sep 15 – Sep 21,273
,,,Sep 22 – Sep 28,251
,,,Sep 29 – Oct 5,240
,,,Oct 6 – Oct 12,267
,,,Oct 13 – Oct 19,255
,,,Oct 20 – Oct 26,263
,,,Oct 27 – Nov 2,292
,,,Nov 3 – Nov 9,302
,,,Nov 10 – Nov 16,303
,,,Nov 17 – Nov 23,336
,,,Nov 24 – Nov 30,366
,,,Dec 1 – Dec 7,324
,,,Dec 8 – Dec 14,370
,,,Dec 15 – Dec 21,411
,,,Dec 22 – Dec 28,482
,≥ 5 and < 18 Years,2023 – 2024,Dec 31 – Jan 6,608
,,2024,Jan 7 – Jan 13,575
,,,Jan 14 – Jan 20,473
,,,Jan 21 – Jan 27,648
,,,Jan 28 – Feb 3,683
,,,Feb 4 – Feb 10,717
,,,Feb 11 – Feb 17,708
,,,Feb 18 – Feb 24,772
,,,Feb 25 – Mar 2,678
,,,Mar 3 – Mar 9,748
,,,Mar 10 – Mar 16,740
,,,Mar 17 – Mar 23,651
,,,Mar 24 – Mar 30,597
,,,Mar 31 – Apr 6,697
,,,Apr 7 – Apr 13,737
,,,Apr 14 – Apr 20,732
,,,Apr 21 – Apr 27,727
,,,Apr 28 – May 4,735
,,,May 5 – May 11,703
,,,May 12 – May 18,730
,,,May 19 – May 25,682
,,,May 26 – Jun 1,693
,,,Jun 2 – Jun 8,641
,,,Jun 9 – Jun 15,603
,,,Jun 16 – Jun 22,562
,,,Jun 23 – Jun 29,604
,,,Jun 30 – Jul 6,645
,,,Jul 7 – Jul 13,623
,,,Jul 14 – Jul 20,533
,,,Jul 21 – Jul 27,550
,,,Jul 28 – Aug 3,544
,,,Aug 4 – Aug 10,601
,,,Aug 11 – Aug 17,616
,,,Aug 18 – Aug 24,655
,,,Aug 25 – Aug 31,724
,,,Sep 1 – Sep 7,732
,,,Sep 8 – Sep 14,721
,,,Sep 15 – Sep 21,707
,,,Sep 22 – Sep 28,726
,,,Sep 29 – Oct 5,719
,,,Oct 6 – Oct 12,750
,,,Oct 13 – Oct 19,664
,,,Oct 20 – Oct 26,680
,,,Oct 27 – Nov 2,662
,,,Nov 3 – Nov 9,707
,,,Nov 10 – Nov 16,726
,,,Nov 17 – Nov 23,746
,,,Nov 24 – Nov 30,606
,,,Dec 1 – Dec 7,641
,,,Dec 8 – Dec 14,766
,,,Dec 15 – Dec 21,793
,,,Dec 22 – Dec 28,765
,≥ 18 and < 50 Years,2023 – 2024,Dec 31 – Jan 6,2676
,,2024,Jan 7 – Jan 13,2459
,,,Jan 14 – Jan 20,2358
,,,Jan 21 – Jan 27,2526
,,,Jan 28 – Feb 3,2626
,,,Feb 4 – Feb 10,2550
,,,Feb 11 – Feb 17,2690
,,,Feb 18 – Feb 24,2624
,,,Feb 25 – Mar 2,2680
,,,Mar 3 – Mar 9,2645
,,,Mar 10 – Mar 16,2650
,,,Mar 17 – Mar 23,2514
,,,Mar 24 – Mar 30,2610
,,,Mar 31 – Apr 6,2641
,,,Apr 7 – Apr 13,2744
,,,Apr 14 – Apr 20,2603
,,,Apr 21 – Apr 27,2599
,,,Apr 28 – May 4,2646
,,,May 5 – May 11,2689
,,,May 12 – May 18,2776
,,,May 19 – May 25,2664
,,,May 26 – Jun 1,2673
,,,Jun 2 – Jun 8,2620
,,,Jun 9 – Jun 15,2763
,,,Jun 16 – Jun 22,2676
,,,Jun 23 – Jun 29,2898
,,,Jun 30 – Jul 6,2863
,,,Jul 7 – Jul 13,3027
,,,Jul 14 – Jul 20,2973
,,,Jul 21 – Jul 27,2768
,,,Jul 28 – Aug 3,2980
,,,Aug 4 – Aug 10,2806
,,,Aug 11 – Aug 17,2837
,,,Aug 18 – Aug 24,2904
,,,Aug 25 – Aug 31,2899
,,,Sep 1 – Sep 7,3069
,,,Sep 8 – Sep 14,2881
,,,Sep 15 – Sep 21,2864
,,,Sep 22 – Sep 28,2984
,,,Sep 29 – Oct 5,2768
,,,Oct 6 – Oct 12,2794
,,,Oct 13 – Oct 19,2713
,,,Oct 20 – Oct 26,2639
,,,Oct 27 – Nov 2,2784
,,,Nov 3 – Nov 9,2851
,,,Nov 10 – Nov 16,2796
,,,Nov 17 – Nov 23,2865
,,,Nov 24 – Nov 30,2721
,,,Dec 1 – Dec 7,2869
,,,Dec 8 – Dec 14,2928
,,,Dec 15 – Dec 21,2909
,,,Dec 22 – Dec 28,3003
,≥ 50 and < 65 Years,2023 – 2024,Dec 31 – Jan 6,1212
,,2024,Jan 7 – Jan 13,1128
,,,Jan 14 – Jan 20,1035
,,,Jan 21 – Jan 27,1133
,,,Jan 28 – Feb 3,1065
,,,Feb 4 – Feb 10,1059
,,,Feb 11 – Feb 17,1045
,,,Feb 18 – Feb 24,1136
,,,Feb 25 – Mar 2,1170
,,,Mar 3 – Mar 9,1021
,,,Mar 10 – Mar 16,1163
,,,Mar 17 – Mar 23,1106
,,,Mar 24 – Mar 30,1104
,,,Mar 31 – Apr 6,1077
,,,Apr 7 – Apr 13,1162
,,,Apr 14 – Apr 20,1070
,,,Apr 21 – Apr 27,1059
,,,Apr 28 – May 4,1096
,,,May 5 – May 11,1185
,,,May 12 – May 18,1179
,,,May 19 – May 25,1112
,,,May 26 – Jun 1,1212
,,,Jun 2 – Jun 8,1165
,,,Jun 9 – Jun 15,1175
,,,Jun 16 – Jun 22,1123
,,,Jun 23 – Jun 29,1205
,,,Jun 30 – Jul 6,1211
,,,Jul 7 – Jul 13,1231
,,,Jul 14 – Jul 20,1215
,,,Jul 21 – Jul 27,1167
,,,Jul 28 – Aug 3,1128
,,,Aug 4 – Aug 10,1173
,,,Aug 11 – Aug 17,1197
,,,Aug 18 – Aug 24,1201
,,,Aug 25 – Aug 31,1116
,,,Sep 1 – Sep 7,1183
,,,Sep 8 – Sep 14,1175
,,,Sep 15 – Sep 21,1176
,,,Sep 22 – Sep 28,1141
,,,Sep 29 – Oct 5,1098
,,,Oct 6 – Oct 12,1155
,,,Oct 13 – Oct 19,1080
,,,Oct 20 – Oct 26,1132
,,,Oct 27 – Nov 2,1097
,,,Nov 3 – Nov 9,1122
,,,Nov 10 – Nov 16,1149
,,,Nov 17 – Nov 23,1111
,,,Nov 24 – Nov 30,1075
,,,Dec 1 – Dec 7,1194
,,,Dec 8 – Dec 14,1125
,,,Dec 15 – Dec 21,1221
,,,Dec 22 – Dec 28,1348
,65 Years or more,2023 – 2024,Dec 31 – Jan 6,2102
,,2024,Jan 7 – Jan 13,1913
,,,Jan 14 – Jan 20,1622
,,,Jan 21 – Jan 27,1784
,,,Jan 28 – Feb 3,1764
,,,Feb 4 – Feb 10,1879
,,,Feb 11 – Feb 17,1782
,,,Feb 18 – Feb 24,1921
,,,Feb 25 – Mar 2,1757
,,,Mar 3 – Mar 9,1751
,,,Mar 10 – Mar 16,1853
,,,Mar 17 – Mar 23,1829
,,,Mar 24 – Mar 30,1876
,,,Mar 31 – Apr 6,1781
,,,Apr 7 – Apr 13,1852
,,,Apr 14 – Apr 20,1798
,,,Apr 21 – Apr 27,1905
,,,Apr 28 – May 4,1843
,,,May 5 – May 11,1884
,,,May 12 – May 18,1927
,,,May 19 – May 25,1888
,,,May 26 – Jun 1,1965
,,,Jun 2 – Jun 8,2007
,,,Jun 9 – Jun 15,2036
,,,Jun 16 – Jun 22,1961
,,,Jun 23 – Jun 29,2084
,,,Jun 30 – Jul 6,2008
,,,Jul 7 – Jul 13,2075
,,,Jul 14 – Jul 20,1945
,,,Jul 21 – Jul 27,1953
,,,Jul 28 – Aug 3,2001
,,,Aug 4 – Aug 10,2045
,,,Aug 11 – Aug 17,2003
,,,Aug 18 – Aug 24,1887
,,,Aug 25 – Aug 31,1931
,,,Sep 1 – Sep 7,2046
,,,Sep 8 – Sep 14,1994
,,,Sep 15 – Sep 21,1995
,,,Sep 22 – Sep 28,2002
,,,Sep 29 – Oct 5,1973
,,,Oct 6 – Oct 12,1943
,,,Oct 13 – Oct 19,1915
,,,Oct 20 – Oct 26,1870
,,,Oct 27 – Nov 2,1880
,,,Nov 3 – Nov 9,1954
,,,Nov 10 – Nov 16,1867
,,,Nov 17 – Nov 23,1888
,,,Nov 24 – Nov 30,1848
,,,Dec 1 – Dec 7,1954
,,,Dec 8 – Dec 14,2014
,,,Dec 15 – Dec 21,2069
,,,Dec 22 – Dec 28,2238
,No value,2023 – 2024,Dec 31 – Jan 6,10 or fewer
,,2024,Jan 7 – Jan 13,10 or fewer
,,,Jan 14 – Jan 20,10 or fewer
,,,Jan 21 – Jan 27,10 or fewer
,,,Jan 28 – Feb 3,10 or fewer
,,,Feb 4 – Feb 10,10 or fewer
,,,Feb 11 – Feb 17,10 or fewer
,,,Feb 18 – Feb 24,10 or fewer
,,,Feb 25 – Mar 2,10 or fewer
,,,Mar 3 – Mar 9,10 or fewer
,,,Mar 10 – Mar 16,10 or fewer
,,,Mar 17 – Mar 23,10 or fewer
,,,Mar 24 – Mar 30,10 or fewer
,,,Mar 31 – Apr 6,10 or fewer
,,,Apr 7 – Apr 13,10 or fewer
,,,Apr 14 – Apr 20,10 or fewer
,,,Apr 21 – Apr 27,10 or fewer
,,,Apr 28 – May 4,10 or fewer
,,,May 5 – May 11,10 or fewer
,,,May 12 – May 18,10 or fewer
,,,May 19 – May 25,10 or fewer
,,,May 26 – Jun 1,10 or fewer
,,,Jun 2 – Jun 8,10 or fewer
,,,Jun 9 – Jun 15,10 or fewer
,,,Jun 16 – Jun 22,10 or fewer
,,,Jun 23 – Jun 29,10 or fewer
,,,Jun 30 – Jul 6,10 or fewer
,,,Jul 7 – Jul 13,10 or fewer
,,,Jul 14 – Jul 20,10 or fewer
,,,Jul 21 – Jul 27,10 or fewer
,,,Jul 28 – Aug 3,10 or fewer
,,,Aug 4 – Aug 10,10 or fewer
,,,Aug 11 – Aug 17,10 or fewer
,,,Aug 18 – Aug 24,10 or fewer
,,,Aug 25 – Aug 31,10 or fewer
,,,Sep 1 – Sep 7,10 or fewer
,,,Sep 8 – Sep 14,10 or fewer
,,,Sep 15 – Sep 21,10 or fewer
,,,Sep 22 – Sep 28,10 or fewer
,,,Sep 29 – Oct 5,10 or fewer
,,,Oct 6 – Oct 12,10 or fewer
,,,Oct 13 – Oct 19,10 or fewer
,,,Oct 20 – Oct 26,10 or fewer
,,,Oct 27 – Nov 2,10 or fewer
,,,Nov 3 – Nov 9,10 or fewer
,,,Nov 10 – Nov 16,10 or fewer
,,,Nov 17 – Nov 23,10 or fewer
,,,Nov 24 – Nov 30,10 or fewer
,,,Dec 1 – Dec 7,10 or fewer
,,,Dec 8 – Dec 14,10 or fewer
,,,Dec 15 – Dec 21,10 or fewer
,,,Dec 22 – Dec 28,10 or fewer
,Total,2023 – 2024,Dec 31 – Jan 6,7238
,,2024,Jan 7 – Jan 13,6559
,,,Jan 14 – Jan 20,5923
,,,Jan 21 – Jan 27,6574
,,,Jan 28 – Feb 3,6574
,,,Feb 4 – Feb 10,6674
,,,Feb 11 – Feb 17,6691
,,,Feb 18 – Feb 24,6962
,,,Feb 25 – Mar 2,6724
,,,Mar 3 – Mar 9,6641
,,,Mar 10 – Mar 16,6858
,,,Mar 17 – Mar 23,6571
,,,Mar 24 – Mar 30,6664
,,,Mar 31 – Apr 6,6639
,,,Apr 7 – Apr 13,6917
,,,Apr 14 – Apr 20,6688
,,,Apr 21 – Apr 27,6768
,,,Apr 28 – May 4,6765
,,,May 5 – May 11,6909
,,,May 12 – May 18,7064
,,,May 19 – May 25,6789
,,,May 26 – Jun 1,7003
,,,Jun 2 – Jun 8,6864
,,,Jun 9 – Jun 15,6959
,,,Jun 16 – Jun 22,6709
,,,Jun 23 – Jun 29,7202
,,,Jun 30 – Jul 6,7127
,,,Jul 7 – Jul 13,7345
,,,Jul 14 – Jul 20,7015
,,,Jul 21 – Jul 27,6807
,,,Jul 28 – Aug 3,7005
,,,Aug 4 – Aug 10,7023
,,,Aug 11 – Aug 17,7019
,,,Aug 18 – Aug 24,7021
,,,Aug 25 – Aug 31,7037
,,,Sep 1 – Sep 7,7419
,,,Sep 8 – Sep 14,7141
,,,Sep 15 – Sep 21,7144
,,,Sep 22 – Sep 28,7212
,,,Sep 29 – Oct 5,6895
,,,Oct 6 – Oct 12,7041
,,,Oct 13 – Oct 19,6747
,,,Oct 20 – Oct 26,6701
,,,Oct 27 – Nov 2,6857
,,,Nov 3 – Nov 9,7072
,,,Nov 10 – Nov 16,6980
,,,Nov 17 – Nov 23,7098
,,,Nov 24 – Nov 30,6786
,,,Dec 1 – Dec 7,7139
,,,Dec 8 – Dec 14,7376
,,,Dec 15 – Dec 21,7581
,,,Dec 22 – Dec 28,8050
Missouri,Less than 1 Years,2023 – 2024,Dec 31 – Jan 6,94
,,2024,Jan 7 – Jan 13,90
,,,Jan 14 – Jan 20,73
,,,Jan 21 – Jan 27,50
,,,Jan 28 – Feb 3,69
,,,Feb 4 – Feb 10,61
,,,Feb 11 – Feb 17,69
,,,Feb 18 – Feb 24,63
,,,Feb 25 – Mar 2,86
,,,Mar 3 – Mar 9,70
,,,Mar 10 – Mar 16,67
,,,Mar 17 – Mar 23,57
,,,Mar 24 – Mar 30,57
,,,Mar 31 – Apr 6,65
,,,Apr 7 – Apr 13,73
,,,Apr 14 – Apr 20,54
,,,Apr 21 – Apr 27,67
,,,Apr 28 – May 4,62
,,,May 5 – May 11,54
,,,May 12 – May 18,54
,,,May 19 – May 25,53
,,,May 26 – Jun 1,53
,,,Jun 2 – Jun 8,38
,,,Jun 9 – Jun 15,47
,,,Jun 16 – Jun 22,45
,,,Jun 23 – Jun 29,56
,,,Jun 30 – Jul 6,52
,,,Jul 7 – Jul 13,55
,,,Jul 14 – Jul 20,67
,,,Jul 21 – Jul 27,50
,,,Jul 28 – Aug 3,42
,,,Aug 4 – Aug 10,52
,,,Aug 11 – Aug 17,54
,,,Aug 18 – Aug 24,61
,,,Aug 25 – Aug 31,60
,,,Sep 1 – Sep 7,63
,,,Sep 8 – Sep 14,61
,,,Sep 15 – Sep 21,42
,,,Sep 22 – Sep 28,57
,,,Sep 29 – Oct 5,67
,,,Oct 6 – Oct 12,66
,,,Oct 13 – Oct 19,58
,,,Oct 20 – Oct 26,62
,,,Oct 27 – Nov 2,59
,,,Nov 3 – Nov 9,61
,,,Nov 10 – Nov 16,52
,,,Nov 17 – Nov 23,68
,,,Nov 24 – Nov 30,76
,,,Dec 1 – Dec 7,67
,,,Dec 8 – Dec 14,67
,,,Dec 15 – Dec 21,104
,,,Dec 22 – Dec 28,121
,≥ 1 and < 5 Years,2023 – 2024,Dec 31 – Jan 6,182
,,2024,Jan 7 – Jan 13,141
,,,Jan 14 – Jan 20,144
,,,Jan 21 – Jan 27,138
,,,Jan 28 – Feb 3,141
,,,Feb 4 – Feb 10,165
,,,Feb 11 – Feb 17,170
,,,Feb 18 – Feb 24,182
,,,Feb 25 – Mar 2,150
,,,Mar 3 – Mar 9,163
,,,Mar 10 – Mar 16,186
,,,Mar 17 – Mar 23,159
,,,Mar 24 – Mar 30,178
,,,Mar 31 – Apr 6,143
,,,Apr 7 – Apr 13,141
,,,Apr 14 – Apr 20,135
,,,Apr 21 – Apr 27,157
,,,Apr 28 – May 4,144
,,,May 5 – May 11,141
,,,May 12 – May 18,156
,,,May 19 – May 25,164
,,,May 26 – Jun 1,166
,,,Jun 2 – Jun 8,139
,,,Jun 9 – Jun 15,133
,,,Jun 16 – Jun 22,139
,,,Jun 23 – Jun 29,123
,,,Jun 30 – Jul 6,139
,,,Jul 7 – Jul 13,109
,,,Jul 14 – Jul 20,125
,,,Jul 21 – Jul 27,129
,,,Jul 28 – Aug 3,129
,,,Aug 4 – Aug 10,130
,,,Aug 11 – Aug 17,118
,,,Aug 18 – Aug 24,126
,,,Aug 25 – Aug 31,110
,,,Sep 1 – Sep 7,134
,,,Sep 8 – Sep 14,152
,,,Sep 15 – Sep 21,141
,,,Sep 22 – Sep 28,121
,,,Sep 29 – Oct 5,134
,,,Oct 6 – Oct 12,142
,,,Oct 13 – Oct 19,158
,,,Oct 20 – Oct 26,140
,,,Oct 27 – Nov 2,147
,,,Nov 3 – Nov 9,151
,,,Nov 10 – Nov 16,145
,,,Nov 17 – Nov 23,145
,,,Nov 24 – Nov 30,181
,,,Dec 1 – Dec 7,160
,,,Dec 8 – Dec 14,169
,,,Dec 15 – Dec 21,213
,,,Dec 22 – Dec 28,274
,≥ 5 and < 18 Years,2023 – 2024,Dec 31 – Jan 6,258
,,2024,Jan 7 – Jan 13,248
,,,Jan 14 – Jan 20,249
,,,Jan 21 – Jan 27,322
,,,Jan 28 – Feb 3,356
,,,Feb 4 – Feb 10,425
,,,Feb 11 – Feb 17,373
,,,Feb 18 – Feb 24,400
,,,Feb 25 – Mar 2,419
,,,Mar 3 – Mar 9,429
,,,Mar 10 – Mar 16,406
,,,Mar 17 – Mar 23,398
,,,Mar 24 – Mar 30,373
,,,Mar 31 – Apr 6,337
,,,Apr 7 – Apr 13,432
,,,Apr 14 – Apr 20,405
,,,Apr 21 – Apr 27,383
,,,Apr 28 – May 4,368
,,,May 5 – May 11,373
,,,May 12 – May 18,377
,,,May 19 – May 25,352
,,,May 26 – Jun 1,395
,,,Jun 2 – Jun 8,341
,,,Jun 9 – Jun 15,342
,,,Jun 16 – Jun 22,314
,,,Jun 23 – Jun 29,332
,,,Jun 30 – Jul 6,335
,,,Jul 7 – Jul 13,327
,,,Jul 14 – Jul 20,350
,,,Jul 21 – Jul 27,296
,,,Jul 28 – Aug 3,300
,,,Aug 4 – Aug 10,310
,,,Aug 11 – Aug 17,299
,,,Aug 18 – Aug 24,318
,,,Aug 25 – Aug 31,393
,,,Sep 1 – Sep 7,396
,,,Sep 8 – Sep 14,407
,,,Sep 15 – Sep 21,381
,,,Sep 22 – Sep 28,362
,,,Sep 29 – Oct 5,417
,,,Oct 6 – Oct 12,423
,,,Oct 13 – Oct 19,398
,,,Oct 20 – Oct 26,389
,,,Oct 27 – Nov 2,364
,,,Nov 3 – Nov 9,384
,,,Nov 10 – Nov 16,420
,,,Nov 17 – Nov 23,369
,,,Nov 24 – Nov 30,354
,,,Dec 1 – Dec 7,347
,,,Dec 8 – Dec 14,417
,,,Dec 15 – Dec 21,381
,,,Dec 22 – Dec 28,409
,≥ 18 and < 50 Years,2023 – 2024,Dec 31 – Jan 6,2521
,,2024,Jan 7 – Jan 13,2179
,,,Jan 14 – Jan 20,2218
,,,Jan 21 – Jan 27,2444
,,,Jan 28 – Feb 3,2378
,,,Feb 4 – Feb 10,2508
,,,Feb 11 – Feb 17,2437
,,,Feb 18 – Feb 24,2544
,,,Feb 25 – Mar 2,2411
,,,Mar 3 – Mar 9,2531
,,,Mar 10 – Mar 16,2450
,,,Mar 17 – Mar 23,2521
,,,Mar 24 – Mar 30,2447
,,,Mar 31 – Apr 6,2553
,,,Apr 7 – Apr 13,2508
,,,Apr 14 – Apr 20,2511
,,,Apr 21 – Apr 27,2467
,,,Apr 28 – May 4,2577
,,,May 5 – May 11,2513
,,,May 12 – May 18,2487
,,,May 19 – May 25,2554
,,,May 26 – Jun 1,2552
,,,Jun 2 – Jun 8,2585
,,,Jun 9 – Jun 15,2573
,,,Jun 16 – Jun 22,2591
,,,Jun 23 – Jun 29,2607
,,,Jun 30 – Jul 6,2466
,,,Jul 7 – Jul 13,2582
,,,Jul 14 – Jul 20,2641
,,,Jul 21 – Jul 27,2599
,,,Jul 28 – Aug 3,2649
,,,Aug 4 – Aug 10,2566
,,,Aug 11 – Aug 17,2560
,,,Aug 18 – Aug 24,2555
,,,Aug 25 – Aug 31,2663
,,,Sep 1 – Sep 7,2633
,,,Sep 8 – Sep 14,2560
,,,Sep 15 – Sep 21,2648
,,,Sep 22 – Sep 28,2459
,,,Sep 29 – Oct 5,2592
,,,Oct 6 – Oct 12,2521
,,,Oct 13 – Oct 19,2445
,,,Oct 20 – Oct 26,2543
,,,Oct 27 – Nov 2,2525
,,,Nov 3 – Nov 9,2602
,,,Nov 10 – Nov 16,2629
,,,Nov 17 – Nov 23,2502
,,,Nov 24 – Nov 30,2306
,,,Dec 1 – Dec 7,2431
,,,Dec 8 – Dec 14,2579
,,,Dec 15 – Dec 21,2486
,,,Dec 22 – Dec 28,2716
,≥ 50 and < 65 Years,2023 – 2024,Dec 31 – Jan 6,1161
,,2024,Jan 7 – Jan 13,1035
,,,Jan 14 – Jan 20,1000
,,,Jan 21 – Jan 27,1181
,,,Jan 28 – Feb 3,1131
,,,Feb 4 – Feb 10,1147
,,,Feb 11 – Feb 17,1140
,,,Feb 18 – Feb 24,1143
,,,Feb 25 – Mar 2,1203
,,,Mar 3 – Mar 9,1258
,,,Mar 10 – Mar 16,1176
,,,Mar 17 – Mar 23,1139
,,,Mar 24 – Mar 30,1165
,,,Mar 31 – Apr 6,1212
,,,Apr 7 – Apr 13,1228
,,,Apr 14 – Apr 20,1150
,,,Apr 21 – Apr 27,1171
,,,Apr 28 – May 4,1167
,,,May 5 – May 11,1187
,,,May 12 – May 18,1185
,,,May 19 – May 25,1167
,,,May 26 – Jun 1,1286
,,,Jun 2 – Jun 8,1203
,,,Jun 9 – Jun 15,1120
,,,Jun 16 – Jun 22,1153
,,,Jun 23 – Jun 29,1225
,,,Jun 30 – Jul 6,1162
,,,Jul 7 – Jul 13,1205
,,,Jul 14 – Jul 20,1209
,,,Jul 21 – Jul 27,1178
,,,Jul 28 – Aug 3,1235
,,,Aug 4 – Aug 10,1160
,,,Aug 11 – Aug 17,1225
,,,Aug 18 – Aug 24,1127
,,,Aug 25 – Aug 31,1181
,,,Sep 1 – Sep 7,1137
,,,Sep 8 – Sep 14,1241
,,,Sep 15 – Sep 21,1177
,,,Sep 22 – Sep 28,1134
,,,Sep 29 – Oct 5,1109
,,,Oct 6 – Oct 12,1124
,,,Oct 13 – Oct 19,1121
,,,Oct 20 – Oct 26,1172
,,,Oct 27 – Nov 2,1115
,,,Nov 3 – Nov 9,1146
,,,Nov 10 – Nov 16,1112
,,,Nov 17 – Nov 23,1100
,,,Nov 24 – Nov 30,1014
,,,Dec 1 – Dec 7,1145
,,,Dec 8 – Dec 14,1184
,,,Dec 15 – Dec 21,1078
,,,Dec 22 – Dec 28,1237
,65 Years or more,2023 – 2024,Dec 31 – Jan 6,1851
,,2024,Jan 7 – Jan 13,1606
,,,Jan 14 – Jan 20,1519
,,,Jan 21 – Jan 27,1676
,,,Jan 28 – Feb 3,1739
,,,Feb 4 – Feb 10,1790
,,,Feb 11 – Feb 17,1684
,,,Feb 18 – Feb 24,1876
,,,Feb 25 – Mar 2,1736
,,,Mar 3 – Mar 9,1844
,,,Mar 10 – Mar 16,1801
,,,Mar 17 – Mar 23,1838
,,,Mar 24 – Mar 30,1792
,,,Mar 31 – Apr 6,1756
,,,Apr 7 – Apr 13,1773
,,,Apr 14 – Apr 20,1787
,,,Apr 21 – Apr 27,1734
,,,Apr 28 – May 4,1848
,,,May 5 – May 11,1815
,,,May 12 – May 18,1767
,,,May 19 – May 25,1814
,,,May 26 – Jun 1,1836
,,,Jun 2 – Jun 8,1886
,,,Jun 9 – Jun 15,1818
,,,Jun 16 – Jun 22,1862
,,,Jun 23 – Jun 29,1864
,,,Jun 30 – Jul 6,1811
,,,Jul 7 – Jul 13,1852
,,,Jul 14 – Jul 20,1828
,,,Jul 21 – Jul 27,1855
,,,Jul 28 – Aug 3,1847
,,,Aug 4 – Aug 10,1830
,,,Aug 11 – Aug 17,1835
,,,Aug 18 – Aug 24,1827
,,,Aug 25 – Aug 31,1898
,,,Sep 1 – Sep 7,1867
,,,Sep 8 – Sep 14,1857
,,,Sep 15 – Sep 21,1925
,,,Sep 22 – Sep 28,1794
,,,Sep 29 – Oct 5,1825
,,,Oct 6 – Oct 12,1857
,,,Oct 13 – Oct 19,1771
,,,Oct 20 – Oct 26,1778
,,,Oct 27 – Nov 2,1751
,,,Nov 3 – Nov 9,1746
,,,Nov 10 – Nov 16,1842
,,,Nov 17 – Nov 23,1769
,,,Nov 24 – Nov 30,1759
,,,Dec 1 – Dec 7,1837
,,,Dec 8 – Dec 14,1815
,,,Dec 15 – Dec 21,1886
,,,Dec 22 – Dec 28,2042
,No value,2023 – 2024,Dec 31 – Jan 6,10 or fewer
,,2024,Jan 7 – Jan 13,10 or fewer
,,,Jan 14 – Jan 20,10 or fewer
,,,Jan 21 – Jan 27,10 or fewer
,,,Jan 28 – Feb 3,10 or fewer
,,,Feb 4 – Feb 10,10 or fewer
,,,Feb 11 – Feb 17,10 or fewer
,,,Feb 18 – Feb 24,10 or fewer
,,,Feb 25 – Mar 2,10 or fewer
,,,Mar 3 – Mar 9,10 or fewer
,,,Mar 10 – Mar 16,10 or fewer
,,,Mar 17 – Mar 23,10 or fewer
,,,Mar 24 – Mar 30,10 or fewer
,,,Mar 31 – Apr 6,10 or fewer
,,,Apr 7 – Apr 13,10 or fewer
,,,Apr 14 – Apr 20,10 or fewer
,,,Apr 21 – Apr 27,10 or fewer
,,,Apr 28 – May 4,10 or fewer
,,,May 5 – May 11,10 or fewer
,,,May 12 – May 18,10 or fewer
,,,May 19 – May 25,10 or fewer
,,,May 26 – Jun 1,10 or fewer
,,,Jun 2 – Jun 8,10 or fewer
,,,Jun 9 – Jun 15,10 or fewer
,,,Jun 16 – Jun 22,10 or fewer
,,,Jun 23 – Jun 29,10 or fewer
,,,Jun 30 – Jul 6,10 or fewer
,,,Jul 7 – Jul 13,10 or fewer
,,,Jul 14 – Jul 20,10 or fewer
,,,Jul 21 – Jul 27,10 or fewer
,,,Jul 28 – Aug 3,10 or fewer
,,,Aug 4 – Aug 10,10 or fewer
,,,Aug 11 – Aug 17,10 or fewer
,,,Aug 18 – Aug 24,10 or fewer
,,,Aug 25 – Aug 31,10 or fewer
,,,Sep 1 – Sep 7,10 or fewer
,,,Sep 8 – Sep 14,10 or fewer
,,,Sep 15 – Sep 21,10 or fewer
,,,Sep 22 – Sep 28,10 or fewer
,,,Sep 29 – Oct 5,10 or fewer
,,,Oct 6 – Oct 12,10 or fewer
,,,Oct 13 – Oct 19,10 or fewer
,,,Oct 20 – Oct 26,10 or fewer
,,,Oct 27 – Nov 2,10 or fewer
,,,Nov 3 – Nov 9,10 or fewer
,,,Nov 10 – Nov 16,10 or fewer
,,,Nov 17 – Nov 23,10 or fewer
,,,Nov 24 – Nov 30,10 or fewer
,,,Dec 1 – Dec 7,10 or fewer
,,,Dec 8 – Dec 14,10 or fewer
,,,Dec 15 – Dec 21,10 or fewer
,,,Dec 22 – Dec 28,10 or fewer
,Total,2023 – 2024,Dec 31 – Jan 6,6067
,,2024,Jan 7 – Jan 13,5299
,,,Jan 14 – Jan 20,5203
,,,Jan 21 – Jan 27,5811
,,,Jan 28 – Feb 3,5814
,,,Feb 4 – Feb 10,6096
,,,Feb 11 – Feb 17,5873
,,,Feb 18 – Feb 24,6208
,,,Feb 25 – Mar 2,6005
,,,Mar 3 – Mar 9,6295
,,,Mar 10 – Mar 16,6086
,,,Mar 17 – Mar 23,6112
,,,Mar 24 – Mar 30,6012
,,,Mar 31 – Apr 6,6066
,,,Apr 7 – Apr 13,6155
,,,Apr 14 – Apr 20,6042
,,,Apr 21 – Apr 27,5979
,,,Apr 28 – May 4,6166
,,,May 5 – May 11,6083
,,,May 12 – May 18,6026
,,,May 19 – May 25,6104
,,,May 26 – Jun 1,6288
,,,Jun 2 – Jun 8,6192
,,,Jun 9 – Jun 15,6033
,,,Jun 16 – Jun 22,6104
,,,Jun 23 – Jun 29,6207
,,,Jun 30 – Jul 6,5965
,,,Jul 7 – Jul 13,6130
,,,Jul 14 – Jul 20,6220
,,,Jul 21 – Jul 27,6107
,,,Jul 28 – Aug 3,6202
,,,Aug 4 – Aug 10,6048
,,,Aug 11 – Aug 17,6091
,,,Aug 18 – Aug 24,6014
,,,Aug 25 – Aug 31,6305
,,,Sep 1 – Sep 7,6230
,,,Sep 8 – Sep 14,6278
,,,Sep 15 – Sep 21,6314
,,,Sep 22 – Sep 28,5927
,,,Sep 29 – Oct 5,6144
,,,Oct 6 – Oct 12,6133
,,,Oct 13 – Oct 19,5951
,,,Oct 20 – Oct 26,6084
,,,Oct 27 – Nov 2,5961
,,,Nov 3 – Nov 9,6090
,,,Nov 10 – Nov 16,6200
,,,Nov 17 – Nov 23,5953
,,,Nov 24 – Nov 30,5690
,,,Dec 1 – Dec 7,5987
,,,Dec 8 – Dec 14,6231
,,,Dec 15 – Dec 21,6148
,,,Dec 22 – Dec 28,6799
Hawaii,Less than 1 Years,2023 – 2024,Dec 31 – Jan 6,173
,,2024,Jan 7 – Jan 13,175
,,,Jan 14 – Jan 20,140
,,,Jan 21 – Jan 27,136
,,,Jan 28 – Feb 3,125
,,,Feb 4 – Feb 10,145
,,,Feb 11 – Feb 17,143
,,,Feb 18 – Feb 24,151
,,,Feb 25 – Mar 2,124
,,,Mar 3 – Mar 9,159
,,,Mar 10 – Mar 16,140
,,,Mar 17 – Mar 23,137
,,,Mar 24 – Mar 30,164
,,,Mar 31 – Apr 6,133
,,,Apr 7 – Apr 13,142
,,,Apr 14 – Apr 20,149
,,,Apr 21 – Apr 27,144
,,,Apr 28 – May 4,164
,,,May 5 – May 11,166
,,,May 12 – May 18,170
,,,May 19 – May 25,155
,,,May 26 – Jun 1,174
,,,Jun 2 – Jun 8,173
,,,Jun 9 – Jun 15,167
,,,Jun 16 – Jun 22,155
,,,Jun 23 – Jun 29,133
,,,Jun 30 – Jul 6,132
,,,Jul 7 – Jul 13,145
,,,Jul 14 – Jul 20,142
,,,Jul 21 – Jul 27,113
,,,Jul 28 – Aug 3,124
,,,Aug 4 – Aug 10,124
,,,Aug 11 – Aug 17,112
,,,Aug 18 – Aug 24,121
,,,Aug 25 – Aug 31,107
,,,Sep 1 – Sep 7,128
,,,Sep 8 – Sep 14,153
,,,Sep 15 – Sep 21,132
,,,Sep 22 – Sep 28,146
,,,Sep 29 – Oct 5,137
,,,Oct 6 – Oct 12,130
,,,Oct 13 – Oct 19,133
,,,Oct 20 – Oct 26,120
,,,Oct 27 – Nov 2,114
,,,Nov 3 – Nov 9,143
,,,Nov 10 – Nov 16,151
,,,Nov 17 – Nov 23,138
,,,Nov 24 – Nov 30,134
,,,Dec 1 – Dec 7,168
,,,Dec 8 – Dec 14,145
,,,Dec 15 – Dec 21,147
,,,Dec 22 – Dec 28,187
,≥ 1 and < 5 Years,2023 – 2024,Dec 31 – Jan 6,420
,,2024,Jan 7 – Jan 13,318
,,,Jan 14 – Jan 20,352
,,,Jan 21 – Jan 27,365
,,,Jan 28 – Feb 3,335
,,,Feb 4 – Feb 10,373
,,,Feb 11 – Feb 17,381
,,,Feb 18 – Feb 24,394
,,,Feb 25 – Mar 2,380
,,,Mar 3 – Mar 9,424
,,,Mar 10 – Mar 16,368
,,,Mar 17 – Mar 23,429
,,,Mar 24 – Mar 30,428
,,,Mar 31 – Apr 6,412
,,,Apr 7 – Apr 13,403
,,,Apr 14 – Apr 20,384
,,,Apr 21 – Apr 27,421
,,,Apr 28 – May 4,456
,,,May 5 – May 11,451
,,,May 12 – May 18,374
,,,May 19 – May 25,384
,,,May 26 – Jun 1,424
,,,Jun 2 – Jun 8,425
,,,Jun 9 – Jun 15,434
,,,Jun 16 – Jun 22,317
,,,Jun 23 – Jun 29,314
,,,Jun 30 – Jul 6,313
,,,Jul 7 – Jul 13,308
,,,Jul 14 – Jul 20,306
,,,Jul 21 – Jul 27,284
,,,Jul 28 – Aug 3,270
,,,Aug 4 – Aug 10,260
,,,Aug 11 – Aug 17,336
,,,Aug 18 – Aug 24,336
,,,Aug 25 – Aug 31,306
,,,Sep 1 – Sep 7,363
,,,Sep 8 – Sep 14,331
,,,Sep 15 – Sep 21,352
,,,Sep 22 – Sep 28,310
,,,Sep 29 – Oct 5,336
,,,Oct 6 – Oct 12,387
,,,Oct 13 – Oct 19,331
,,,Oct 20 – Oct 26,344
,,,Oct 27 – Nov 2,334
,,,Nov 3 – Nov 9,350
,,,Nov 10 – Nov 16,379
,,,Nov 17 – Nov 23,374
,,,Nov 24 – Nov 30,390
,,,Dec 1 – Dec 7,440
,,,Dec 8 – Dec 14,402
,,,Dec 15 – Dec 21,442
,,,Dec 22 – Dec 28,434
,≥ 5 and < 18 Years,2023 – 2024,Dec 31 – Jan 6,527
,,2024,Jan 7 – Jan 13,525
,,,Jan 14 – Jan 20,581
,,,Jan 21 – Jan 27,555
,,,Jan 28 – Feb 3,605
,,,Feb 4 – Feb 10,629
,,,Feb 11 – Feb 17,601
,,,Feb 18 – Feb 24,667
,,,Feb 25 – Mar 2,645
,,,Mar 3 – Mar 9,627
,,,Mar 10 – Mar 16,647
,,,Mar 17 – Mar 23,556
,,,Mar 24 – Mar 30,589
,,,Mar 31 – Apr 6,641
,,,Apr 7 – Apr 13,660
,,,Apr 14 – Apr 20,689
,,,Apr 21 – Apr 27,691
,,,Apr 28 – May 4,712
,,,May 5 – May 11,725
,,,May 12 – May 18,651
,,,May 19 – May 25,699
,,,May 26 – Jun 1,662
,,,Jun 2 – Jun 8,666
,,,Jun 9 – Jun 15,567
,,,Jun 16 – Jun 22,492
,,,Jun 23 – Jun 29,534
,,,Jun 30 – Jul 6,511
,,,Jul 7 – Jul 13,507
,,,Jul 14 – Jul 20,526
,,,Jul 21 – Jul 27,523
,,,Jul 28 – Aug 3,518
,,,Aug 4 – Aug 10,517
,,,Aug 11 – Aug 17,612
,,,Aug 18 – Aug 24,661
,,,Aug 25 – Aug 31,670
,,,Sep 1 – Sep 7,654
,,,Sep 8 – Sep 14,658
,,,Sep 15 – Sep 21,653
,,,Sep 22 – Sep 28,645
,,,Sep 29 – Oct 5,630
,,,Oct 6 – Oct 12,536
,,,Oct 13 – Oct 19,641
,,,Oct 20 – Oct 26,645
,,,Oct 27 – Nov 2,687
,,,Nov 3 – Nov 9,620
,,,Nov 10 – Nov 16,643
,,,Nov 17 – Nov 23,637
,,,Nov 24 – Nov 30,643
,,,Dec 1 – Dec 7,695
,,,Dec 8 – Dec 14,766
,,,Dec 15 – Dec 21,724
,,,Dec 22 – Dec 28,703
,≥ 18 and < 50 Years,2023 – 2024,Dec 31 – Jan 6,2075
,,2024,Jan 7 – Jan 13,2035
,,,Jan 14 – Jan 20,2021
,,,Jan 21 – Jan 27,2027
,,,Jan 28 – Feb 3,1984
,,,Feb 4 – Feb 10,1912
,,,Feb 11 – Feb 17,1939
,,,Feb 18 – Feb 24,1994
,,,Feb 25 – Mar 2,1964
,,,Mar 3 – Mar 9,1997
,,,Mar 10 – Mar 16,1984
,,,Mar 17 – Mar 23,2091
,,,Mar 24 – Mar 30,2068
,,,Mar 31 – Apr 6,2091
,,,Apr 7 – Apr 13,2117
,,,Apr 14 – Apr 20,2058
,,,Apr 21 – Apr 27,2030
,,,Apr 28 – May 4,2072
,,,May 5 – May 11,2075
,,,May 12 – May 18,2138
,,,May 19 – May 25,2197
,,,May 26 – Jun 1,2241
,,,Jun 2 – Jun 8,2210
,,,Jun 9 – Jun 15,2234
,,,Jun 16 – Jun 22,2178
,,,Jun 23 – Jun 29,2155
,,,Jun 30 – Jul 6,2087
,,,Jul 7 – Jul 13,2219
,,,Jul 14 – Jul 20,2184
,,,Jul 21 – Jul 27,2100
,,,Jul 28 – Aug 3,2063
,,,Aug 4 – Aug 10,2084
,,,Aug 11 – Aug 17,2150
,,,Aug 18 – Aug 24,2104
,,,Aug 25 – Aug 31,2101
,,,Sep 1 – Sep 7,2257
,,,Sep 8 – Sep 14,2185
,,,Sep 15 – Sep 21,2155
,,,Sep 22 – Sep 28,2138
,,,Sep 29 – Oct 5,2144
,,,Oct 6 – Oct 12,2023
,,,Oct 13 – Oct 19,2186
,,,Oct 20 – Oct 26,2236
,,,Oct 27 – Nov 2,2115
,,,Nov 3 – Nov 9,2174
,,,Nov 10 – Nov 16,2197
,,,Nov 17 – Nov 23,2159
,,,Nov 24 – Nov 30,2034
,,,Dec 1 – Dec 7,2256
,,,Dec 8 – Dec 14,2259
,,,Dec 15 – Dec 21,2300
,,,Dec 22 – Dec 28,2288
,≥ 50 and < 65 Years,2023 – 2024,Dec 31 – Jan 6,1126
,,2024,Jan 7 – Jan 13,1064
,,,Jan 14 – Jan 20,1042
,,,Jan 21 – Jan 27,1098
,,,Jan 28 – Feb 3,1040
,,,Feb 4 – Feb 10,1079
,,,Feb 11 – Feb 17,1061
,,,Feb 18 – Feb 24,1066
,,,Feb 25 – Mar 2,1025
,,,Mar 3 – Mar 9,1121
,,,Mar 10 – Mar 16,990
,,,Mar 17 – Mar 23,1043
,,,Mar 24 – Mar 30,1095
,,,Mar 31 – Apr 6,1013
,,,Apr 7 – Apr 13,985
,,,Apr 14 – Apr 20,1062
,,,Apr 21 – Apr 27,1001
,,,Apr 28 – May 4,1065
,,,May 5 – May 11,1060
,,,May 12 – May 18,1132
,,,May 19 – May 25,1140
,,,May 26 – Jun 1,1176
,,,Jun 2 – Jun 8,1093
,,,Jun 9 – Jun 15,1120
,,,Jun 16 – Jun 22,1199
,,,Jun 23 – Jun 29,1089
,,,Jun 30 – Jul 6,1144
,,,Jul 7 – Jul 13,1072
,,,Jul 14 – Jul 20,1111
,,,Jul 21 – Jul 27,1146
,,,Jul 28 – Aug 3,1032
,,,Aug 4 – Aug 10,1136
,,,Aug 11 – Aug 17,1055
,,,Aug 18 – Aug 24,1115
,,,Aug 25 – Aug 31,1052
,,,Sep 1 – Sep 7,1065
,,,Sep 8 – Sep 14,1064
,,,Sep 15 – Sep 21,1087
,,,Sep 22 – Sep 28,1036
,,,Sep 29 – Oct 5,1045
,,,Oct 6 – Oct 12,1047
,,,Oct 13 – Oct 19,1032
,,,Oct 20 – Oct 26,1041
,,,Oct 27 – Nov 2,1072
,,,Nov 3 – Nov 9,1029
,,,Nov 10 – Nov 16,1028
,,,Nov 17 – Nov 23,1069
,,,Nov 24 – Nov 30,1069
,,,Dec 1 – Dec 7,1126
,,,Dec 8 – Dec 14,1121
,,,Dec 15 – Dec 21,1127
,,,Dec 22 – Dec 28,1089
,65 Years or more,2023 – 2024,Dec 31 – Jan 6,1764
,,2024,Jan 7 – Jan 13,1684
,,,Jan 14 – Jan 20,1794
,,,Jan 21 – Jan 27,1561
,,,Jan 28 – Feb 3,1588
,,,Feb 4 – Feb 10,1580
,,,Feb 11 – Feb 17,1648
,,,Feb 18 – Feb 24,1661
,,,Feb 25 – Mar 2,1598
,,,Mar 3 – Mar 9,1642
,,,Mar 10 – Mar 16,1624
,,,Mar 17 – Mar 23,1593
,,,Mar 24 – Mar 30,1660
,,,Mar 31 – Apr 6,1600
,,,Apr 7 – Apr 13,1541
,,,Apr 14 – Apr 20,1570
,,,Apr 21 – Apr 27,1580
,,,Apr 28 – May 4,1647
,,,May 5 – May 11,1701
,,,May 12 – May 18,1684
,,,May 19 – May 25,1764
,,,May 26 – Jun 1,1787
,,,Jun 2 – Jun 8,1793
,,,Jun 9 – Jun 15,1857
,,,Jun 16 – Jun 22,1764
,,,Jun 23 – Jun 29,1697
,,,Jun 30 – Jul 6,1737
,,,Jul 7 – Jul 13,1720
,,,Jul 14 – Jul 20,1714
,,,Jul 21 – Jul 27,1706
,,,Jul 28 – Aug 3,1631
,,,Aug 4 – Aug 10,1645
,,,Aug 11 – Aug 17,1664
,,,Aug 18 – Aug 24,1615
,,,Aug 25 – Aug 31,1650
,,,Sep 1 – Sep 7,1674
,,,Sep 8 – Sep 14,1737
,,,Sep 15 – Sep 21,1626
,,,Sep 22 – Sep 28,1670
,,,Sep 29 – Oct 5,1598
,,,Oct 6 – Oct 12,1648
,,,Oct 13 – Oct 19,1708
,,,Oct 20 – Oct 26,1652
,,,Oct 27 – Nov 2,1557
,,,Nov 3 – Nov 9,1726
,,,Nov 10 – Nov 16,1654
,,,Nov 17 – Nov 23,1700
,,,Nov 24 – Nov 30,1773
,,,Dec 1 – Dec 7,1686
,,,Dec 8 – Dec 14,1779
,,,Dec 15 – Dec 21,1787
,,,Dec 22 – Dec 28,1746
,No value,2023 – 2024,Dec 31 – Jan 6,10 or fewer
,,2024,Jan 7 – Jan 13,10 or fewer
,,,Jan 14 – Jan 20,10 or fewer
,,,Jan 21 – Jan 27,10 or fewer
,,,Jan 28 – Feb 3,10 or fewer
,,,Feb 4 – Feb 10,10 or fewer
,,,Feb 11 – Feb 17,10 or fewer
,,,Feb 18 – Feb 24,10 or fewer
,,,Feb 25 – Mar 2,10 or fewer
,,,Mar 3 – Mar 9,10 or fewer
,,,Mar 10 – Mar 16,10 or fewer
,,,Mar 17 – Mar 23,10 or fewer
,,,Mar 24 – Mar 30,10 or fewer
,,,Mar 31 – Apr 6,10 or fewer
,,,Apr 7 – Apr 13,10 or fewer
,,,Apr 14 – Apr 20,10 or fewer
,,,Apr 21 – Apr 27,10 or fewer
,,,Apr 28 – May 4,10 or fewer
,,,May 5 – May 11,10 or fewer
,,,May 12 – May 18,10 or fewer
,,,May 19 – May 25,10 or fewer
,,,May 26 – Jun 1,10 or fewer
,,,Jun 2 – Jun 8,10 or fewer
,,,Jun 9 – Jun 15,10 or fewer
,,,Jun 16 – Jun 22,10 or fewer
,,,Jun 23 – Jun 29,10 or fewer
,,,Jun 30 – Jul 6,10 or fewer
,,,Jul 7 – Jul 13,10 or fewer
,,,Jul 14 – Jul 20,10 or fewer
,,,Jul 21 – Jul 27,10 or fewer
,,,Jul 28 – Aug 3,10 or fewer
,,,Aug 4 – Aug 10,10 or fewer
,,,Aug 11 – Aug 17,10 or fewer
,,,Aug 18 – Aug 24,10 or fewer
,,,Aug 25 – Aug 31,10 or fewer
,,,Sep 1 – Sep 7,10 or fewer
,,,Sep 8 – Sep 14,10 or fewer
,,,Sep 15 – Sep 21,10 or fewer
,,,Sep 22 – Sep 28,10 or fewer
,,,Sep 29 – Oct 5,10 or fewer
,,,Oct 6 – Oct 12,10 or fewer
,,,Oct 13 – Oct 19,10 or fewer
,,,Oct 20 – Oct 26,10 or fewer
,,,Oct 27 – Nov 2,10 or fewer
,,,Nov 3 – Nov 9,10 or fewer
,,,Nov 10 – Nov 16,10 or fewer
,,,Nov 17 – Nov 23,10 or fewer
,,,Nov 24 – Nov 30,10 or fewer
,,,Dec 1 – Dec 7,10 or fewer
,,,Dec 8 – Dec 14,10 or fewer
,,,Dec 15 – Dec 21,10 or fewer
,,,Dec 22 – Dec 28,10 or fewer
,Total,2023 – 2024,Dec 31 – Jan 6,6085
,,2024,Jan 7 – Jan 13,5801
,,,Jan 14 – Jan 20,5930
,,,Jan 21 – Jan 27,5742
,,,Jan 28 – Feb 3,5677
,,,Feb 4 – Feb 10,5718
,,,Feb 11 – Feb 17,5773
,,,Feb 18 – Feb 24,5933
,,,Feb 25 – Mar 2,5736
,,,Mar 3 – Mar 9,5970
,,,Mar 10 – Mar 16,5753
,,,Mar 17 – Mar 23,5849
,,,Mar 24 – Mar 30,6004
,,,Mar 31 – Apr 6,5890
,,,Apr 7 – Apr 13,5848
,,,Apr 14 – Apr 20,5912
,,,Apr 21 – Apr 27,5867
,,,Apr 28 – May 4,6116
,,,May 5 – May 11,6178
,,,May 12 – May 18,6149
,,,May 19 – May 25,6339
,,,May 26 – Jun 1,6464
,,,Jun 2 – Jun 8,6360
,,,Jun 9 – Jun 15,6379
,,,Jun 16 – Jun 22,6105
,,,Jun 23 – Jun 29,5922
,,,Jun 30 – Jul 6,5924
,,,Jul 7 – Jul 13,5971
,,,Jul 14 – Jul 20,5983
,,,Jul 21 – Jul 27,5872
,,,Jul 28 – Aug 3,5638
,,,Aug 4 – Aug 10,5766
,,,Aug 11 – Aug 17,5929
,,,Aug 18 – Aug 24,5952
,,,Aug 25 – Aug 31,5886
,,,Sep 1 – Sep 7,6141
,,,Sep 8 – Sep 14,6128
,,,Sep 15 – Sep 21,6005
,,,Sep 22 – Sep 28,5945
,,,Sep 29 – Oct 5,5890
,,,Oct 6 – Oct 12,5771
,,,Oct 13 – Oct 19,6031
,,,Oct 20 – Oct 26,6038
,,,Oct 27 – Nov 2,5879
,,,Nov 3 – Nov 9,6042
,,,Nov 10 – Nov 16,6052
,,,Nov 17 – Nov 23,6077
,,,Nov 24 – Nov 30,6043
,,,Dec 1 – Dec 7,6371
,,,Dec 8 – Dec 14,6472
,,,Dec 15 – Dec 21,6527
,,,Dec 22 – Dec 28,6447
Kansas,Less than 1 Years,2023 – 2024,Dec 31 – Jan 6,104
,,2024,Jan 7 – Jan 13,85
,,,Jan 14 – Jan 20,65
,,,Jan 21 – Jan 27,66
,,,Jan 28 – Feb 3,76
,,,Feb 4 – Feb 10,73
,,,Feb 11 – Feb 17,83
,,,Feb 18 – Feb 24,94
,,,Feb 25 – Mar 2,67
,,,Mar 3 – Mar 9,86
,,,Mar 10 – Mar 16,83
,,,Mar 17 – Mar 23,80
,,,Mar 24 – Mar 30,58
,,,Mar 31 – Apr 6,64
,,,Apr 7 – Apr 13,52
,,,Apr 14 – Apr 20,67
,,,Apr 21 – Apr 27,55
,,,Apr 28 – May 4,59
,,,May 5 – May 11,65
,,,May 12 – May 18,66
,,,May 19 – May 25,55
,,,May 26 – Jun 1,75
,,,Jun 2 – Jun 8,59
,,,Jun 9 – Jun 15,50
,,,Jun 16 – Jun 22,42
,,,Jun 23 – Jun 29,44
,,,Jun 30 – Jul 6,71
,,,Jul 7 – Jul 13,55
,,,Jul 14 – Jul 20,67
,,,Jul 21 – Jul 27,55
,,,Jul 28 – Aug 3,49
,,,Aug 4 – Aug 10,72
,,,Aug 11 – Aug 17,77
,,,Aug 18 – Aug 24,61
,,,Aug 25 – Aug 31,81
,,,Sep 1 – Sep 7,82
,,,Sep 8 – Sep 14,72
,,,Sep 15 – Sep 21,63
,,,Sep 22 – Sep 28,80
,,,Sep 29 – Oct 5,56
,,,Oct 6 – Oct 12,66
,,,Oct 13 – Oct 19,73
,,,Oct 20 – Oct 26,77
,,,Oct 27 – Nov 2,71
,,,Nov 3 – Nov 9,59
,,,Nov 10 – Nov 16,62
,,,Nov 17 – Nov 23,73
,,,Nov 24 – Nov 30,70
,,,Dec 1 – Dec 7,85
,,,Dec 8 – Dec 14,70
,,,Dec 15 – Dec 21,83
,,,Dec 22 – Dec 28,135
,≥ 1 and < 5 Years,2023 – 2024,Dec 31 – Jan 6,213
,,2024,Jan 7 – Jan 13,160
,,,Jan 14 – Jan 20,137
,,,Jan 21 – Jan 27,154
,,,Jan 28 – Feb 3,188
,,,Feb 4 – Feb 10,210
,,,Feb 11 – Feb 17,195
,,,Feb 18 – Feb 24,212
,,,Feb 25 – Mar 2,224
,,,Mar 3 – Mar 9,228
,,,Mar 10 – Mar 16,211
,,,Mar 17 – Mar 23,190
,,,Mar 24 – Mar 30,164
,,,Mar 31 – Apr 6,187
,,,Apr 7 – Apr 13,197
,,,Apr 14 – Apr 20,226
,,,Apr 21 – Apr 27,189
,,,Apr 28 – May 4,200
,,,May 5 – May 11,197
,,,May 12 – May 18,173
,,,May 19 – May 25,177
,,,May 26 – Jun 1,190
,,,Jun 2 – Jun 8,201
,,,Jun 9 – Jun 15,166
,,,Jun 16 – Jun 22,152
,,,Jun 23 – Jun 29,170
,,,Jun 30 – Jul 6,140
,,,Jul 7 – Jul 13,161
,,,Jul 14 – Jul 20,140
,,,Jul 21 – Jul 27,153
,,,Jul 28 – Aug 3,145
,,,Aug 4 – Aug 10,132
,,,Aug 11 – Aug 17,139
,,,Aug 18 – Aug 24,153
,,,Aug 25 – Aug 31,193
,,,Sep 1 – Sep 7,195
,,,Sep 8 – Sep 14,180
,,,Sep 15 – Sep 21,182
,,,Sep 22 – Sep 28,165
,,,Sep 29 – Oct 5,168
,,,Oct 6 – Oct 12,168
,,,Oct 13 – Oct 19,173
,,,Oct 20 – Oct 26,176
,,,Oct 27 – Nov 2,176
,,,Nov 3 – Nov 9,181
,,,Nov 10 – Nov 16,178
,,,Nov 17 – Nov 23,169
,,,Nov 24 – Nov 30,167
,,,Dec 1 – Dec 7,169
,,,Dec 8 – Dec 14,178
,,,Dec 15 – Dec 21,255
,,,Dec 22 – Dec 28,297
,≥ 5 and < 18 Years,2023 – 2024,Dec 31 – Jan 6,368
,,2024,Jan 7 – Jan 13,325
,,,Jan 14 – Jan 20,307
,,,Jan 21 – Jan 27,455
,,,Jan 28 – Feb 3,509
,,,Feb 4 – Feb 10,534
,,,Feb 11 – Feb 17,565
,,,Feb 18 – Feb 24,572
,,,Feb 25 – Mar 2,580
,,,Mar 3 – Mar 9,530
,,,Mar 10 – Mar 16,468
,,,Mar 17 – Mar 23,489
,,,Mar 24 – Mar 30,500
,,,Mar 31 – Apr 6,533
,,,Apr 7 – Apr 13,524
,,,Apr 14 – Apr 20,529
,,,Apr 21 – Apr 27,514
,,,Apr 28 – May 4,485
,,,May 5 – May 11,529
,,,May 12 – May 18,474
,,,May 19 – May 25,441
,,,May 26 – Jun 1,395
,,,Jun 2 – Jun 8,399
,,,Jun 9 – Jun 15,411
,,,Jun 16 – Jun 22,435
,,,Jun 23 – Jun 29,383
,,,Jun 30 – Jul 6,365
,,,Jul 7 – Jul 13,409
,,,Jul 14 – Jul 20,404
,,,Jul 21 – Jul 27,382
,,,Jul 28 – Aug 3,347
,,,Aug 4 – Aug 10,390
,,,Aug 11 – Aug 17,364
,,,Aug 18 – Aug 24,493
,,,Aug 25 – Aug 31,544
,,,Sep 1 – Sep 7,526
,,,Sep 8 – Sep 14,526
,,,Sep 15 – Sep 21,531
,,,Sep 22 – Sep 28,531
,,,Sep 29 – Oct 5,511
,,,Oct 6 – Oct 12,566
,,,Oct 13 – Oct 19,482
,,,Oct 20 – Oct 26,518
,,,Oct 27 – Nov 2,432
,,,Nov 3 – Nov 9,519
,,,Nov 10 – Nov 16,514
,,,Nov 17 – Nov 23,519
,,,Nov 24 – Nov 30,389
,,,Dec 1 – Dec 7,491
,,,Dec 8 – Dec 14,539
,,,Dec 15 – Dec 21,536
,,,Dec 22 – Dec 28,517
,≥ 18 and < 50 Years,2023 – 2024,Dec 31 – Jan 6,2424
,,2024,Jan 7 – Jan 13,2057
,,,Jan 14 – Jan 20,2121
,,,Jan 21 – Jan 27,2349
,,,Jan 28 – Feb 3,2328
,,,Feb 4 – Feb 10,2464
,,,Feb 11 – Feb 17,2437
,,,Feb 18 – Feb 24,2376
,,,Feb 25 – Mar 2,2539
,,,Mar 3 – Mar 9,2346
,,,Mar 10 – Mar 16,2394
,,,Mar 17 – Mar 23,2360
,,,Mar 24 – Mar 30,2484
,,,Mar 31 – Apr 6,2327
,,,Apr 7 – Apr 13,2356
,,,Apr 14 – Apr 20,2489
,,,Apr 21 – Apr 27,2370
,,,Apr 28 – May 4,2335
,,,May 5 – May 11,2362
,,,May 12 – May 18,2529
,,,May 19 – May 25,2482
,,,May 26 – Jun 1,2432
,,,Jun 2 – Jun 8,2517
,,,Jun 9 – Jun 15,2606
,,,Jun 16 – Jun 22,2544
,,,Jun 23 – Jun 29,2527
,,,Jun 30 – Jul 6,2514
,,,Jul 7 – Jul 13,2500
,,,Jul 14 – Jul 20,2555
,,,Jul 21 – Jul 27,2469
,,,Jul 28 – Aug 3,2578
,,,Aug 4 – Aug 10,2442
,,,Aug 11 – Aug 17,2389
,,,Aug 18 – Aug 24,2588
,,,Aug 25 – Aug 31,2521
,,,Sep 1 – Sep 7,2452
,,,Sep 8 – Sep 14,2570
,,,Sep 15 – Sep 21,2465
,,,Sep 22 – Sep 28,2416
,,,Sep 29 – Oct 5,2501
,,,Oct 6 – Oct 12,2425
,,,Oct 13 – Oct 19,2444
,,,Oct 20 – Oct 26,2378
,,,Oct 27 – Nov 2,2478
,,,Nov 3 – Nov 9,2482
,,,Nov 10 – Nov 16,2465
,,,Nov 17 – Nov 23,2419
,,,Nov 24 – Nov 30,2198
,,,Dec 1 – Dec 7,2406
,,,Dec 8 – Dec 14,2341
,,,Dec 15 – Dec 21,2426
,,,Dec 22 – Dec 28,2576
,≥ 50 and < 65 Years,2023 – 2024,Dec 31 – Jan 6,1083
,,2024,Jan 7 – Jan 13,991
,,,Jan 14 – Jan 20,927
,,,Jan 21 – Jan 27,1057
,,,Jan 28 – Feb 3,1086
,,,Feb 4 – Feb 10,1004
,,,Feb 11 – Feb 17,1010
,,,Feb 18 – Feb 24,1047
,,,Feb 25 – Mar 2,1065
,,,Mar 3 – Mar 9,1083
,,,Mar 10 – Mar 16,1049
,,,Mar 17 – Mar 23,1023
,,,Mar 24 – Mar 30,1055
,,,Mar 31 – Apr 6,1056
,,,Apr 7 – Apr 13,1022
,,,Apr 14 – Apr 20,1098
,,,Apr 21 – Apr 27,972
,,,Apr 28 – May 4,1034
,,,May 5 – May 11,1069
,,,May 12 – May 18,1032
,,,May 19 – May 25,1083
,,,May 26 – Jun 1,1060
,,,Jun 2 – Jun 8,1136
,,,Jun 9 – Jun 15,1145
,,,Jun 16 – Jun 22,1066
,,,Jun 23 – Jun 29,1104
,,,Jun 30 – Jul 6,950
,,,Jul 7 – Jul 13,1140
,,,Jul 14 – Jul 20,1067
,,,Jul 21 – Jul 27,1075
,,,Jul 28 – Aug 3,1026
,,,Aug 4 – Aug 10,1088
,,,Aug 11 – Aug 17,1047
,,,Aug 18 – Aug 24,1065
,,,Aug 25 – Aug 31,1049
,,,Sep 1 – Sep 7,1076
,,,Sep 8 – Sep 14,1045
,,,Sep 15 – Sep 21,1050
,,,Sep 22 – Sep 28,1073
,,,Sep 29 – Oct 5,997
,,,Oct 6 – Oct 12,959
,,,Oct 13 – Oct 19,1017
,,,Oct 20 – Oct 26,1041
,,,Oct 27 – Nov 2,1035
,,,Nov 3 – Nov 9,986
,,,Nov 10 – Nov 16,1007
,,,Nov 17 – Nov 23,1048
,,,Nov 24 – Nov 30,895
,,,Dec 1 – Dec 7,996
,,,Dec 8 – Dec 14,1026
,,,Dec 15 – Dec 21,1091
,,,Dec 22 – Dec 28,1122
,65 Years or more,2023 – 2024,Dec 31 – Jan 6,1665
,,2024,Jan 7 – Jan 13,1507
,,,Jan 14 – Jan 20,1462
,,,Jan 21 – Jan 27,1608
,,,Jan 28 – Feb 3,1643
,,,Feb 4 – Feb 10,1550
,,,Feb 11 – Feb 17,1651
,,,Feb 18 – Feb 24,1700
,,,Feb 25 – Mar 2,1608
,,,Mar 3 – Mar 9,1666
,,,Mar 10 – Mar 16,1765
,,,Mar 17 – Mar 23,1657
,,,Mar 24 – Mar 30,1706
,,,Mar 31 – Apr 6,1618
,,,Apr 7 – Apr 13,1677
,,,Apr 14 – Apr 20,1691
,,,Apr 21 – Apr 27,1589
,,,Apr 28 – May 4,1655
,,,May 5 – May 11,1683
,,,May 12 – May 18,1693
,,,May 19 – May 25,1717
,,,May 26 – Jun 1,1701
,,,Jun 2 – Jun 8,1680
,,,Jun 9 – Jun 15,1695
,,,Jun 16 – Jun 22,1705
,,,Jun 23 – Jun 29,1718
,,,Jun 30 – Jul 6,1691
,,,Jul 7 – Jul 13,1804
,,,Jul 14 – Jul 20,1743
,,,Jul 21 – Jul 27,1723
,,,Jul 28 – Aug 3,1731
,,,Aug 4 – Aug 10,1707
,,,Aug 11 – Aug 17,1662
,,,Aug 18 – Aug 24,1764
,,,Aug 25 – Aug 31,1670
,,,Sep 1 – Sep 7,1733
,,,Sep 8 – Sep 14,1760
,,,Sep 15 – Sep 21,1684
,,,Sep 22 – Sep 28,1752
,,,Sep 29 – Oct 5,1656
,,,Oct 6 – Oct 12,1776
,,,Oct 13 – Oct 19,1660
,,,Oct 20 – Oct 26,1705
,,,Oct 27 – Nov 2,1645
,,,Nov 3 – Nov 9,1564
,,,Nov 10 – Nov 16,1690
,,,Nov 17 – Nov 23,1663
,,,Nov 24 – Nov 30,1615
,,,Dec 1 – Dec 7,1758
,,,Dec 8 – Dec 14,1779
,,,Dec 15 – Dec 21,1791
,,,Dec 22 – Dec 28,1965
,No value,2023 – 2024,Dec 31 – Jan 6,10 or fewer
,,2024,Jan 7 – Jan 13,10 or fewer
,,,Jan 14 – Jan 20,10 or fewer
,,,Jan 21 – Jan 27,10 or fewer
,,,Jan 28 – Feb 3,10 or fewer
,,,Feb 4 – Feb 10,10 or fewer
,,,Feb 11 – Feb 17,10 or fewer
,,,Feb 18 – Feb 24,10 or fewer
,,,Feb 25 – Mar 2,10 or fewer
,,,Mar 3 – Mar 9,10 or fewer
,,,Mar 10 – Mar 16,10 or fewer
,,,Mar 17 – Mar 23,10 or fewer
,,,Mar 24 – Mar 30,10 or fewer
,,,Mar 31 – Apr 6,10 or fewer
,,,Apr 7 – Apr 13,10 or fewer
,,,Apr 14 – Apr 20,10 or fewer
,,,Apr 21 – Apr 27,10 or fewer
,,,Apr 28 – May 4,10 or fewer
,,,May 5 – May 11,10 or fewer
,,,May 12 – May 18,10 or fewer
,,,May 19 – May 25,10 or fewer
,,,May 26 – Jun 1,10 or fewer
,,,Jun 2 – Jun 8,10 or fewer
,,,Jun 9 – Jun 15,10 or fewer
,,,Jun 16 – Jun 22,10 or fewer
,,,Jun 23 – Jun 29,10 or fewer
,,,Jun 30 – Jul 6,10 or fewer
,,,Jul 7 – Jul 13,10 or fewer
,,,Jul 14 – Jul 20,10 or fewer
,,,Jul 21 – Jul 27,10 or fewer
,,,Jul 28 – Aug 3,10 or fewer
,,,Aug 4 – Aug 10,10 or fewer
,,,Aug 11 – Aug 17,10 or fewer
,,,Aug 18 – Aug 24,10 or fewer
,,,Aug 25 – Aug 31,10 or fewer
,,,Sep 1 – Sep 7,10 or fewer
,,,Sep 8 – Sep 14,10 or fewer
,,,Sep 15 – Sep 21,10 or fewer
,,,Sep 22 – Sep 28,10 or fewer
,,,Sep 29 – Oct 5,10 or fewer
,,,Oct 6 – Oct 12,10 or fewer
,,,Oct 13 – Oct 19,10 or fewer
,,,Oct 20 – Oct 26,10 or fewer
,,,Oct 27 – Nov 2,10 or fewer
,,,Nov 3 – Nov 9,10 or fewer
,,,Nov 10 – Nov 16,10 or fewer
,,,Nov 17 – Nov 23,10 or fewer
,,,Nov 24 – Nov 30,10 or fewer
,,,Dec 1 – Dec 7,10 or fewer
,,,Dec 8 – Dec 14,10 or fewer
,,,Dec 15 – Dec 21,10 or fewer
,,,Dec 22 – Dec 28,10 or fewer
,Total,2023 – 2024,Dec 31 – Jan 6,5857
,,2024,Jan 7 – Jan 13,5125
,,,Jan 14 – Jan 20,5019
,,,Jan 21 – Jan 27,5689
,,,Jan 28 – Feb 3,5830
,,,Feb 4 – Feb 10,5835
,,,Feb 11 – Feb 17,5941
,,,Feb 18 – Feb 24,6001
,,,Feb 25 – Mar 2,6083
,,,Mar 3 – Mar 9,5939
,,,Mar 10 – Mar 16,5970
,,,Mar 17 – Mar 23,5799
,,,Mar 24 – Mar 30,5967
,,,Mar 31 – Apr 6,5785
,,,Apr 7 – Apr 13,5828
,,,Apr 14 – Apr 20,6100
,,,Apr 21 – Apr 27,5689
,,,Apr 28 – May 4,5768
,,,May 5 – May 11,5905
,,,May 12 – May 18,5967
,,,May 19 – May 25,5955
,,,May 26 – Jun 1,5853
,,,Jun 2 – Jun 8,5992
,,,Jun 9 – Jun 15,6073
,,,Jun 16 – Jun 22,5944
,,,Jun 23 – Jun 29,5946
,,,Jun 30 – Jul 6,5731
,,,Jul 7 – Jul 13,6069
,,,Jul 14 – Jul 20,5976
,,,Jul 21 – Jul 27,5857
,,,Jul 28 – Aug 3,5876
,,,Aug 4 – Aug 10,5831
,,,Aug 11 – Aug 17,5678
,,,Aug 18 – Aug 24,6124
,,,Aug 25 – Aug 31,6058
,,,Sep 1 – Sep 7,6064
,,,Sep 8 – Sep 14,6153
,,,Sep 15 – Sep 21,5975
,,,Sep 22 – Sep 28,6017
,,,Sep 29 – Oct 5,5889
,,,Oct 6 – Oct 12,5960
,,,Oct 13 – Oct 19,5849
,,,Oct 20 – Oct 26,5895
,,,Oct 27 – Nov 2,5838
,,,Nov 3 – Nov 9,5791
,,,Nov 10 – Nov 16,5916
,,,Nov 17 – Nov 23,5891
,,,Nov 24 – Nov 30,5334
,,,Dec 1 – Dec 7,5905
,,,Dec 8 – Dec 14,5933
,,,Dec 15 – Dec 21,6182
,,,Dec 22 – Dec 28,6612
Nebraska,Less than 1 Years,2023 – 2024,Dec 31 – Jan 6,127
,,2024,Jan 7 – Jan 13,102
,,,Jan 14 – Jan 20,94
,,,Jan 21 – Jan 27,85
,,,Jan 28 – Feb 3,99
,,,Feb 4 – Feb 10,103
,,,Feb 11 – Feb 17,110
,,,Feb 18 – Feb 24,80
,,,Feb 25 – Mar 2,90
,,,Mar 3 – Mar 9,102
,,,Mar 10 – Mar 16,107
,,,Mar 17 – Mar 23,107
,,,Mar 24 – Mar 30,100
,,,Mar 31 – Apr 6,108
,,,Apr 7 – Apr 13,88
,,,Apr 14 – Apr 20,78
,,,Apr 21 – Apr 27,86
,,,Apr 28 – May 4,77
,,,May 5 – May 11,99
,,,May 12 – May 18,77
,,,May 19 – May 25,88
,,,May 26 – Jun 1,91
,,,Jun 2 – Jun 8,68
,,,Jun 9 – Jun 15,78
,,,Jun 16 – Jun 22,73
,,,Jun 23 – Jun 29,72
,,,Jun 30 – Jul 6,79
,,,Jul 7 – Jul 13,73
,,,Jul 14 – Jul 20,59
,,,Jul 21 – Jul 27,81
,,,Jul 28 – Aug 3,93
,,,Aug 4 – Aug 10,86
,,,Aug 11 – Aug 17,85
,,,Aug 18 – Aug 24,96
,,,Aug 25 – Aug 31,86
,,,Sep 1 – Sep 7,100
,,,Sep 8 – Sep 14,75
,,,Sep 15 – Sep 21,83
,,,Sep 22 – Sep 28,110
,,,Sep 29 – Oct 5,72
,,,Oct 6 – Oct 12,81
,,,Oct 13 – Oct 19,105
,,,Oct 20 – Oct 26,102
,,,Oct 27 – Nov 2,93
,,,Nov 3 – Nov 9,91
,,,Nov 10 – Nov 16,105
,,,Nov 17 – Nov 23,100
,,,Nov 24 – Nov 30,97
,,,Dec 1 – Dec 7,124
,,,Dec 8 – Dec 14,112
,,,Dec 15 – Dec 21,101
,,,Dec 22 – Dec 28,139
,≥ 1 and < 5 Years,2023 – 2024,Dec 31 – Jan 6,220
,,2024,Jan 7 – Jan 13,177
,,,Jan 14 – Jan 20,171
,,,Jan 21 – Jan 27,175
,,,Jan 28 – Feb 3,206
,,,Feb 4 – Feb 10,204
,,,Feb 11 – Feb 17,199
,,,Feb 18 – Feb 24,257
,,,Feb 25 – Mar 2,256
,,,Mar 3 – Mar 9,248
,,,Mar 10 – Mar 16,220
,,,Mar 17 – Mar 23,222
,,,Mar 24 – Mar 30,208
,,,Mar 31 – Apr 6,211
,,,Apr 7 – Apr 13,203
,,,Apr 14 – Apr 20,225
,,,Apr 21 – Apr 27,212
,,,Apr 28 – May 4,206
,,,May 5 – May 11,203
,,,May 12 – May 18,234
,,,May 19 – May 25,215
,,,May 26 – Jun 1,191
,,,Jun 2 – Jun 8,195
,,,Jun 9 – Jun 15,187
,,,Jun 16 – Jun 22,186
,,,Jun 23 – Jun 29,166
,,,Jun 30 – Jul 6,183
,,,Jul 7 – Jul 13,170
,,,Jul 14 – Jul 20,185
,,,Jul 21 – Jul 27,185
,,,Jul 28 – Aug 3,183
,,,Aug 4 – Aug 10,189
,,,Aug 11 – Aug 17,199
,,,Aug 18 – Aug 24,187
,,,Aug 25 – Aug 31,192
,,,Sep 1 – Sep 7,185
,,,Sep 8 – Sep 14,174
,,,Sep 15 – Sep 21,192
,,,Sep 22 – Sep 28,181
,,,Sep 29 – Oct 5,192
,,,Oct 6 – Oct 12,202
,,,Oct 13 – Oct 19,208
,,,Oct 20 – Oct 26,203
,,,Oct 27 – Nov 2,219
,,,Nov 3 – Nov 9,235
,,,Nov 10 – Nov 16,250
,,,Nov 17 – Nov 23,215
,,,Nov 24 – Nov 30,198
,,,Dec 1 – Dec 7,229
,,,Dec 8 – Dec 14,213
,,,Dec 15 – Dec 21,251
,,,Dec 22 – Dec 28,335
,≥ 5 and < 18 Years,2023 – 2024,Dec 31 – Jan 6,355
,,2024,Jan 7 – Jan 13,310
,,,Jan 14 – Jan 20,292
,,,Jan 21 – Jan 27,435
,,,Jan 28 – Feb 3,479
,,,Feb 4 – Feb 10,520
,,,Feb 11 – Feb 17,466
,,,Feb 18 – Feb 24,553
,,,Feb 25 – Mar 2,558
,,,Mar 3 – Mar 9,545
,,,Mar 10 – Mar 16,473
,,,Mar 17 – Mar 23,483
,,,Mar 24 – Mar 30,456
,,,Mar 31 – Apr 6,508
,,,Apr 7 – Apr 13,503
,,,Apr 14 – Apr 20,520
,,,Apr 21 – Apr 27,482
,,,Apr 28 – May 4,520
,,,May 5 – May 11,534
,,,May 12 – May 18,510
,,,May 19 – May 25,444
,,,May 26 – Jun 1,440
,,,Jun 2 – Jun 8,413
,,,Jun 9 – Jun 15,391
,,,Jun 16 – Jun 22,426
,,,Jun 23 – Jun 29,430
,,,Jun 30 – Jul 6,422
,,,Jul 7 – Jul 13,413
,,,Jul 14 – Jul 20,420
,,,Jul 21 – Jul 27,392
,,,Jul 28 – Aug 3,371
,,,Aug 4 – Aug 10,348
,,,Aug 11 – Aug 17,454
,,,Aug 18 – Aug 24,548
,,,Aug 25 – Aug 31,546
,,,Sep 1 – Sep 7,568
,,,Sep 8 – Sep 14,565
,,,Sep 15 – Sep 21,551
,,,Sep 22 – Sep 28,566
,,,Sep 29 – Oct 5,516
,,,Oct 6 – Oct 12,598
,,,Oct 13 – Oct 19,512
,,,Oct 20 – Oct 26,525
,,,Oct 27 – Nov 2,505
,,,Nov 3 – Nov 9,525
,,,Nov 10 – Nov 16,532
,,,Nov 17 – Nov 23,522
,,,Nov 24 – Nov 30,427
,,,Dec 1 – Dec 7,509
,,,Dec 8 – Dec 14,540
,,,Dec 15 – Dec 21,537
,,,Dec 22 – Dec 28,483
,≥ 18 and < 50 Years,2023 – 2024,Dec 31 – Jan 6,2364
,,2024,Jan 7 – Jan 13,1975
,,,Jan 14 – Jan 20,1966
,,,Jan 21 – Jan 27,2287
,,,Jan 28 – Feb 3,2268
,,,Feb 4 – Feb 10,2194
,,,Feb 11 – Feb 17,2253
,,,Feb 18 – Feb 24,2368
,,,Feb 25 – Mar 2,2369
,,,Mar 3 – Mar 9,2390
,,,Mar 10 – Mar 16,2396
,,,Mar 17 – Mar 23,2321
,,,Mar 24 – Mar 30,2410
,,,Mar 31 – Apr 6,2284
,,,Apr 7 – Apr 13,2270
,,,Apr 14 – Apr 20,2329
,,,Apr 21 – Apr 27,2276
,,,Apr 28 – May 4,2321
,,,May 5 – May 11,2335
,,,May 12 – May 18,2378
,,,May 19 – May 25,2233
,,,May 26 – Jun 1,2480
,,,Jun 2 – Jun 8,2366
,,,Jun 9 – Jun 15,2447
,,,Jun 16 – Jun 22,2393
,,,Jun 23 – Jun 29,2492
,,,Jun 30 – Jul 6,2396
,,,Jul 7 – Jul 13,2550
,,,Jul 14 – Jul 20,2423
,,,Jul 21 – Jul 27,2431
,,,Jul 28 – Aug 3,2596
,,,Aug 4 – Aug 10,2519
,,,Aug 11 – Aug 17,2456
,,,Aug 18 – Aug 24,2480
,,,Aug 25 – Aug 31,2627
,,,Sep 1 – Sep 7,2537
,,,Sep 8 – Sep 14,2530
,,,Sep 15 – Sep 21,2572
,,,Sep 22 – Sep 28,2481
,,,Sep 29 – Oct 5,2471
,,,Oct 6 – Oct 12,2577
,,,Oct 13 – Oct 19,2460
,,,Oct 20 – Oct 26,2593
,,,Oct 27 – Nov 2,2607
,,,Nov 3 – Nov 9,2543
,,,Nov 10 – Nov 16,2582
,,,Nov 17 – Nov 23,2535
,,,Nov 24 – Nov 30,2306
,,,Dec 1 – Dec 7,2569
,,,Dec 8 – Dec 14,2639
,,,Dec 15 – Dec 21,2523
,,,Dec 22 – Dec 28,2481
,≥ 50 and < 65 Years,2023 – 2024,Dec 31 – Jan 6,908
,,2024,Jan 7 – Jan 13,844
,,,Jan 14 – Jan 20,818
,,,Jan 21 – Jan 27,923
,,,Jan 28 – Feb 3,938
,,,Feb 4 – Feb 10,929
,,,Feb 11 – Feb 17,891
,,,Feb 18 – Feb 24,983
,,,Feb 25 – Mar 2,905
,,,Mar 3 – Mar 9,938
,,,Mar 10 – Mar 16,950
,,,Mar 17 – Mar 23,939
,,,Mar 24 – Mar 30,876
,,,Mar 31 – Apr 6,939
,,,Apr 7 – Apr 13,1026
,,,Apr 14 – Apr 20,999
,,,Apr 21 – Apr 27,987
,,,Apr 28 – May 4,925
,,,May 5 – May 11,970
,,,May 12 – May 18,940
,,,May 19 – May 25,963
,,,May 26 – Jun 1,992
,,,Jun 2 – Jun 8,1046
,,,Jun 9 – Jun 15,973
,,,Jun 16 – Jun 22,948
,,,Jun 23 – Jun 29,919
,,,Jun 30 – Jul 6,926
,,,Jul 7 – Jul 13,960
,,,Jul 14 – Jul 20,1022
,,,Jul 21 – Jul 27,1016
,,,Jul 28 – Aug 3,1003
,,,Aug 4 – Aug 10,989
,,,Aug 11 – Aug 17,969
,,,Aug 18 – Aug 24,998
,,,Aug 25 – Aug 31,1005
,,,Sep 1 – Sep 7,985
,,,Sep 8 – Sep 14,996
,,,Sep 15 – Sep 21,1031
,,,Sep 22 – Sep 28,933
,,,Sep 29 – Oct 5,943
,,,Oct 6 – Oct 12,914
,,,Oct 13 – Oct 19,981
,,,Oct 20 – Oct 26,988
,,,Oct 27 – Nov 2,970
,,,Nov 3 – Nov 9,914
,,,Nov 10 – Nov 16,1026
,,,Nov 17 – Nov 23,1005
,,,Nov 24 – Nov 30,910
,,,Dec 1 – Dec 7,957
,,,Dec 8 – Dec 14,996
,,,Dec 15 – Dec 21,1088
,,,Dec 22 – Dec 28,997
,65 Years or more,2023 – 2024,Dec 31 – Jan 6,1321
,,2024,Jan 7 – Jan 13,1144
,,,Jan 14 – Jan 20,1172
,,,Jan 21 – Jan 27,1271
,,,Jan 28 – Feb 3,1269
,,,Feb 4 – Feb 10,1262
,,,Feb 11 – Feb 17,1257
,,,Feb 18 – Feb 24,1375
,,,Feb 25 – Mar 2,1400
,,,Mar 3 – Mar 9,1311
,,,Mar 10 – Mar 16,1306
,,,Mar 17 – Mar 23,1335
,,,Mar 24 – Mar 30,1360
,,,Mar 31 – Apr 6,1284
,,,Apr 7 – Apr 13,1350
,,,Apr 14 – Apr 20,1426
,,,Apr 21 – Apr 27,1319
,,,Apr 28 – May 4,1376
,,,May 5 – May 11,1307
,,,May 12 – May 18,1415
,,,May 19 – May 25,1362
,,,May 26 – Jun 1,1515
,,,Jun 2 – Jun 8,1385
,,,Jun 9 – Jun 15,1379
,,,Jun 16 – Jun 22,1348
,,,Jun 23 – Jun 29,1426
,,,Jun 30 – Jul 6,1333
,,,Jul 7 – Jul 13,1459
,,,Jul 14 – Jul 20,1407
,,,Jul 21 – Jul 27,1395
,,,Jul 28 – Aug 3,1448
,,,Aug 4 – Aug 10,1408
,,,Aug 11 – Aug 17,1441
,,,Aug 18 – Aug 24,1431
,,,Aug 25 – Aug 31,1381
,,,Sep 1 – Sep 7,1388
,,,Sep 8 – Sep 14,1408
,,,Sep 15 – Sep 21,1465
,,,Sep 22 – Sep 28,1382
,,,Sep 29 – Oct 5,1461
,,,Oct 6 – Oct 12,1539
,,,Oct 13 – Oct 19,1380
,,,Oct 20 – Oct 26,1511
,,,Oct 27 – Nov 2,1430
,,,Nov 3 – Nov 9,1405
,,,Nov 10 – Nov 16,1517
,,,Nov 17 – Nov 23,1539
,,,Nov 24 – Nov 30,1567
,,,Dec 1 – Dec 7,1581
,,,Dec 8 – Dec 14,1535
,,,Dec 15 – Dec 21,1596
,,,Dec 22 – Dec 28,1715
,No value,2023 – 2024,Dec 31 – Jan 6,10 or fewer
,,2024,Jan 7 – Jan 13,10 or fewer
,,,Jan 14 – Jan 20,10 or fewer
,,,Jan 21 – Jan 27,10 or fewer
,,,Jan 28 – Feb 3,10 or fewer
,,,Feb 4 – Feb 10,10 or fewer
,,,Feb 11 – Feb 17,10 or fewer
,,,Feb 18 – Feb 24,10 or fewer
,,,Feb 25 – Mar 2,10 or fewer
,,,Mar 3 – Mar 9,10 or fewer
,,,Mar 10 – Mar 16,10 or fewer
,,,Mar 17 – Mar 23,10 or fewer
,,,Mar 24 – Mar 30,10 or fewer
,,,Mar 31 – Apr 6,10 or fewer
,,,Apr 7 – Apr 13,10 or fewer
,,,Apr 14 – Apr 20,10 or fewer
,,,Apr 21 – Apr 27,10 or fewer
,,,Apr 28 – May 4,10 or fewer
,,,May 5 – May 11,10 or fewer
,,,May 12 – May 18,10 or fewer
,,,May 19 – May 25,10 or fewer
,,,May 26 – Jun 1,10 or fewer
,,,Jun 2 – Jun 8,10 or fewer
,,,Jun 9 – Jun 15,10 or fewer
,,,Jun 16 – Jun 22,10 or fewer
,,,Jun 23 – Jun 29,10 or fewer
,,,Jun 30 – Jul 6,10 or fewer
,,,Jul 7 – Jul 13,10 or fewer
,,,Jul 14 – Jul 20,10 or fewer
,,,Jul 21 – Jul 27,10 or fewer
,,,Jul 28 – Aug 3,10 or fewer
,,,Aug 4 – Aug 10,10 or fewer
,,,Aug 11 – Aug 17,10 or fewer
,,,Aug 18 – Aug 24,10 or fewer
,,,Aug 25 – Aug 31,10 or fewer
,,,Sep 1 – Sep 7,10 or fewer
,,,Sep 8 – Sep 14,10 or fewer
,,,Sep 15 – Sep 21,10 or fewer
,,,Sep 22 – Sep 28,10 or fewer
,,,Sep 29 – Oct 5,10 or fewer
,,,Oct 6 – Oct 12,10 or fewer
,,,Oct 13 – Oct 19,10 or fewer
,,,Oct 20 – Oct 26,10 or fewer
,,,Oct 27 – Nov 2,10 or fewer
,,,Nov 3 – Nov 9,10 or fewer
,,,Nov 10 – Nov 16,10 or fewer
,,,Nov 17 – Nov 23,10 or fewer
,,,Nov 24 – Nov 30,10 or fewer
,,,Dec 1 – Dec 7,10 or fewer
,,,Dec 8 – Dec 14,10 or fewer
,,,Dec 15 – Dec 21,10 or fewer
,,,Dec 22 – Dec 28,10 or fewer
,Total,2023 – 2024,Dec 31 – Jan 6,5295
,,2024,Jan 7 – Jan 13,4552
,,,Jan 14 – Jan 20,4513
,,,Jan 21 – Jan 27,5176
,,,Jan 28 – Feb 3,5259
,,,Feb 4 – Feb 10,5212
,,,Feb 11 – Feb 17,5176
,,,Feb 18 – Feb 24,5616
,,,Feb 25 – Mar 2,5578
,,,Mar 3 – Mar 9,5534
,,,Mar 10 – Mar 16,5452
,,,Mar 17 – Mar 23,5407
,,,Mar 24 – Mar 30,5410
,,,Mar 31 – Apr 6,5334
,,,Apr 7 – Apr 13,5440
,,,Apr 14 – Apr 20,5577
,,,Apr 21 – Apr 27,5362
,,,Apr 28 – May 4,5425
,,,May 5 – May 11,5448
,,,May 12 – May 18,5554
,,,May 19 – May 25,5305
,,,May 26 – Jun 1,5709
,,,Jun 2 – Jun 8,5473
,,,Jun 9 – Jun 15,5455
,,,Jun 16 – Jun 22,5374
,,,Jun 23 – Jun 29,5505
,,,Jun 30 – Jul 6,5339
,,,Jul 7 – Jul 13,5625
,,,Jul 14 – Jul 20,5516
,,,Jul 21 – Jul 27,5500
,,,Jul 28 – Aug 3,5694
,,,Aug 4 – Aug 10,5539
,,,Aug 11 – Aug 17,5604
,,,Aug 18 – Aug 24,5740
,,,Aug 25 – Aug 31,5837
,,,Sep 1 – Sep 7,5763
,,,Sep 8 – Sep 14,5748
,,,Sep 15 – Sep 21,5894
,,,Sep 22 – Sep 28,5653
,,,Sep 29 – Oct 5,5655
,,,Oct 6 – Oct 12,5911
,,,Oct 13 – Oct 19,5646
,,,Oct 20 – Oct 26,5922
,,,Oct 27 – Nov 2,5824
,,,Nov 3 – Nov 9,5713
,,,Nov 10 – Nov 16,6012
,,,Nov 17 – Nov 23,5916
,,,Nov 24 – Nov 30,5505
,,,Dec 1 – Dec 7,5969
,,,Dec 8 – Dec 14,6035
,,,Dec 15 – Dec 21,6096
,,,Dec 22 – Dec 28,6150
Maine,Less than 1 Years,2023 – 2024,Dec 31 – Jan 6,136
,,2024,Jan 7 – Jan 13,107
,,,Jan 14 – Jan 20,72
,,,Jan 21 – Jan 27,100
,,,Jan 28 – Feb 3,71
,,,Feb 4 – Feb 10,81
,,,Feb 11 – Feb 17,70
,,,Feb 18 – Feb 24,85
,,,Feb 25 – Mar 2,75
,,,Mar 3 – Mar 9,70
,,,Mar 10 – Mar 16,72
,,,Mar 17 – Mar 23,80
,,,Mar 24 – Mar 30,81
,,,Mar 31 – Apr 6,91
,,,Apr 7 – Apr 13,88
,,,Apr 14 – Apr 20,79
,,,Apr 21 – Apr 27,60
,,,Apr 28 – May 4,69
,,,May 5 – May 11,64
,,,May 12 – May 18,66
,,,May 19 – May 25,61
,,,May 26 – Jun 1,60
,,,Jun 2 – Jun 8,61
,,,Jun 9 – Jun 15,72
,,,Jun 16 – Jun 22,76
,,,Jun 23 – Jun 29,59
,,,Jun 30 – Jul 6,74
,,,Jul 7 – Jul 13,52
,,,Jul 14 – Jul 20,47
,,,Jul 21 – Jul 27,60
,,,Jul 28 – Aug 3,48
,,,Aug 4 – Aug 10,56
,,,Aug 11 – Aug 17,59
,,,Aug 18 – Aug 24,64
,,,Aug 25 – Aug 31,58
,,,Sep 1 – Sep 7,67
,,,Sep 8 – Sep 14,71
,,,Sep 15 – Sep 21,68
,,,Sep 22 – Sep 28,58
,,,Sep 29 – Oct 5,65
,,,Oct 6 – Oct 12,64
,,,Oct 13 – Oct 19,66
,,,Oct 20 – Oct 26,65
,,,Oct 27 – Nov 2,60
,,,Nov 3 – Nov 9,67
,,,Nov 10 – Nov 16,82
,,,Nov 17 – Nov 23,88
,,,Nov 24 – Nov 30,72
,,,Dec 1 – Dec 7,84
,,,Dec 8 – Dec 14,83
,,,Dec 15 – Dec 21,94
,,,Dec 22 – Dec 28,94
,≥ 1 and < 5 Years,2023 – 2024,Dec 31 – Jan 6,221
,,2024,Jan 7 – Jan 13,200
,,,Jan 14 – Jan 20,159
,,,Jan 21 – Jan 27,172
,,,Jan 28 – Feb 3,203
,,,Feb 4 – Feb 10,172
,,,Feb 11 – Feb 17,161
,,,Feb 18 – Feb 24,190
,,,Feb 25 – Mar 2,176
,,,Mar 3 – Mar 9,197
,,,Mar 10 – Mar 16,184
,,,Mar 17 – Mar 23,176
,,,Mar 24 – Mar 30,189
,,,Mar 31 – Apr 6,210
,,,Apr 7 – Apr 13,201
,,,Apr 14 – Apr 20,184
,,,Apr 21 – Apr 27,181
,,,Apr 28 – May 4,150
,,,May 5 – May 11,188
,,,May 12 – May 18,211
,,,May 19 – May 25,219
,,,May 26 – Jun 1,194
,,,Jun 2 – Jun 8,174
,,,Jun 9 – Jun 15,187
,,,Jun 16 – Jun 22,193
,,,Jun 23 – Jun 29,150
,,,Jun 30 – Jul 6,142
,,,Jul 7 – Jul 13,153
,,,Jul 14 – Jul 20,168
,,,Jul 21 – Jul 27,134
,,,Jul 28 – Aug 3,146
,,,Aug 4 – Aug 10,131
,,,Aug 11 – Aug 17,147
,,,Aug 18 – Aug 24,151
,,,Aug 25 – Aug 31,154
,,,Sep 1 – Sep 7,151
,,,Sep 8 – Sep 14,152
,,,Sep 15 – Sep 21,179
,,,Sep 22 – Sep 28,144
,,,Sep 29 – Oct 5,200
,,,Oct 6 – Oct 12,196
,,,Oct 13 – Oct 19,180
,,,Oct 20 – Oct 26,195
,,,Oct 27 – Nov 2,175
,,,Nov 3 – Nov 9,204
,,,Nov 10 – Nov 16,187
,,,Nov 17 – Nov 23,174
,,,Nov 24 – Nov 30,199
,,,Dec 1 – Dec 7,172
,,,Dec 8 – Dec 14,196
,,,Dec 15 – Dec 21,206
,,,Dec 22 – Dec 28,222
,≥ 5 and < 18 Years,2023 – 2024,Dec 31 – Jan 6,462
,,2024,Jan 7 – Jan 13,399
,,,Jan 14 – Jan 20,460
,,,Jan 21 – Jan 27,447
,,,Jan 28 – Feb 3,520
,,,Feb 4 – Feb 10,464
,,,Feb 11 – Feb 17,448
,,,Feb 18 – Feb 24,421
,,,Feb 25 – Mar 2,447
,,,Mar 3 – Mar 9,482
,,,Mar 10 – Mar 16,483
,,,Mar 17 – Mar 23,488
,,,Mar 24 – Mar 30,457
,,,Mar 31 – Apr 6,461
,,,Apr 7 – Apr 13,406
,,,Apr 14 – Apr 20,414
,,,Apr 21 – Apr 27,441
,,,Apr 28 – May 4,503
,,,May 5 – May 11,493
,,,May 12 – May 18,489
,,,May 19 – May 25,521
,,,May 26 – Jun 1,454
,,,Jun 2 – Jun 8,463
,,,Jun 9 – Jun 15,433
,,,Jun 16 – Jun 22,411
,,,Jun 23 – Jun 29,396
,,,Jun 30 – Jul 6,420
,,,Jul 7 – Jul 13,416
,,,Jul 14 – Jul 20,462
,,,Jul 21 – Jul 27,420
,,,Jul 28 – Aug 3,421
,,,Aug 4 – Aug 10,390
,,,Aug 11 – Aug 17,397
,,,Aug 18 – Aug 24,398
,,,Aug 25 – Aug 31,405
,,,Sep 1 – Sep 7,434
,,,Sep 8 – Sep 14,505
,,,Sep 15 – Sep 21,542
,,,Sep 22 – Sep 28,465
,,,Sep 29 – Oct 5,480
,,,Oct 6 – Oct 12,529
,,,Oct 13 – Oct 19,515
,,,Oct 20 – Oct 26,588
,,,Oct 27 – Nov 2,515
,,,Nov 3 – Nov 9,549
,,,Nov 10 – Nov 16,473
,,,Nov 17 – Nov 23,504
,,,Nov 24 – Nov 30,424
,,,Dec 1 – Dec 7,428
,,,Dec 8 – Dec 14,413
,,,Dec 15 – Dec 21,421
,,,Dec 22 – Dec 28,359
,≥ 18 and < 50 Years,2023 – 2024,Dec 31 – Jan 6,1984
,,2024,Jan 7 – Jan 13,1770
,,,Jan 14 – Jan 20,1831
,,,Jan 21 – Jan 27,1747
,,,Jan 28 – Feb 3,1895
,,,Feb 4 – Feb 10,1969
,,,Feb 11 – Feb 17,1897
,,,Feb 18 – Feb 24,1902
,,,Feb 25 – Mar 2,1959
,,,Mar 3 – Mar 9,1941
,,,Mar 10 – Mar 16,1960
,,,Mar 17 – Mar 23,1901
,,,Mar 24 – Mar 30,1986
,,,Mar 31 – Apr 6,1856
,,,Apr 7 – Apr 13,1926
,,,Apr 14 – Apr 20,1998
,,,Apr 21 – Apr 27,1937
,,,Apr 28 – May 4,1938
,,,May 5 – May 11,2006
,,,May 12 – May 18,1997
,,,May 19 – May 25,2013
,,,May 26 – Jun 1,2039
,,,Jun 2 – Jun 8,2072
,,,Jun 9 – Jun 15,1952
,,,Jun 16 – Jun 22,2026
,,,Jun 23 – Jun 29,2044
,,,Jun 30 – Jul 6,2121
,,,Jul 7 – Jul 13,2227
,,,Jul 14 – Jul 20,2187
,,,Jul 21 – Jul 27,2145
,,,Jul 28 – Aug 3,2159
,,,Aug 4 – Aug 10,2085
,,,Aug 11 – Aug 17,2088
,,,Aug 18 – Aug 24,2066
,,,Aug 25 – Aug 31,2042
,,,Sep 1 – Sep 7,2041
,,,Sep 8 – Sep 14,2086
,,,Sep 15 – Sep 21,2027
,,,Sep 22 – Sep 28,1998
,,,Sep 29 – Oct 5,2067
,,,Oct 6 – Oct 12,1988
,,,Oct 13 – Oct 19,2151
,,,Oct 20 – Oct 26,2138
,,,Oct 27 – Nov 2,2041
,,,Nov 3 – Nov 9,2114
,,,Nov 10 – Nov 16,2008
,,,Nov 17 – Nov 23,1979
,,,Nov 24 – Nov 30,1887
,,,Dec 1 – Dec 7,1977
,,,Dec 8 – Dec 14,1930
,,,Dec 15 – Dec 21,1930
,,,Dec 22 – Dec 28,1842
,≥ 50 and < 65 Years,2023 – 2024,Dec 31 – Jan 6,1092
,,2024,Jan 7 – Jan 13,925
,,,Jan 14 – Jan 20,973
,,,Jan 21 – Jan 27,901
,,,Jan 28 – Feb 3,998
,,,Feb 4 – Feb 10,1005
,,,Feb 11 – Feb 17,943
,,,Feb 18 – Feb 24,973
,,,Feb 25 – Mar 2,956
,,,Mar 3 – Mar 9,986
,,,Mar 10 – Mar 16,993
,,,Mar 17 – Mar 23,901
,,,Mar 24 – Mar 30,1044
,,,Mar 31 – Apr 6,920
,,,Apr 7 – Apr 13,1027
,,,Apr 14 – Apr 20,960
,,,Apr 21 – Apr 27,957
,,,Apr 28 – May 4,928
,,,May 5 – May 11,1015
,,,May 12 – May 18,1037
,,,May 19 – May 25,1005
,,,May 26 – Jun 1,1114
,,,Jun 2 – Jun 8,1026
,,,Jun 9 – Jun 15,1028
,,,Jun 16 – Jun 22,1088
,,,Jun 23 – Jun 29,1069
,,,Jun 30 – Jul 6,1059
,,,Jul 7 – Jul 13,1088
,,,Jul 14 – Jul 20,1119
,,,Jul 21 – Jul 27,1058
,,,Jul 28 – Aug 3,1006
,,,Aug 4 – Aug 10,1038
,,,Aug 11 – Aug 17,1036
,,,Aug 18 – Aug 24,1029
,,,Aug 25 – Aug 31,1066
,,,Sep 1 – Sep 7,1107
,,,Sep 8 – Sep 14,1058
,,,Sep 15 – Sep 21,1069
,,,Sep 22 – Sep 28,979
,,,Sep 29 – Oct 5,997
,,,Oct 6 – Oct 12,1029
,,,Oct 13 – Oct 19,983
,,,Oct 20 – Oct 26,1048
,,,Oct 27 – Nov 2,989
,,,Nov 3 – Nov 9,1079
,,,Nov 10 – Nov 16,1023
,,,Nov 17 – Nov 23,1009
,,,Nov 24 – Nov 30,959
,,,Dec 1 – Dec 7,990
,,,Dec 8 – Dec 14,970
,,,Dec 15 – Dec 21,1005
,,,Dec 22 – Dec 28,1012
,65 Years or more,2023 – 2024,Dec 31 – Jan 6,1858
,,2024,Jan 7 – Jan 13,1647
,,,Jan 14 – Jan 20,1599
,,,Jan 21 – Jan 27,1543
,,,Jan 28 – Feb 3,1703
,,,Feb 4 – Feb 10,1727
,,,Feb 11 – Feb 17,1725
,,,Feb 18 – Feb 24,1623
,,,Feb 25 – Mar 2,1706
,,,Mar 3 – Mar 9,1773
,,,Mar 10 – Mar 16,1681
,,,Mar 17 – Mar 23,1685
,,,Mar 24 – Mar 30,1729
,,,Mar 31 – Apr 6,1690
,,,Apr 7 – Apr 13,1756
,,,Apr 14 – Apr 20,1812
,,,Apr 21 – Apr 27,1778
,,,Apr 28 – May 4,1774
,,,May 5 – May 11,1818
,,,May 12 – May 18,1875
,,,May 19 – May 25,1904
,,,May 26 – Jun 1,1929
,,,Jun 2 – Jun 8,1935
,,,Jun 9 – Jun 15,1929
,,,Jun 16 – Jun 22,1838
,,,Jun 23 – Jun 29,1937
,,,Jun 30 – Jul 6,2004
,,,Jul 7 – Jul 13,1919
,,,Jul 14 – Jul 20,1995
,,,Jul 21 – Jul 27,1901
,,,Jul 28 – Aug 3,1888
,,,Aug 4 – Aug 10,1855
,,,Aug 11 – Aug 17,1898
,,,Aug 18 – Aug 24,1903
,,,Aug 25 – Aug 31,1931
,,,Sep 1 – Sep 7,1805
,,,Sep 8 – Sep 14,1865
,,,Sep 15 – Sep 21,1884
,,,Sep 22 – Sep 28,1788
,,,Sep 29 – Oct 5,1887
,,,Oct 6 – Oct 12,1827
,,,Oct 13 – Oct 19,1895
,,,Oct 20 – Oct 26,1964
,,,Oct 27 – Nov 2,1844
,,,Nov 3 – Nov 9,1936
,,,Nov 10 – Nov 16,1852
,,,Nov 17 – Nov 23,1929
,,,Nov 24 – Nov 30,1820
,,,Dec 1 – Dec 7,1765
,,,Dec 8 – Dec 14,1777
,,,Dec 15 – Dec 21,1893
,,,Dec 22 – Dec 28,1840
,No value,2023 – 2024,Dec 31 – Jan 6,10 or fewer
,,2024,Jan 7 – Jan 13,10 or fewer
,,,Jan 14 – Jan 20,10 or fewer
,,,Jan 21 – Jan 27,10 or fewer
,,,Jan 28 – Feb 3,10 or fewer
,,,Feb 4 – Feb 10,10 or fewer
,,,Feb 11 – Feb 17,10 or fewer
,,,Feb 18 – Feb 24,10 or fewer
,,,Feb 25 – Mar 2,10 or fewer
,,,Mar 3 – Mar 9,10 or fewer
,,,Mar 10 – Mar 16,10 or fewer
,,,Mar 17 – Mar 23,10 or fewer
,,,Mar 24 – Mar 30,10 or fewer
,,,Mar 31 – Apr 6,10 or fewer
,,,Apr 7 – Apr 13,10 or fewer
,,,Apr 14 – Apr 20,10 or fewer
,,,Apr 21 – Apr 27,10 or fewer
,,,Apr 28 – May 4,10 or fewer
,,,May 5 – May 11,10 or fewer
,,,May 12 – May 18,10 or fewer
,,,May 19 – May 25,10 or fewer
,,,May 26 – Jun 1,10 or fewer
,,,Jun 2 – Jun 8,10 or fewer
,,,Jun 9 – Jun 15,10 or fewer
,,,Jun 16 – Jun 22,10 or fewer
,,,Jun 23 – Jun 29,10 or fewer
,,,Jun 30 – Jul 6,10 or fewer
,,,Jul 7 – Jul 13,10 or fewer
,,,Jul 14 – Jul 20,10 or fewer
,,,Jul 21 – Jul 27,10 or fewer
,,,Jul 28 – Aug 3,10 or fewer
,,,Aug 4 – Aug 10,10 or fewer
,,,Aug 11 – Aug 17,10 or fewer
,,,Aug 18 – Aug 24,10 or fewer
,,,Aug 25 – Aug 31,10 or fewer
,,,Sep 1 – Sep 7,10 or fewer
,,,Sep 8 – Sep 14,10 or fewer
,,,Sep 15 – Sep 21,10 or fewer
,,,Sep 22 – Sep 28,10 or fewer
,,,Sep 29 – Oct 5,10 or fewer
,,,Oct 6 – Oct 12,10 or fewer
,,,Oct 13 – Oct 19,10 or fewer
,,,Oct 20 – Oct 26,10 or fewer
,,,Oct 27 – Nov 2,10 or fewer
,,,Nov 3 – Nov 9,10 or fewer
,,,Nov 10 – Nov 16,10 or fewer
,,,Nov 17 – Nov 23,10 or fewer
,,,Nov 24 – Nov 30,10 or fewer
,,,Dec 1 – Dec 7,10 or fewer
,,,Dec 8 – Dec 14,10 or fewer
,,,Dec 15 – Dec 21,10 or fewer
,,,Dec 22 – Dec 28,10 or fewer
,Total,2023 – 2024,Dec 31 – Jan 6,5753
,,2024,Jan 7 – Jan 13,5048
,,,Jan 14 – Jan 20,5094
,,,Jan 21 – Jan 27,4910
,,,Jan 28 – Feb 3,5390
,,,Feb 4 – Feb 10,5418
,,,Feb 11 – Feb 17,5244
,,,Feb 18 – Feb 24,5194
,,,Feb 25 – Mar 2,5319
,,,Mar 3 – Mar 9,5449
,,,Mar 10 – Mar 16,5373
,,,Mar 17 – Mar 23,5231
,,,Mar 24 – Mar 30,5486
,,,Mar 31 – Apr 6,5228
,,,Apr 7 – Apr 13,5404
,,,Apr 14 – Apr 20,5447
,,,Apr 21 – Apr 27,5354
,,,Apr 28 – May 4,5362
,,,May 5 – May 11,5584
,,,May 12 – May 18,5675
,,,May 19 – May 25,5723
,,,May 26 – Jun 1,5790
,,,Jun 2 – Jun 8,5731
,,,Jun 9 – Jun 15,5601
,,,Jun 16 – Jun 22,5632
,,,Jun 23 – Jun 29,5655
,,,Jun 30 – Jul 6,5820
,,,Jul 7 – Jul 13,5855
,,,Jul 14 – Jul 20,5978
,,,Jul 21 – Jul 27,5718
,,,Jul 28 – Aug 3,5668
,,,Aug 4 – Aug 10,5555
,,,Aug 11 – Aug 17,5625
,,,Aug 18 – Aug 24,5611
,,,Aug 25 – Aug 31,5656
,,,Sep 1 – Sep 7,5605
,,,Sep 8 – Sep 14,5737
,,,Sep 15 – Sep 21,5769
,,,Sep 22 – Sep 28,5432
,,,Sep 29 – Oct 5,5696
,,,Oct 6 – Oct 12,5633
,,,Oct 13 – Oct 19,5790
,,,Oct 20 – Oct 26,5998
,,,Oct 27 – Nov 2,5624
,,,Nov 3 – Nov 9,5949
,,,Nov 10 – Nov 16,5625
,,,Nov 17 – Nov 23,5683
,,,Nov 24 – Nov 30,5361
,,,Dec 1 – Dec 7,5416
,,,Dec 8 – Dec 14,5369
,,,Dec 15 – Dec 21,5549
,,,Dec 22 – Dec 28,5369
Nevada,Less than 1 Years,2023 – 2024,Dec 31 – Jan 6,165
,,2024,Jan 7 – Jan 13,126
,,,Jan 14 – Jan 20,127
,,,Jan 21 – Jan 27,127
,,,Jan 28 – Feb 3,131
,,,Feb 4 – Feb 10,111
,,,Feb 11 – Feb 17,101
,,,Feb 18 – Feb 24,125
,,,Feb 25 – Mar 2,129
,,,Mar 3 – Mar 9,116
,,,Mar 10 – Mar 16,116
,,,Mar 17 – Mar 23,122
,,,Mar 24 – Mar 30,108
,,,Mar 31 – Apr 6,125
,,,Apr 7 – Apr 13,118
,,,Apr 14 – Apr 20,116
,,,Apr 21 – Apr 27,125
,,,Apr 28 – May 4,108
,,,May 5 – May 11,86
,,,May 12 – May 18,117
,,,May 19 – May 25,108
,,,May 26 – Jun 1,99
,,,Jun 2 – Jun 8,103
,,,Jun 9 – Jun 15,106
,,,Jun 16 – Jun 22,102
,,,Jun 23 – Jun 29,91
,,,Jun 30 – Jul 6,101
,,,Jul 7 – Jul 13,96
,,,Jul 14 – Jul 20,93
,,,Jul 21 – Jul 27,106
,,,Jul 28 – Aug 3,99
,,,Aug 4 – Aug 10,100
,,,Aug 11 – Aug 17,112
,,,Aug 18 – Aug 24,99
,,,Aug 25 – Aug 31,119
,,,Sep 1 – Sep 7,129
,,,Sep 8 – Sep 14,100
,,,Sep 15 – Sep 21,95
,,,Sep 22 – Sep 28,103
,,,Sep 29 – Oct 5,95
,,,Oct 6 – Oct 12,99
,,,Oct 13 – Oct 19,76
,,,Oct 20 – Oct 26,107
,,,Oct 27 – Nov 2,100
,,,Nov 3 – Nov 9,117
,,,Nov 10 – Nov 16,112
,,,Nov 17 – Nov 23,120
,,,Nov 24 – Nov 30,128
,,,Dec 1 – Dec 7,145
,,,Dec 8 – Dec 14,139
,,,Dec 15 – Dec 21,154
,,,Dec 22 – Dec 28,174
,≥ 1 and < 5 Years,2023 – 2024,Dec 31 – Jan 6,314
,,2024,Jan 7 – Jan 13,255
,,,Jan 14 – Jan 20,287
,,,Jan 21 – Jan 27,270
,,,Jan 28 – Feb 3,267
,,,Feb 4 – Feb 10,293
,,,Feb 11 – Feb 17,257
,,,Feb 18 – Feb 24,264
,,,Feb 25 – Mar 2,282
,,,Mar 3 – Mar 9,263
,,,Mar 10 – Mar 16,270
,,,Mar 17 – Mar 23,286
,,,Mar 24 – Mar 30,262
,,,Mar 31 – Apr 6,258
,,,Apr 7 – Apr 13,270
,,,Apr 14 – Apr 20,276
,,,Apr 21 – Apr 27,283
,,,Apr 28 – May 4,277
,,,May 5 – May 11,313
,,,May 12 – May 18,300
,,,May 19 – May 25,280
,,,May 26 – Jun 1,274
,,,Jun 2 – Jun 8,247
,,,Jun 9 – Jun 15,280
,,,Jun 16 – Jun 22,197
,,,Jun 23 – Jun 29,219
,,,Jun 30 – Jul 6,274
,,,Jul 7 – Jul 13,218
,,,Jul 14 – Jul 20,189
,,,Jul 21 – Jul 27,185
,,,Jul 28 – Aug 3,198
,,,Aug 4 – Aug 10,177
,,,Aug 11 – Aug 17,179
,,,Aug 18 – Aug 24,214
,,,Aug 25 – Aug 31,214
,,,Sep 1 – Sep 7,224
,,,Sep 8 – Sep 14,203
,,,Sep 15 – Sep 21,223
,,,Sep 22 – Sep 28,276
,,,Sep 29 – Oct 5,216
,,,Oct 6 – Oct 12,214
,,,Oct 13 – Oct 19,214
,,,Oct 20 – Oct 26,242
,,,Oct 27 – Nov 2,246
,,,Nov 3 – Nov 9,232
,,,Nov 10 – Nov 16,277
,,,Nov 17 – Nov 23,303
,,,Nov 24 – Nov 30,276
,,,Dec 1 – Dec 7,301
,,,Dec 8 – Dec 14,288
,,,Dec 15 – Dec 21,382
,,,Dec 22 – Dec 28,412
,≥ 5 and < 18 Years,2023 – 2024,Dec 31 – Jan 6,486
,,2024,Jan 7 – Jan 13,445
,,,Jan 14 – Jan 20,501
,,,Jan 21 – Jan 27,597
,,,Jan 28 – Feb 3,542
,,,Feb 4 – Feb 10,537
,,,Feb 11 – Feb 17,587
,,,Feb 18 – Feb 24,543
,,,Feb 25 – Mar 2,528
,,,Mar 3 – Mar 9,525
,,,Mar 10 – Mar 16,561
,,,Mar 17 – Mar 23,535
,,,Mar 24 – Mar 30,484
,,,Mar 31 – Apr 6,457
,,,Apr 7 – Apr 13,581
,,,Apr 14 – Apr 20,574
,,,Apr 21 – Apr 27,616
,,,Apr 28 – May 4,566
,,,May 5 – May 11,600
,,,May 12 – May 18,591
,,,May 19 – May 25,542
,,,May 26 – Jun 1,558
,,,Jun 2 – Jun 8,484
,,,Jun 9 – Jun 15,431
,,,Jun 16 – Jun 22,418
,,,Jun 23 – Jun 29,404
,,,Jun 30 – Jul 6,415
,,,Jul 7 – Jul 13,407
,,,Jul 14 – Jul 20,372
,,,Jul 21 – Jul 27,399
,,,Jul 28 – Aug 3,339
,,,Aug 4 – Aug 10,374
,,,Aug 11 – Aug 17,451
,,,Aug 18 – Aug 24,528
,,,Aug 25 – Aug 31,547
,,,Sep 1 – Sep 7,555
,,,Sep 8 – Sep 14,522
,,,Sep 15 – Sep 21,519
,,,Sep 22 – Sep 28,571
,,,Sep 29 – Oct 5,546
,,,Oct 6 – Oct 12,492
,,,Oct 13 – Oct 19,522
,,,Oct 20 – Oct 26,510
,,,Oct 27 – Nov 2,489
,,,Nov 3 – Nov 9,523
,,,Nov 10 – Nov 16,558
,,,Nov 17 – Nov 23,576
,,,Nov 24 – Nov 30,473
,,,Dec 1 – Dec 7,549
,,,Dec 8 – Dec 14,624
,,,Dec 15 – Dec 21,662
,,,Dec 22 – Dec 28,518
,≥ 18 and < 50 Years,2023 – 2024,Dec 31 – Jan 6,1802
,,2024,Jan 7 – Jan 13,1668
,,,Jan 14 – Jan 20,1730
,,,Jan 21 – Jan 27,1791
,,,Jan 28 – Feb 3,1776
,,,Feb 4 – Feb 10,1700
,,,Feb 11 – Feb 17,1760
,,,Feb 18 – Feb 24,1796
,,,Feb 25 – Mar 2,1788
,,,Mar 3 – Mar 9,1781
,,,Mar 10 – Mar 16,1768
,,,Mar 17 – Mar 23,1836
,,,Mar 24 – Mar 30,1720
,,,Mar 31 – Apr 6,1625
,,,Apr 7 – Apr 13,1866
,,,Apr 14 – Apr 20,1900
,,,Apr 21 – Apr 27,1915
,,,Apr 28 – May 4,1802
,,,May 5 – May 11,1836
,,,May 12 – May 18,1907
,,,May 19 – May 25,1936
,,,May 26 – Jun 1,1910
,,,Jun 2 – Jun 8,1959
,,,Jun 9 – Jun 15,1945
,,,Jun 16 – Jun 22,1906
,,,Jun 23 – Jun 29,2060
,,,Jun 30 – Jul 6,1883
,,,Jul 7 – Jul 13,2016
,,,Jul 14 – Jul 20,1988
,,,Jul 21 – Jul 27,1927
,,,Jul 28 – Aug 3,1869
,,,Aug 4 – Aug 10,1931
,,,Aug 11 – Aug 17,1955
,,,Aug 18 – Aug 24,1932
,,,Aug 25 – Aug 31,1903
,,,Sep 1 – Sep 7,1984
,,,Sep 8 – Sep 14,1920
,,,Sep 15 – Sep 21,1911
,,,Sep 22 – Sep 28,2039
,,,Sep 29 – Oct 5,2019
,,,Oct 6 – Oct 12,1894
,,,Oct 13 – Oct 19,1951
,,,Oct 20 – Oct 26,1917
,,,Oct 27 – Nov 2,1957
,,,Nov 3 – Nov 9,1964
,,,Nov 10 – Nov 16,1952
,,,Nov 17 – Nov 23,1867
,,,Nov 24 – Nov 30,1793
,,,Dec 1 – Dec 7,1952
,,,Dec 8 – Dec 14,1942
,,,Dec 15 – Dec 21,1998
,,,Dec 22 – Dec 28,1909
,≥ 50 and < 65 Years,2023 – 2024,Dec 31 – Jan 6,815
,,2024,Jan 7 – Jan 13,864
,,,Jan 14 – Jan 20,808
,,,Jan 21 – Jan 27,752
,,,Jan 28 – Feb 3,793
,,,Feb 4 – Feb 10,799
,,,Feb 11 – Feb 17,810
,,,Feb 18 – Feb 24,823
,,,Feb 25 – Mar 2,812
,,,Mar 3 – Mar 9,784
,,,Mar 10 – Mar 16,825
,,,Mar 17 – Mar 23,843
,,,Mar 24 – Mar 30,731
,,,Mar 31 – Apr 6,771
,,,Apr 7 – Apr 13,838
,,,Apr 14 – Apr 20,818
,,,Apr 21 – Apr 27,856
,,,Apr 28 – May 4,786
,,,May 5 – May 11,840
,,,May 12 – May 18,881
,,,May 19 – May 25,857
,,,May 26 – Jun 1,874
,,,Jun 2 – Jun 8,875
,,,Jun 9 – Jun 15,894
,,,Jun 16 – Jun 22,877
,,,Jun 23 – Jun 29,830
,,,Jun 30 – Jul 6,906
,,,Jul 7 – Jul 13,889
,,,Jul 14 – Jul 20,899
,,,Jul 21 – Jul 27,851
,,,Jul 28 – Aug 3,848
,,,Aug 4 – Aug 10,862
,,,Aug 11 – Aug 17,877
,,,Aug 18 – Aug 24,858
,,,Aug 25 – Aug 31,866
,,,Sep 1 – Sep 7,881
,,,Sep 8 – Sep 14,856
,,,Sep 15 – Sep 21,835
,,,Sep 22 – Sep 28,861
,,,Sep 29 – Oct 5,818
,,,Oct 6 – Oct 12,795
,,,Oct 13 – Oct 19,799
,,,Oct 20 – Oct 26,869
,,,Oct 27 – Nov 2,863
,,,Nov 3 – Nov 9,844
,,,Nov 10 – Nov 16,867
,,,Nov 17 – Nov 23,870
,,,Nov 24 – Nov 30,785
,,,Dec 1 – Dec 7,885
,,,Dec 8 – Dec 14,826
,,,Dec 15 – Dec 21,887
,,,Dec 22 – Dec 28,866
,65 Years or more,2023 – 2024,Dec 31 – Jan 6,930
,,2024,Jan 7 – Jan 13,868
,,,Jan 14 – Jan 20,841
,,,Jan 21 – Jan 27,829
,,,Jan 28 – Feb 3,819
,,,Feb 4 – Feb 10,799
,,,Feb 11 – Feb 17,879
,,,Feb 18 – Feb 24,858
,,,Feb 25 – Mar 2,798
,,,Mar 3 – Mar 9,837
,,,Mar 10 – Mar 16,803
,,,Mar 17 – Mar 23,803
,,,Mar 24 – Mar 30,834
,,,Mar 31 – Apr 6,845
,,,Apr 7 – Apr 13,922
,,,Apr 14 – Apr 20,888
,,,Apr 21 – Apr 27,907
,,,Apr 28 – May 4,882
,,,May 5 – May 11,871
,,,May 12 – May 18,896
,,,May 19 – May 25,898
,,,May 26 – Jun 1,890
,,,Jun 2 – Jun 8,992
,,,Jun 9 – Jun 15,972
,,,Jun 16 – Jun 22,919
,,,Jun 23 – Jun 29,975
,,,Jun 30 – Jul 6,905
,,,Jul 7 – Jul 13,920
,,,Jul 14 – Jul 20,978
,,,Jul 21 – Jul 27,909
,,,Jul 28 – Aug 3,878
,,,Aug 4 – Aug 10,913
,,,Aug 11 – Aug 17,901
,,,Aug 18 – Aug 24,925
,,,Aug 25 – Aug 31,936
,,,Sep 1 – Sep 7,888
,,,Sep 8 – Sep 14,929
,,,Sep 15 – Sep 21,911
,,,Sep 22 – Sep 28,925
,,,Sep 29 – Oct 5,956
,,,Oct 6 – Oct 12,932
,,,Oct 13 – Oct 19,907
,,,Oct 20 – Oct 26,881
,,,Oct 27 – Nov 2,896
,,,Nov 3 – Nov 9,926
,,,Nov 10 – Nov 16,966
,,,Nov 17 – Nov 23,980
,,,Nov 24 – Nov 30,903
,,,Dec 1 – Dec 7,957
,,,Dec 8 – Dec 14,965
,,,Dec 15 – Dec 21,961
,,,Dec 22 – Dec 28,1031
,No value,2023 – 2024,Dec 31 – Jan 6,10 or fewer
,,2024,Jan 7 – Jan 13,10 or fewer
,,,Jan 14 – Jan 20,10 or fewer
,,,Jan 21 – Jan 27,10 or fewer
,,,Jan 28 – Feb 3,10 or fewer
,,,Feb 4 – Feb 10,10 or fewer
,,,Feb 11 – Feb 17,10 or fewer
,,,Feb 18 – Feb 24,10 or fewer
,,,Feb 25 – Mar 2,10 or fewer
,,,Mar 3 – Mar 9,10 or fewer
,,,Mar 10 – Mar 16,10 or fewer
,,,Mar 17 – Mar 23,10 or fewer
,,,Mar 24 – Mar 30,10 or fewer
,,,Mar 31 – Apr 6,10 or fewer
,,,Apr 7 – Apr 13,10 or fewer
,,,Apr 14 – Apr 20,10 or fewer
,,,Apr 21 – Apr 27,10 or fewer
,,,Apr 28 – May 4,10 or fewer
,,,May 5 – May 11,10 or fewer
,,,May 12 – May 18,10 or fewer
,,,May 19 – May 25,10 or fewer
,,,May 26 – Jun 1,10 or fewer
,,,Jun 2 – Jun 8,10 or fewer
,,,Jun 9 – Jun 15,10 or fewer
,,,Jun 16 – Jun 22,10 or fewer
,,,Jun 23 – Jun 29,10 or fewer
,,,Jun 30 – Jul 6,10 or fewer
,,,Jul 7 – Jul 13,10 or fewer
,,,Jul 14 – Jul 20,10 or fewer
,,,Jul 21 – Jul 27,10 or fewer
,,,Jul 28 – Aug 3,10 or fewer
,,,Aug 4 – Aug 10,10 or fewer
,,,Aug 11 – Aug 17,10 or fewer
,,,Aug 18 – Aug 24,10 or fewer
,,,Aug 25 – Aug 31,10 or fewer
,,,Sep 1 – Sep 7,10 or fewer
,,,Sep 8 – Sep 14,10 or fewer
,,,Sep 15 – Sep 21,10 or fewer
,,,Sep 22 – Sep 28,10 or fewer
,,,Sep 29 – Oct 5,10 or fewer
,,,Oct 6 – Oct 12,10 or fewer
,,,Oct 13 – Oct 19,10 or fewer
,,,Oct 20 – Oct 26,10 or fewer
,,,Oct 27 – Nov 2,10 or fewer
,,,Nov 3 – Nov 9,10 or fewer
,,,Nov 10 – Nov 16,10 or fewer
,,,Nov 17 – Nov 23,10 or fewer
,,,Nov 24 – Nov 30,10 or fewer
,,,Dec 1 – Dec 7,10 or fewer
,,,Dec 8 – Dec 14,10 or fewer
,,,Dec 15 – Dec 21,10 or fewer
,,,Dec 22 – Dec 28,10 or fewer
,Total,2023 – 2024,Dec 31 – Jan 6,4512
,,2024,Jan 7 – Jan 13,4226
,,,Jan 14 – Jan 20,4294
,,,Jan 21 – Jan 27,4366
,,,Jan 28 – Feb 3,4328
,,,Feb 4 – Feb 10,4239
,,,Feb 11 – Feb 17,4394
,,,Feb 18 – Feb 24,4409
,,,Feb 25 – Mar 2,4337
,,,Mar 3 – Mar 9,4306
,,,Mar 10 – Mar 16,4343
,,,Mar 17 – Mar 23,4425
,,,Mar 24 – Mar 30,4139
,,,Mar 31 – Apr 6,4081
,,,Apr 7 – Apr 13,4595
,,,Apr 14 – Apr 20,4572
,,,Apr 21 – Apr 27,4702
,,,Apr 28 – May 4,4421
,,,May 5 – May 11,4546
,,,May 12 – May 18,4692
,,,May 19 – May 25,4621
,,,May 26 – Jun 1,4605
,,,Jun 2 – Jun 8,4660
,,,Jun 9 – Jun 15,4628
,,,Jun 16 – Jun 22,4419
,,,Jun 23 – Jun 29,4579
,,,Jun 30 – Jul 6,4484
,,,Jul 7 – Jul 13,4546
,,,Jul 14 – Jul 20,4519
,,,Jul 21 – Jul 27,4377
,,,Jul 28 – Aug 3,4231
,,,Aug 4 – Aug 10,4357
,,,Aug 11 – Aug 17,4475
,,,Aug 18 – Aug 24,4556
,,,Aug 25 – Aug 31,4585
,,,Sep 1 – Sep 7,4661
,,,Sep 8 – Sep 14,4530
,,,Sep 15 – Sep 21,4494
,,,Sep 22 – Sep 28,4775
,,,Sep 29 – Oct 5,4650
,,,Oct 6 – Oct 12,4426
,,,Oct 13 – Oct 19,4469
,,,Oct 20 – Oct 26,4526
,,,Oct 27 – Nov 2,4551
,,,Nov 3 – Nov 9,4606
,,,Nov 10 – Nov 16,4732
,,,Nov 17 – Nov 23,4716
,,,Nov 24 – Nov 30,4358
,,,Dec 1 – Dec 7,4789
,,,Dec 8 – Dec 14,4784
,,,Dec 15 – Dec 21,5044
,,,Dec 22 – Dec 28,4910
Rhode Island,Less than 1 Years,2023 – 2024,Dec 31 – Jan 6,155
,,2024,Jan 7 – Jan 13,123
,,,Jan 14 – Jan 20,102
,,,Jan 21 – Jan 27,130
,,,Jan 28 – Feb 3,102
,,,Feb 4 – Feb 10,126
,,,Feb 11 – Feb 17,111
,,,Feb 18 – Feb 24,143
,,,Feb 25 – Mar 2,107
,,,Mar 3 – Mar 9,115
,,,Mar 10 – Mar 16,114
,,,Mar 17 – Mar 23,133
,,,Mar 24 – Mar 30,144
,,,Mar 31 – Apr 6,134
,,,Apr 7 – Apr 13,146
,,,Apr 14 – Apr 20,115
,,,Apr 21 – Apr 27,122
,,,Apr 28 – May 4,103
,,,May 5 – May 11,101
,,,May 12 – May 18,112
,,,May 19 – May 25,116
,,,May 26 – Jun 1,92
,,,Jun 2 – Jun 8,87
,,,Jun 9 – Jun 15,136
,,,Jun 16 – Jun 22,90
,,,Jun 23 – Jun 29,78
,,,Jun 30 – Jul 6,95
,,,Jul 7 – Jul 13,83
,,,Jul 14 – Jul 20,112
,,,Jul 21 – Jul 27,97
,,,Jul 28 – Aug 3,88
,,,Aug 4 – Aug 10,95
,,,Aug 11 – Aug 17,109
,,,Aug 18 – Aug 24,100
,,,Aug 25 – Aug 31,109
,,,Sep 1 – Sep 7,112
,,,Sep 8 – Sep 14,114
,,,Sep 15 – Sep 21,107
,,,Sep 22 – Sep 28,111
,,,Sep 29 – Oct 5,100
,,,Oct 6 – Oct 12,147
,,,Oct 13 – Oct 19,121
,,,Oct 20 – Oct 26,89
,,,Oct 27 – Nov 2,120
,,,Nov 3 – Nov 9,124
,,,Nov 10 – Nov 16,128
,,,Nov 17 – Nov 23,139
,,,Nov 24 – Nov 30,148
,,,Dec 1 – Dec 7,178
,,,Dec 8 – Dec 14,151
,,,Dec 15 – Dec 21,159
,,,Dec 22 – Dec 28,195
,≥ 1 and < 5 Years,2023 – 2024,Dec 31 – Jan 6,309
,,2024,Jan 7 – Jan 13,280
,,,Jan 14 – Jan 20,298
,,,Jan 21 – Jan 27,304
,,,Jan 28 – Feb 3,289
,,,Feb 4 – Feb 10,301
,,,Feb 11 – Feb 17,299
,,,Feb 18 – Feb 24,328
,,,Feb 25 – Mar 2,303
,,,Mar 3 – Mar 9,325
,,,Mar 10 – Mar 16,354
,,,Mar 17 – Mar 23,324
,,,Mar 24 – Mar 30,325
,,,Mar 31 – Apr 6,337
,,,Apr 7 – Apr 13,320
,,,Apr 14 – Apr 20,306
,,,Apr 21 – Apr 27,324
,,,Apr 28 – May 4,309
,,,May 5 – May 11,300
,,,May 12 – May 18,297
,,,May 19 – May 25,292
,,,May 26 – Jun 1,274
,,,Jun 2 – Jun 8,288
,,,Jun 9 – Jun 15,315
,,,Jun 16 – Jun 22,286
,,,Jun 23 – Jun 29,272
,,,Jun 30 – Jul 6,266
,,,Jul 7 – Jul 13,258
,,,Jul 14 – Jul 20,280
,,,Jul 21 – Jul 27,264
,,,Jul 28 – Aug 3,263
,,,Aug 4 – Aug 10,231
,,,Aug 11 – Aug 17,247
,,,Aug 18 – Aug 24,252
,,,Aug 25 – Aug 31,276
,,,Sep 1 – Sep 7,258
,,,Sep 8 – Sep 14,292
,,,Sep 15 – Sep 21,247
,,,Sep 22 – Sep 28,302
,,,Sep 29 – Oct 5,278
,,,Oct 6 – Oct 12,279
,,,Oct 13 – Oct 19,329
,,,Oct 20 – Oct 26,326
,,,Oct 27 – Nov 2,312
,,,Nov 3 – Nov 9,364
,,,Nov 10 – Nov 16,355
,,,Nov 17 – Nov 23,342
,,,Nov 24 – Nov 30,385
,,,Dec 1 – Dec 7,398
,,,Dec 8 – Dec 14,421
,,,Dec 15 – Dec 21,395
,,,Dec 22 – Dec 28,458
,≥ 5 and < 18 Years,2023 – 2024,Dec 31 – Jan 6,546
,,2024,Jan 7 – Jan 13,564
,,,Jan 14 – Jan 20,521
,,,Jan 21 – Jan 27,584
,,,Jan 28 – Feb 3,627
,,,Feb 4 – Feb 10,676
,,,Feb 11 – Feb 17,623
,,,Feb 18 – Feb 24,554
,,,Feb 25 – Mar 2,608
,,,Mar 3 – Mar 9,661
,,,Mar 10 – Mar 16,725
,,,Mar 17 – Mar 23,697
,,,Mar 24 – Mar 30,659
,,,Mar 31 – Apr 6,660
,,,Apr 7 – Apr 13,619
,,,Apr 14 – Apr 20,499
,,,Apr 21 – Apr 27,636
,,,Apr 28 – May 4,607
,,,May 5 – May 11,644
,,,May 12 – May 18,610
,,,May 19 – May 25,587
,,,May 26 – Jun 1,602
,,,Jun 2 – Jun 8,607
,,,Jun 9 – Jun 15,546
,,,Jun 16 – Jun 22,492
,,,Jun 23 – Jun 29,529
,,,Jun 30 – Jul 6,476
,,,Jul 7 – Jul 13,486
,,,Jul 14 – Jul 20,489
,,,Jul 21 – Jul 27,456
,,,Jul 28 – Aug 3,501
,,,Aug 4 – Aug 10,438
,,,Aug 11 – Aug 17,451
,,,Aug 18 – Aug 24,453
,,,Aug 25 – Aug 31,458
,,,Sep 1 – Sep 7,565
,,,Sep 8 – Sep 14,628
,,,Sep 15 – Sep 21,650
,,,Sep 22 – Sep 28,607
,,,Sep 29 – Oct 5,637
,,,Oct 6 – Oct 12,593
,,,Oct 13 – Oct 19,577
,,,Oct 20 – Oct 26,647
,,,Oct 27 – Nov 2,607
,,,Nov 3 – Nov 9,638
,,,Nov 10 – Nov 16,608
,,,Nov 17 – Nov 23,569
,,,Nov 24 – Nov 30,543
,,,Dec 1 – Dec 7,558
,,,Dec 8 – Dec 14,608
,,,Dec 15 – Dec 21,588
,,,Dec 22 – Dec 28,465
,≥ 18 and < 50 Years,2023 – 2024,Dec 31 – Jan 6,1299
,,2024,Jan 7 – Jan 13,1257
,,,Jan 14 – Jan 20,1335
,,,Jan 21 – Jan 27,1338
,,,Jan 28 – Feb 3,1416
,,,Feb 4 – Feb 10,1519
,,,Feb 11 – Feb 17,1439
,,,Feb 18 – Feb 24,1444
,,,Feb 25 – Mar 2,1583
,,,Mar 3 – Mar 9,1510
,,,Mar 10 – Mar 16,1373
,,,Mar 17 – Mar 23,1490
,,,Mar 24 – Mar 30,1537
,,,Mar 31 – Apr 6,1560
,,,Apr 7 – Apr 13,1504
,,,Apr 14 – Apr 20,1448
,,,Apr 21 – Apr 27,1527
,,,Apr 28 – May 4,1544
,,,May 5 – May 11,1430
,,,May 12 – May 18,1483
,,,May 19 – May 25,1421
,,,May 26 – Jun 1,1565
,,,Jun 2 – Jun 8,1464
,,,Jun 9 – Jun 15,1471
,,,Jun 16 – Jun 22,1586
,,,Jun 23 – Jun 29,1588
,,,Jun 30 – Jul 6,1496
,,,Jul 7 – Jul 13,1538
,,,Jul 14 – Jul 20,1530
,,,Jul 21 – Jul 27,1555
,,,Jul 28 – Aug 3,1433
,,,Aug 4 – Aug 10,1507
,,,Aug 11 – Aug 17,1476
,,,Aug 18 – Aug 24,1382
,,,Aug 25 – Aug 31,1351
,,,Sep 1 – Sep 7,1487
,,,Sep 8 – Sep 14,1491
,,,Sep 15 – Sep 21,1469
,,,Sep 22 – Sep 28,1398
,,,Sep 29 – Oct 5,1379
,,,Oct 6 – Oct 12,1419
,,,Oct 13 – Oct 19,1422
,,,Oct 20 – Oct 26,1489
,,,Oct 27 – Nov 2,1459
,,,Nov 3 – Nov 9,1488
,,,Nov 10 – Nov 16,1497
,,,Nov 17 – Nov 23,1491
,,,Nov 24 – Nov 30,1469
,,,Dec 1 – Dec 7,1486
,,,Dec 8 – Dec 14,1473
,,,Dec 15 – Dec 21,1389
,,,Dec 22 – Dec 28,1362
,≥ 50 and < 65 Years,2023 – 2024,Dec 31 – Jan 6,740
,,2024,Jan 7 – Jan 13,779
,,,Jan 14 – Jan 20,735
,,,Jan 21 – Jan 27,735
,,,Jan 28 – Feb 3,761
,,,Feb 4 – Feb 10,818
,,,Feb 11 – Feb 17,795
,,,Feb 18 – Feb 24,845
,,,Feb 25 – Mar 2,796
,,,Mar 3 – Mar 9,773
,,,Mar 10 – Mar 16,733
,,,Mar 17 – Mar 23,822
,,,Mar 24 – Mar 30,800
,,,Mar 31 – Apr 6,810
,,,Apr 7 – Apr 13,806
,,,Apr 14 – Apr 20,811
,,,Apr 21 – Apr 27,797
,,,Apr 28 – May 4,885
,,,May 5 – May 11,819
,,,May 12 – May 18,834
,,,May 19 – May 25,839
,,,May 26 – Jun 1,886
,,,Jun 2 – Jun 8,831
,,,Jun 9 – Jun 15,811
,,,Jun 16 – Jun 22,861
,,,Jun 23 – Jun 29,848
,,,Jun 30 – Jul 6,851
,,,Jul 7 – Jul 13,842
,,,Jul 14 – Jul 20,846
,,,Jul 21 – Jul 27,829
,,,Jul 28 – Aug 3,802
,,,Aug 4 – Aug 10,827
,,,Aug 11 – Aug 17,868
,,,Aug 18 – Aug 24,818
,,,Aug 25 – Aug 31,842
,,,Sep 1 – Sep 7,829
,,,Sep 8 – Sep 14,801
,,,Sep 15 – Sep 21,794
,,,Sep 22 – Sep 28,800
,,,Sep 29 – Oct 5,850
,,,Oct 6 – Oct 12,816
,,,Oct 13 – Oct 19,776
,,,Oct 20 – Oct 26,793
,,,Oct 27 – Nov 2,799
,,,Nov 3 – Nov 9,863
,,,Nov 10 – Nov 16,779
,,,Nov 17 – Nov 23,827
,,,Nov 24 – Nov 30,796
,,,Dec 1 – Dec 7,728
,,,Dec 8 – Dec 14,753
,,,Dec 15 – Dec 21,825
,,,Dec 22 – Dec 28,828
,65 Years or more,2023 – 2024,Dec 31 – Jan 6,1243
,,2024,Jan 7 – Jan 13,1234
,,,Jan 14 – Jan 20,1231
,,,Jan 21 – Jan 27,1258
,,,Jan 28 – Feb 3,1206
,,,Feb 4 – Feb 10,1230
,,,Feb 11 – Feb 17,1271
,,,Feb 18 – Feb 24,1242
,,,Feb 25 – Mar 2,1178
,,,Mar 3 – Mar 9,1239
,,,Mar 10 – Mar 16,1236
,,,Mar 17 – Mar 23,1198
,,,Mar 24 – Mar 30,1233
,,,Mar 31 – Apr 6,1249
,,,Apr 7 – Apr 13,1329
,,,Apr 14 – Apr 20,1285
,,,Apr 21 – Apr 27,1178
,,,Apr 28 – May 4,1272
,,,May 5 – May 11,1288
,,,May 12 – May 18,1284
,,,May 19 – May 25,1390
,,,May 26 – Jun 1,1289
,,,Jun 2 – Jun 8,1284
,,,Jun 9 – Jun 15,1299
,,,Jun 16 – Jun 22,1320
,,,Jun 23 – Jun 29,1317
,,,Jun 30 – Jul 6,1270
,,,Jul 7 – Jul 13,1388
,,,Jul 14 – Jul 20,1276
,,,Jul 21 – Jul 27,1361
,,,Jul 28 – Aug 3,1312
,,,Aug 4 – Aug 10,1366
,,,Aug 11 – Aug 17,1331
,,,Aug 18 – Aug 24,1284
,,,Aug 25 – Aug 31,1265
,,,Sep 1 – Sep 7,1279
,,,Sep 8 – Sep 14,1256
,,,Sep 15 – Sep 21,1238
,,,Sep 22 – Sep 28,1349
,,,Sep 29 – Oct 5,1279
,,,Oct 6 – Oct 12,1305
,,,Oct 13 – Oct 19,1327
,,,Oct 20 – Oct 26,1314
,,,Oct 27 – Nov 2,1256
,,,Nov 3 – Nov 9,1268
,,,Nov 10 – Nov 16,1223
,,,Nov 17 – Nov 23,1276
,,,Nov 24 – Nov 30,1314
,,,Dec 1 – Dec 7,1323
,,,Dec 8 – Dec 14,1279
,,,Dec 15 – Dec 21,1355
,,,Dec 22 – Dec 28,1340
,No value,2023 – 2024,Dec 31 – Jan 6,10 or fewer
,,2024,Jan 7 – Jan 13,10 or fewer
,,,Jan 14 – Jan 20,10 or fewer
,,,Jan 21 – Jan 27,10 or fewer
,,,Jan 28 – Feb 3,10 or fewer
,,,Feb 4 – Feb 10,10 or fewer
,,,Feb 11 – Feb 17,10 or fewer
,,,Feb 18 – Feb 24,10 or fewer
,,,Feb 25 – Mar 2,10 or fewer
,,,Mar 3 – Mar 9,10 or fewer
,,,Mar 10 – Mar 16,10 or fewer
,,,Mar 17 – Mar 23,10 or fewer
,,,Mar 24 – Mar 30,10 or fewer
,,,Mar 31 – Apr 6,10 or fewer
,,,Apr 7 – Apr 13,10 or fewer
,,,Apr 14 – Apr 20,10 or fewer
,,,Apr 21 – Apr 27,10 or fewer
,,,Apr 28 – May 4,10 or fewer
,,,May 5 – May 11,10 or fewer
,,,May 12 – May 18,10 or fewer
,,,May 19 – May 25,10 or fewer
,,,May 26 – Jun 1,10 or fewer
,,,Jun 2 – Jun 8,10 or fewer
,,,Jun 9 – Jun 15,10 or fewer
,,,Jun 16 – Jun 22,10 or fewer
,,,Jun 23 – Jun 29,10 or fewer
,,,Jun 30 – Jul 6,10 or fewer
,,,Jul 7 – Jul 13,10 or fewer
,,,Jul 14 – Jul 20,10 or fewer
,,,Jul 21 – Jul 27,10 or fewer
,,,Jul 28 – Aug 3,10 or fewer
,,,Aug 4 – Aug 10,10 or fewer
,,,Aug 11 – Aug 17,10 or fewer
,,,Aug 18 – Aug 24,10 or fewer
,,,Aug 25 – Aug 31,10 or fewer
,,,Sep 1 – Sep 7,10 or fewer
,,,Sep 8 – Sep 14,10 or fewer
,,,Sep 15 – Sep 21,10 or fewer
,,,Sep 22 – Sep 28,10 or fewer
,,,Sep 29 – Oct 5,10 or fewer
,,,Oct 6 – Oct 12,10 or fewer
,,,Oct 13 – Oct 19,10 or fewer
,,,Oct 20 – Oct 26,10 or fewer
,,,Oct 27 – Nov 2,10 or fewer
,,,Nov 3 – Nov 9,10 or fewer
,,,Nov 10 – Nov 16,10 or fewer
,,,Nov 17 – Nov 23,10 or fewer
,,,Nov 24 – Nov 30,10 or fewer
,,,Dec 1 – Dec 7,10 or fewer
,,,Dec 8 – Dec 14,10 or fewer
,,,Dec 15 – Dec 21,10 or fewer
,,,Dec 22 – Dec 28,10 or fewer
,Total,2023 – 2024,Dec 31 – Jan 6,4292
,,2024,Jan 7 – Jan 13,4237
,,,Jan 14 – Jan 20,4222
,,,Jan 21 – Jan 27,4349
,,,Jan 28 – Feb 3,4401
,,,Feb 4 – Feb 10,4670
,,,Feb 11 – Feb 17,4538
,,,Feb 18 – Feb 24,4556
,,,Feb 25 – Mar 2,4575
,,,Mar 3 – Mar 9,4623
,,,Mar 10 – Mar 16,4535
,,,Mar 17 – Mar 23,4664
,,,Mar 24 – Mar 30,4698
,,,Mar 31 – Apr 6,4750
,,,Apr 7 – Apr 13,4724
,,,Apr 14 – Apr 20,4464
,,,Apr 21 – Apr 27,4584
,,,Apr 28 – May 4,4720
,,,May 5 – May 11,4582
,,,May 12 – May 18,4620
,,,May 19 – May 25,4645
,,,May 26 – Jun 1,4708
,,,Jun 2 – Jun 8,4561
,,,Jun 9 – Jun 15,4578
,,,Jun 16 – Jun 22,4635
,,,Jun 23 – Jun 29,4632
,,,Jun 30 – Jul 6,4454
,,,Jul 7 – Jul 13,4595
,,,Jul 14 – Jul 20,4533
,,,Jul 21 – Jul 27,4562
,,,Jul 28 – Aug 3,4399
,,,Aug 4 – Aug 10,4464
,,,Aug 11 – Aug 17,4482
,,,Aug 18 – Aug 24,4289
,,,Aug 25 – Aug 31,4301
,,,Sep 1 – Sep 7,4530
,,,Sep 8 – Sep 14,4582
,,,Sep 15 – Sep 21,4505
,,,Sep 22 – Sep 28,4567
,,,Sep 29 – Oct 5,4523
,,,Oct 6 – Oct 12,4559
,,,Oct 13 – Oct 19,4552
,,,Oct 20 – Oct 26,4658
,,,Oct 27 – Nov 2,4553
,,,Nov 3 – Nov 9,4745
,,,Nov 10 – Nov 16,4590
,,,Nov 17 – Nov 23,4644
,,,Nov 24 – Nov 30,4655
,,,Dec 1 – Dec 7,4671
,,,Dec 8 – Dec 14,4685
,,,Dec 15 – Dec 21,4711
,,,Dec 22 – Dec 28,4648
Alabama,Less than 1 Years,2023 – 2024,Dec 31 – Jan 6,68
,,2024,Jan 7 – Jan 13,45
,,,Jan 14 – Jan 20,57
,,,Jan 21 – Jan 27,62
,,,Jan 28 – Feb 3,47
,,,Feb 4 – Feb 10,56
,,,Feb 11 – Feb 17,58
,,,Feb 18 – Feb 24,48
,,,Feb 25 – Mar 2,52
,,,Mar 3 – Mar 9,46
,,,Mar 10 – Mar 16,46
,,,Mar 17 – Mar 23,39
,,,Mar 24 – Mar 30,55
,,,Mar 31 – Apr 6,49
,,,Apr 7 – Apr 13,53
,,,Apr 14 – Apr 20,43
,,,Apr 21 – Apr 27,50
,,,Apr 28 – May 4,43
,,,May 5 – May 11,58
,,,May 12 – May 18,54
,,,May 19 – May 25,53
,,,May 26 – Jun 1,51
,,,Jun 2 – Jun 8,45
,,,Jun 9 – Jun 15,54
,,,Jun 16 – Jun 22,52
,,,Jun 23 – Jun 29,54
,,,Jun 30 – Jul 6,58
,,,Jul 7 – Jul 13,47
,,,Jul 14 – Jul 20,61
,,,Jul 21 – Jul 27,58
,,,Jul 28 – Aug 3,64
,,,Aug 4 – Aug 10,53
,,,Aug 11 – Aug 17,55
,,,Aug 18 – Aug 24,68
,,,Aug 25 – Aug 31,65
,,,Sep 1 – Sep 7,73
,,,Sep 8 – Sep 14,47
,,,Sep 15 – Sep 21,74
,,,Sep 22 – Sep 28,54
,,,Sep 29 – Oct 5,60
,,,Oct 6 – Oct 12,49
,,,Oct 13 – Oct 19,59
,,,Oct 20 – Oct 26,65
,,,Oct 27 – Nov 2,56
,,,Nov 3 – Nov 9,61
,,,Nov 10 – Nov 16,66
,,,Nov 17 – Nov 23,80
,,,Nov 24 – Nov 30,73
,,,Dec 1 – Dec 7,82
,,,Dec 8 – Dec 14,69
,,,Dec 15 – Dec 21,105
,,,Dec 22 – Dec 28,103
,≥ 1 and < 5 Years,2023 – 2024,Dec 31 – Jan 6,172
,,2024,Jan 7 – Jan 13,117
,,,Jan 14 – Jan 20,128
,,,Jan 21 – Jan 27,147
,,,Jan 28 – Feb 3,156
,,,Feb 4 – Feb 10,139
,,,Feb 11 – Feb 17,146
,,,Feb 18 – Feb 24,140
,,,Feb 25 – Mar 2,145
,,,Mar 3 – Mar 9,147
,,,Mar 10 – Mar 16,134
,,,Mar 17 – Mar 23,149
,,,Mar 24 – Mar 30,153
,,,Mar 31 – Apr 6,137
,,,Apr 7 – Apr 13,137
,,,Apr 14 – Apr 20,150
,,,Apr 21 – Apr 27,172
,,,Apr 28 – May 4,147
,,,May 5 – May 11,165
,,,May 12 – May 18,155
,,,May 19 – May 25,153
,,,May 26 – Jun 1,154
,,,Jun 2 – Jun 8,137
,,,Jun 9 – Jun 15,149
,,,Jun 16 – Jun 22,143
,,,Jun 23 – Jun 29,119
,,,Jun 30 – Jul 6,149
,,,Jul 7 – Jul 13,139
,,,Jul 14 – Jul 20,135
,,,Jul 21 – Jul 27,120
,,,Jul 28 – Aug 3,126
,,,Aug 4 – Aug 10,126
,,,Aug 11 – Aug 17,147
,,,Aug 18 – Aug 24,170
,,,Aug 25 – Aug 31,151
,,,Sep 1 – Sep 7,164
,,,Sep 8 – Sep 14,142
,,,Sep 15 – Sep 21,164
,,,Sep 22 – Sep 28,141
,,,Sep 29 – Oct 5,173
,,,Oct 6 – Oct 12,158
,,,Oct 13 – Oct 19,166
,,,Oct 20 – Oct 26,168
,,,Oct 27 – Nov 2,161
,,,Nov 3 – Nov 9,184
,,,Nov 10 – Nov 16,212
,,,Nov 17 – Nov 23,162
,,,Nov 24 – Nov 30,228
,,,Dec 1 – Dec 7,192
,,,Dec 8 – Dec 14,191
,,,Dec 15 – Dec 21,232
,,,Dec 22 – Dec 28,272
,≥ 5 and < 18 Years,2023 – 2024,Dec 31 – Jan 6,295
,,2024,Jan 7 – Jan 13,280
,,,Jan 14 – Jan 20,292
,,,Jan 21 – Jan 27,331
,,,Jan 28 – Feb 3,354
,,,Feb 4 – Feb 10,352
,,,Feb 11 – Feb 17,285
,,,Feb 18 – Feb 24,298
,,,Feb 25 – Mar 2,317
,,,Mar 3 – Mar 9,357
,,,Mar 10 – Mar 16,359
,,,Mar 17 – Mar 23,380
,,,Mar 24 – Mar 30,306
,,,Mar 31 – Apr 6,341
,,,Apr 7 – Apr 13,347
,,,Apr 14 – Apr 20,363
,,,Apr 21 – Apr 27,394
,,,Apr 28 – May 4,394
,,,May 5 – May 11,372
,,,May 12 – May 18,354
,,,May 19 – May 25,317
,,,May 26 – Jun 1,329
,,,Jun 2 – Jun 8,290
,,,Jun 9 – Jun 15,328
,,,Jun 16 – Jun 22,323
,,,Jun 23 – Jun 29,328
,,,Jun 30 – Jul 6,297
,,,Jul 7 – Jul 13,327
,,,Jul 14 – Jul 20,288
,,,Jul 21 – Jul 27,307
,,,Jul 28 – Aug 3,298
,,,Aug 4 – Aug 10,290
,,,Aug 11 – Aug 17,393
,,,Aug 18 – Aug 24,453
,,,Aug 25 – Aug 31,439
,,,Sep 1 – Sep 7,402
,,,Sep 8 – Sep 14,386
,,,Sep 15 – Sep 21,413
,,,Sep 22 – Sep 28,403
,,,Sep 29 – Oct 5,424
,,,Oct 6 – Oct 12,380
,,,Oct 13 – Oct 19,350
,,,Oct 20 – Oct 26,449
,,,Oct 27 – Nov 2,425
,,,Nov 3 – Nov 9,422
,,,Nov 10 – Nov 16,372
,,,Nov 17 – Nov 23,373
,,,Nov 24 – Nov 30,347
,,,Dec 1 – Dec 7,348
,,,Dec 8 – Dec 14,360
,,,Dec 15 – Dec 21,408
,,,Dec 22 – Dec 28,372
,≥ 18 and < 50 Years,2023 – 2024,Dec 31 – Jan 6,1901
,,2024,Jan 7 – Jan 13,1641
,,,Jan 14 – Jan 20,1588
,,,Jan 21 – Jan 27,1681
,,,Jan 28 – Feb 3,1703
,,,Feb 4 – Feb 10,1703
,,,Feb 11 – Feb 17,1820
,,,Feb 18 – Feb 24,1730
,,,Feb 25 – Mar 2,1689
,,,Mar 3 – Mar 9,1638
,,,Mar 10 – Mar 16,1672
,,,Mar 17 – Mar 23,1740
,,,Mar 24 – Mar 30,1686
,,,Mar 31 – Apr 6,1807
,,,Apr 7 – Apr 13,1854
,,,Apr 14 – Apr 20,1752
,,,Apr 21 – Apr 27,1766
,,,Apr 28 – May 4,1890
,,,May 5 – May 11,1889
,,,May 12 – May 18,1829
,,,May 19 – May 25,1859
,,,May 26 – Jun 1,1842
,,,Jun 2 – Jun 8,1905
,,,Jun 9 – Jun 15,1958
,,,Jun 16 – Jun 22,1853
,,,Jun 23 – Jun 29,1896
,,,Jun 30 – Jul 6,1882
,,,Jul 7 – Jul 13,1889
,,,Jul 14 – Jul 20,1827
,,,Jul 21 – Jul 27,1861
,,,Jul 28 – Aug 3,1934
,,,Aug 4 – Aug 10,1968
,,,Aug 11 – Aug 17,1973
,,,Aug 18 – Aug 24,1966
,,,Aug 25 – Aug 31,1849
,,,Sep 1 – Sep 7,1979
,,,Sep 8 – Sep 14,1832
,,,Sep 15 – Sep 21,1881
,,,Sep 22 – Sep 28,1811
,,,Sep 29 – Oct 5,1824
,,,Oct 6 – Oct 12,1819
,,,Oct 13 – Oct 19,1770
,,,Oct 20 – Oct 26,1888
,,,Oct 27 – Nov 2,1847
,,,Nov 3 – Nov 9,1857
,,,Nov 10 – Nov 16,1845
,,,Nov 17 – Nov 23,1773
,,,Nov 24 – Nov 30,1667
,,,Dec 1 – Dec 7,1800
,,,Dec 8 – Dec 14,1869
,,,Dec 15 – Dec 21,1840
,,,Dec 22 – Dec 28,1959
,≥ 50 and < 65 Years,2023 – 2024,Dec 31 – Jan 6,850
,,2024,Jan 7 – Jan 13,884
,,,Jan 14 – Jan 20,803
,,,Jan 21 – Jan 27,831
,,,Jan 28 – Feb 3,811
,,,Feb 4 – Feb 10,853
,,,Feb 11 – Feb 17,804
,,,Feb 18 – Feb 24,861
,,,Feb 25 – Mar 2,835
,,,Mar 3 – Mar 9,867
,,,Mar 10 – Mar 16,876
,,,Mar 17 – Mar 23,884
,,,Mar 24 – Mar 30,790
,,,Mar 31 – Apr 6,823
,,,Apr 7 – Apr 13,766
,,,Apr 14 – Apr 20,879
,,,Apr 21 – Apr 27,872
,,,Apr 28 – May 4,836
,,,May 5 – May 11,869
,,,May 12 – May 18,873
,,,May 19 – May 25,884
,,,May 26 – Jun 1,888
,,,Jun 2 – Jun 8,959
,,,Jun 9 – Jun 15,892
,,,Jun 16 – Jun 22,902
,,,Jun 23 – Jun 29,865
,,,Jun 30 – Jul 6,940
,,,Jul 7 – Jul 13,964
,,,Jul 14 – Jul 20,894
,,,Jul 21 – Jul 27,917
,,,Jul 28 – Aug 3,940
,,,Aug 4 – Aug 10,980
,,,Aug 11 – Aug 17,924
,,,Aug 18 – Aug 24,915
,,,Aug 25 – Aug 31,926
,,,Sep 1 – Sep 7,913
,,,Sep 8 – Sep 14,881
,,,Sep 15 – Sep 21,879
,,,Sep 22 – Sep 28,871
,,,Sep 29 – Oct 5,865
,,,Oct 6 – Oct 12,907
,,,Oct 13 – Oct 19,794
,,,Oct 20 – Oct 26,902
,,,Oct 27 – Nov 2,787
,,,Nov 3 – Nov 9,867
,,,Nov 10 – Nov 16,895
,,,Nov 17 – Nov 23,783
,,,Nov 24 – Nov 30,792
,,,Dec 1 – Dec 7,841
,,,Dec 8 – Dec 14,872
,,,Dec 15 – Dec 21,883
,,,Dec 22 – Dec 28,969
,65 Years or more,2023 – 2024,Dec 31 – Jan 6,1191
,,2024,Jan 7 – Jan 13,1135
,,,Jan 14 – Jan 20,1059
,,,Jan 21 – Jan 27,1133
,,,Jan 28 – Feb 3,1149
,,,Feb 4 – Feb 10,1158
,,,Feb 11 – Feb 17,1110
,,,Feb 18 – Feb 24,1182
,,,Feb 25 – Mar 2,1122
,,,Mar 3 – Mar 9,1132
,,,Mar 10 – Mar 16,1139
,,,Mar 17 – Mar 23,1127
,,,Mar 24 – Mar 30,1147
,,,Mar 31 – Apr 6,1102
,,,Apr 7 – Apr 13,1169
,,,Apr 14 – Apr 20,1212
,,,Apr 21 – Apr 27,1221
,,,Apr 28 – May 4,1133
,,,May 5 – May 11,1261
,,,May 12 – May 18,1241
,,,May 19 – May 25,1302
,,,May 26 – Jun 1,1229
,,,Jun 2 – Jun 8,1240
,,,Jun 9 – Jun 15,1158
,,,Jun 16 – Jun 22,1215
,,,Jun 23 – Jun 29,1140
,,,Jun 30 – Jul 6,1195
,,,Jul 7 – Jul 13,1221
,,,Jul 14 – Jul 20,1205
,,,Jul 21 – Jul 27,1210
,,,Jul 28 – Aug 3,1219
,,,Aug 4 – Aug 10,1310
,,,Aug 11 – Aug 17,1269
,,,Aug 18 – Aug 24,1242
,,,Aug 25 – Aug 31,1274
,,,Sep 1 – Sep 7,1230
,,,Sep 8 – Sep 14,1246
,,,Sep 15 – Sep 21,1244
,,,Sep 22 – Sep 28,1231
,,,Sep 29 – Oct 5,1179
,,,Oct 6 – Oct 12,1211
,,,Oct 13 – Oct 19,1232
,,,Oct 20 – Oct 26,1213
,,,Oct 27 – Nov 2,1149
,,,Nov 3 – Nov 9,1214
,,,Nov 10 – Nov 16,1198
,,,Nov 17 – Nov 23,1196
,,,Nov 24 – Nov 30,1265
,,,Dec 1 – Dec 7,1180
,,,Dec 8 – Dec 14,1277
,,,Dec 15 – Dec 21,1194
,,,Dec 22 – Dec 28,1393
,No value,2023 – 2024,Dec 31 – Jan 6,10 or fewer
,,2024,Jan 7 – Jan 13,10 or fewer
,,,Jan 14 – Jan 20,10 or fewer
,,,Jan 21 – Jan 27,10 or fewer
,,,Jan 28 – Feb 3,10 or fewer
,,,Feb 4 – Feb 10,10 or fewer
,,,Feb 11 – Feb 17,10 or fewer
,,,Feb 18 – Feb 24,10 or fewer
,,,Feb 25 – Mar 2,10 or fewer
,,,Mar 3 – Mar 9,10 or fewer
,,,Mar 10 – Mar 16,10 or fewer
,,,Mar 17 – Mar 23,10 or fewer
,,,Mar 24 – Mar 30,10 or fewer
,,,Mar 31 – Apr 6,10 or fewer
,,,Apr 7 – Apr 13,10 or fewer
,,,Apr 14 – Apr 20,10 or fewer
,,,Apr 21 – Apr 27,10 or fewer
,,,Apr 28 – May 4,10 or fewer
,,,May 5 – May 11,10 or fewer
,,,May 12 – May 18,10 or fewer
,,,May 19 – May 25,10 or fewer
,,,May 26 – Jun 1,10 or fewer
,,,Jun 2 – Jun 8,10 or fewer
,,,Jun 9 – Jun 15,10 or fewer
,,,Jun 16 – Jun 22,10 or fewer
,,,Jun 23 – Jun 29,10 or fewer
,,,Jun 30 – Jul 6,10 or fewer
,,,Jul 7 – Jul 13,10 or fewer
,,,Jul 14 – Jul 20,10 or fewer
,,,Jul 21 – Jul 27,10 or fewer
,,,Jul 28 – Aug 3,10 or fewer
,,,Aug 4 – Aug 10,10 or fewer
,,,Aug 11 – Aug 17,10 or fewer
,,,Aug 18 – Aug 24,10 or fewer
,,,Aug 25 – Aug 31,10 or fewer
,,,Sep 1 – Sep 7,10 or fewer
,,,Sep 8 – Sep 14,10 or fewer
,,,Sep 15 – Sep 21,10 or fewer
,,,Sep 22 – Sep 28,10 or fewer
,,,Sep 29 – Oct 5,10 or fewer
,,,Oct 6 – Oct 12,10 or fewer
,,,Oct 13 – Oct 19,10 or fewer
,,,Oct 20 – Oct 26,10 or fewer
,,,Oct 27 – Nov 2,10 or fewer
,,,Nov 3 – Nov 9,10 or fewer
,,,Nov 10 – Nov 16,10 or fewer
,,,Nov 17 – Nov 23,10 or fewer
,,,Nov 24 – Nov 30,10 or fewer
,,,Dec 1 – Dec 7,10 or fewer
,,,Dec 8 – Dec 14,10 or fewer
,,,Dec 15 – Dec 21,10 or fewer
,,,Dec 22 – Dec 28,10 or fewer
,Total,2023 – 2024,Dec 31 – Jan 6,4477
,,2024,Jan 7 – Jan 13,4102
,,,Jan 14 – Jan 20,3927
,,,Jan 21 – Jan 27,4185
,,,Jan 28 – Feb 3,4220
,,,Feb 4 – Feb 10,4261
,,,Feb 11 – Feb 17,4223
,,,Feb 18 – Feb 24,4259
,,,Feb 25 – Mar 2,4160
,,,Mar 3 – Mar 9,4187
,,,Mar 10 – Mar 16,4226
,,,Mar 17 – Mar 23,4319
,,,Mar 24 – Mar 30,4137
,,,Mar 31 – Apr 6,4259
,,,Apr 7 – Apr 13,4326
,,,Apr 14 – Apr 20,4399
,,,Apr 21 – Apr 27,4475
,,,Apr 28 – May 4,4443
,,,May 5 – May 11,4614
,,,May 12 – May 18,4506
,,,May 19 – May 25,4568
,,,May 26 – Jun 1,4493
,,,Jun 2 – Jun 8,4576
,,,Jun 9 – Jun 15,4539
,,,Jun 16 – Jun 22,4488
,,,Jun 23 – Jun 29,4402
,,,Jun 30 – Jul 6,4521
,,,Jul 7 – Jul 13,4587
,,,Jul 14 – Jul 20,4410
,,,Jul 21 – Jul 27,4473
,,,Jul 28 – Aug 3,4581
,,,Aug 4 – Aug 10,4727
,,,Aug 11 – Aug 17,4761
,,,Aug 18 – Aug 24,4814
,,,Aug 25 – Aug 31,4704
,,,Sep 1 – Sep 7,4761
,,,Sep 8 – Sep 14,4534
,,,Sep 15 – Sep 21,4655
,,,Sep 22 – Sep 28,4511
,,,Sep 29 – Oct 5,4525
,,,Oct 6 – Oct 12,4524
,,,Oct 13 – Oct 19,4371
,,,Oct 20 – Oct 26,4685
,,,Oct 27 – Nov 2,4425
,,,Nov 3 – Nov 9,4605
,,,Nov 10 – Nov 16,4588
,,,Nov 17 – Nov 23,4367
,,,Nov 24 – Nov 30,4372
,,,Dec 1 – Dec 7,4443
,,,Dec 8 – Dec 14,4638
,,,Dec 15 – Dec 21,4662
,,,Dec 22 – Dec 28,5068
Delaware,Less than 1 Years,2023 – 2024,Dec 31 – Jan 6,160
,,2024,Jan 7 – Jan 13,151
,,,Jan 14 – Jan 20,135
,,,Jan 21 – Jan 27,122
,,,Jan 28 – Feb 3,148
,,,Feb 4 – Feb 10,164
,,,Feb 11 – Feb 17,140
,,,Feb 18 – Feb 24,152
,,,Feb 25 – Mar 2,157
,,,Mar 3 – Mar 9,184
,,,Mar 10 – Mar 16,156
,,,Mar 17 – Mar 23,128
,,,Mar 24 – Mar 30,142
,,,Mar 31 – Apr 6,162
,,,Apr 7 – Apr 13,123
,,,Apr 14 – Apr 20,120
,,,Apr 21 – Apr 27,144
,,,Apr 28 – May 4,135
,,,May 5 – May 11,143
,,,May 12 – May 18,139
,,,May 19 – May 25,125
,,,May 26 – Jun 1,130
,,,Jun 2 – Jun 8,135
,,,Jun 9 – Jun 15,121
,,,Jun 16 – Jun 22,101
,,,Jun 23 – Jun 29,120
,,,Jun 30 – Jul 6,109
,,,Jul 7 – Jul 13,89
,,,Jul 14 – Jul 20,123
,,,Jul 21 – Jul 27,142
,,,Jul 28 – Aug 3,126
,,,Aug 4 – Aug 10,135
,,,Aug 11 – Aug 17,121
,,,Aug 18 – Aug 24,128
,,,Aug 25 – Aug 31,115
,,,Sep 1 – Sep 7,123
,,,Sep 8 – Sep 14,134
,,,Sep 15 – Sep 21,141
,,,Sep 22 – Sep 28,148
,,,Sep 29 – Oct 5,123
,,,Oct 6 – Oct 12,137
,,,Oct 13 – Oct 19,145
,,,Oct 20 – Oct 26,130
,,,Oct 27 – Nov 2,140
,,,Nov 3 – Nov 9,140
,,,Nov 10 – Nov 16,148
,,,Nov 17 – Nov 23,159
,,,Nov 24 – Nov 30,186
,,,Dec 1 – Dec 7,197
,,,Dec 8 – Dec 14,197
,,,Dec 15 – Dec 21,213
,,,Dec 22 – Dec 28,249
,≥ 1 and < 5 Years,2023 – 2024,Dec 31 – Jan 6,369
,,2024,Jan 7 – Jan 13,329
,,,Jan 14 – Jan 20,305
,,,Jan 21 – Jan 27,293
,,,Jan 28 – Feb 3,327
,,,Feb 4 – Feb 10,383
,,,Feb 11 – Feb 17,359
,,,Feb 18 – Feb 24,389
,,,Feb 25 – Mar 2,429
,,,Mar 3 – Mar 9,437
,,,Mar 10 – Mar 16,431
,,,Mar 17 – Mar 23,382
,,,Mar 24 – Mar 30,372
,,,Mar 31 – Apr 6,378
,,,Apr 7 – Apr 13,368
,,,Apr 14 – Apr 20,342
,,,Apr 21 – Apr 27,359
,,,Apr 28 – May 4,368
,,,May 5 – May 11,350
,,,May 12 – May 18,313
,,,May 19 – May 25,329
,,,May 26 – Jun 1,362
,,,Jun 2 – Jun 8,263
,,,Jun 9 – Jun 15,300
,,,Jun 16 – Jun 22,286
,,,Jun 23 – Jun 29,281
,,,Jun 30 – Jul 6,283
,,,Jul 7 – Jul 13,303
,,,Jul 14 – Jul 20,268
,,,Jul 21 – Jul 27,264
,,,Jul 28 – Aug 3,284
,,,Aug 4 – Aug 10,308
,,,Aug 11 – Aug 17,276
,,,Aug 18 – Aug 24,261
,,,Aug 25 – Aug 31,267
,,,Sep 1 – Sep 7,276
,,,Sep 8 – Sep 14,307
,,,Sep 15 – Sep 21,353
,,,Sep 22 – Sep 28,271
,,,Sep 29 – Oct 5,331
,,,Oct 6 – Oct 12,342
,,,Oct 13 – Oct 19,354
,,,Oct 20 – Oct 26,389
,,,Oct 27 – Nov 2,367
,,,Nov 3 – Nov 9,397
,,,Nov 10 – Nov 16,339
,,,Nov 17 – Nov 23,362
,,,Nov 24 – Nov 30,422
,,,Dec 1 – Dec 7,362
,,,Dec 8 – Dec 14,482
,,,Dec 15 – Dec 21,512
,,,Dec 22 – Dec 28,516
,≥ 5 and < 18 Years,2023 – 2024,Dec 31 – Jan 6,593
,,2024,Jan 7 – Jan 13,665
,,,Jan 14 – Jan 20,511
,,,Jan 21 – Jan 27,683
,,,Jan 28 – Feb 3,685
,,,Feb 4 – Feb 10,812
,,,Feb 11 – Feb 17,699
,,,Feb 18 – Feb 24,804
,,,Feb 25 – Mar 2,782
,,,Mar 3 – Mar 9,842
,,,Mar 10 – Mar 16,804
,,,Mar 17 – Mar 23,719
,,,Mar 24 – Mar 30,650
,,,Mar 31 – Apr 6,528
,,,Apr 7 – Apr 13,618
,,,Apr 14 – Apr 20,733
,,,Apr 21 – Apr 27,744
,,,Apr 28 – May 4,782
,,,May 5 – May 11,753
,,,May 12 – May 18,675
,,,May 19 – May 25,662
,,,May 26 – Jun 1,620
,,,Jun 2 – Jun 8,672
,,,Jun 9 – Jun 15,524
,,,Jun 16 – Jun 22,480
,,,Jun 23 – Jun 29,520
,,,Jun 30 – Jul 6,502
,,,Jul 7 – Jul 13,503
,,,Jul 14 – Jul 20,504
,,,Jul 21 – Jul 27,496
,,,Jul 28 – Aug 3,467
,,,Aug 4 – Aug 10,472
,,,Aug 11 – Aug 17,493
,,,Aug 18 – Aug 24,478
,,,Aug 25 – Aug 31,550
,,,Sep 1 – Sep 7,591
,,,Sep 8 – Sep 14,725
,,,Sep 15 – Sep 21,781
,,,Sep 22 – Sep 28,719
,,,Sep 29 – Oct 5,706
,,,Oct 6 – Oct 12,663
,,,Oct 13 – Oct 19,767
,,,Oct 20 – Oct 26,778
,,,Oct 27 – Nov 2,770
,,,Nov 3 – Nov 9,697
,,,Nov 10 – Nov 16,695
,,,Nov 17 – Nov 23,736
,,,Nov 24 – Nov 30,539
,,,Dec 1 – Dec 7,620
,,,Dec 8 – Dec 14,721
,,,Dec 15 – Dec 21,717
,,,Dec 22 – Dec 28,579
,≥ 18 and < 50 Years,2023 – 2024,Dec 31 – Jan 6,1578
,,2024,Jan 7 – Jan 13,1473
,,,Jan 14 – Jan 20,1390
,,,Jan 21 – Jan 27,1503
,,,Jan 28 – Feb 3,1584
,,,Feb 4 – Feb 10,1543
,,,Feb 11 – Feb 17,1513
,,,Feb 18 – Feb 24,1605
,,,Feb 25 – Mar 2,1576
,,,Mar 3 – Mar 9,1485
,,,Mar 10 – Mar 16,1469
,,,Mar 17 – Mar 23,1524
,,,Mar 24 – Mar 30,1496
,,,Mar 31 – Apr 6,1485
,,,Apr 7 – Apr 13,1540
,,,Apr 14 – Apr 20,1568
,,,Apr 21 – Apr 27,1471
,,,Apr 28 – May 4,1538
,,,May 5 – May 11,1615
,,,May 12 – May 18,1506
,,,May 19 – May 25,1474
,,,May 26 – Jun 1,1549
,,,Jun 2 – Jun 8,1556
,,,Jun 9 – Jun 15,1502
,,,Jun 16 – Jun 22,1615
,,,Jun 23 – Jun 29,1543
,,,Jun 30 – Jul 6,1551
,,,Jul 7 – Jul 13,1660
,,,Jul 14 – Jul 20,1587
,,,Jul 21 – Jul 27,1565
,,,Jul 28 – Aug 3,1596
,,,Aug 4 – Aug 10,1687
,,,Aug 11 – Aug 17,1663
,,,Aug 18 – Aug 24,1572
,,,Aug 25 – Aug 31,1606
,,,Sep 1 – Sep 7,1583
,,,Sep 8 – Sep 14,1651
,,,Sep 15 – Sep 21,1632
,,,Sep 22 – Sep 28,1639
,,,Sep 29 – Oct 5,1611
,,,Oct 6 – Oct 12,1579
,,,Oct 13 – Oct 19,1613
,,,Oct 20 – Oct 26,1626
,,,Oct 27 – Nov 2,1587
,,,Nov 3 – Nov 9,1553
,,,Nov 10 – Nov 16,1550
,,,Nov 17 – Nov 23,1616
,,,Nov 24 – Nov 30,1384
,,,Dec 1 – Dec 7,1592
,,,Dec 8 – Dec 14,1586
,,,Dec 15 – Dec 21,1621
,,,Dec 22 – Dec 28,1646
,≥ 50 and < 65 Years,2023 – 2024,Dec 31 – Jan 6,722
,,2024,Jan 7 – Jan 13,724
,,,Jan 14 – Jan 20,625
,,,Jan 21 – Jan 27,711
,,,Jan 28 – Feb 3,653
,,,Feb 4 – Feb 10,714
,,,Feb 11 – Feb 17,650
,,,Feb 18 – Feb 24,665
,,,Feb 25 – Mar 2,650
,,,Mar 3 – Mar 9,693
,,,Mar 10 – Mar 16,691
,,,Mar 17 – Mar 23,663
,,,Mar 24 – Mar 30,708
,,,Mar 31 – Apr 6,664
,,,Apr 7 – Apr 13,711
,,,Apr 14 – Apr 20,667
,,,Apr 21 – Apr 27,649
,,,Apr 28 – May 4,737
,,,May 5 – May 11,660
,,,May 12 – May 18,651
,,,May 19 – May 25,753
,,,May 26 – Jun 1,751
,,,Jun 2 – Jun 8,692
,,,Jun 9 – Jun 15,724
,,,Jun 16 – Jun 22,712
,,,Jun 23 – Jun 29,720
,,,Jun 30 – Jul 6,645
,,,Jul 7 – Jul 13,725
,,,Jul 14 – Jul 20,727
,,,Jul 21 – Jul 27,729
,,,Jul 28 – Aug 3,738
,,,Aug 4 – Aug 10,756
,,,Aug 11 – Aug 17,732
,,,Aug 18 – Aug 24,640
,,,Aug 25 – Aug 31,674
,,,Sep 1 – Sep 7,696
,,,Sep 8 – Sep 14,641
,,,Sep 15 – Sep 21,650
,,,Sep 22 – Sep 28,678
,,,Sep 29 – Oct 5,634
,,,Oct 6 – Oct 12,685
,,,Oct 13 – Oct 19,654
,,,Oct 20 – Oct 26,689
,,,Oct 27 – Nov 2,649
,,,Nov 3 – Nov 9,677
,,,Nov 10 – Nov 16,684
,,,Nov 17 – Nov 23,686
,,,Nov 24 – Nov 30,638
,,,Dec 1 – Dec 7,683
,,,Dec 8 – Dec 14,680
,,,Dec 15 – Dec 21,659
,,,Dec 22 – Dec 28,684
,65 Years or more,2023 – 2024,Dec 31 – Jan 6,1046
,,2024,Jan 7 – Jan 13,967
,,,Jan 14 – Jan 20,855
,,,Jan 21 – Jan 27,1012
,,,Jan 28 – Feb 3,916
,,,Feb 4 – Feb 10,949
,,,Feb 11 – Feb 17,930
,,,Feb 18 – Feb 24,923
,,,Feb 25 – Mar 2,918
,,,Mar 3 – Mar 9,951
,,,Mar 10 – Mar 16,898
,,,Mar 17 – Mar 23,913
,,,Mar 24 – Mar 30,899
,,,Mar 31 – Apr 6,913
,,,Apr 7 – Apr 13,902
,,,Apr 14 – Apr 20,939
,,,Apr 21 – Apr 27,952
,,,Apr 28 – May 4,961
,,,May 5 – May 11,989
,,,May 12 – May 18,946
,,,May 19 – May 25,1056
,,,May 26 – Jun 1,1035
,,,Jun 2 – Jun 8,1024
,,,Jun 9 – Jun 15,960
,,,Jun 16 – Jun 22,977
,,,Jun 23 – Jun 29,985
,,,Jun 30 – Jul 6,1010
,,,Jul 7 – Jul 13,993
,,,Jul 14 – Jul 20,998
,,,Jul 21 – Jul 27,955
,,,Jul 28 – Aug 3,1022
,,,Aug 4 – Aug 10,1044
,,,Aug 11 – Aug 17,1017
,,,Aug 18 – Aug 24,1030
,,,Aug 25 – Aug 31,984
,,,Sep 1 – Sep 7,989
,,,Sep 8 – Sep 14,1013
,,,Sep 15 – Sep 21,933
,,,Sep 22 – Sep 28,948
,,,Sep 29 – Oct 5,986
,,,Oct 6 – Oct 12,908
,,,Oct 13 – Oct 19,937
,,,Oct 20 – Oct 26,982
,,,Oct 27 – Nov 2,912
,,,Nov 3 – Nov 9,1018
,,,Nov 10 – Nov 16,948
,,,Nov 17 – Nov 23,953
,,,Nov 24 – Nov 30,1020
,,,Dec 1 – Dec 7,1004
,,,Dec 8 – Dec 14,997
,,,Dec 15 – Dec 21,1017
,,,Dec 22 – Dec 28,1027
,No value,2023 – 2024,Dec 31 – Jan 6,10 or fewer
,,2024,Jan 7 – Jan 13,10 or fewer
,,,Jan 14 – Jan 20,10 or fewer
,,,Jan 21 – Jan 27,10 or fewer
,,,Jan 28 – Feb 3,10 or fewer
,,,Feb 4 – Feb 10,10 or fewer
,,,Feb 11 – Feb 17,10 or fewer
,,,Feb 18 – Feb 24,10 or fewer
,,,Feb 25 – Mar 2,10 or fewer
,,,Mar 3 – Mar 9,10 or fewer
,,,Mar 10 – Mar 16,10 or fewer
,,,Mar 17 – Mar 23,10 or fewer
,,,Mar 24 – Mar 30,10 or fewer
,,,Mar 31 – Apr 6,10 or fewer
,,,Apr 7 – Apr 13,10 or fewer
,,,Apr 14 – Apr 20,10 or fewer
,,,Apr 21 – Apr 27,10 or fewer
,,,Apr 28 – May 4,10 or fewer
,,,May 5 – May 11,10 or fewer
,,,May 12 – May 18,10 or fewer
,,,May 19 – May 25,10 or fewer
,,,May 26 – Jun 1,10 or fewer
,,,Jun 2 – Jun 8,10 or fewer
,,,Jun 9 – Jun 15,10 or fewer
,,,Jun 16 – Jun 22,10 or fewer
,,,Jun 23 – Jun 29,10 or fewer
,,,Jun 30 – Jul 6,10 or fewer
,,,Jul 7 – Jul 13,10 or fewer
,,,Jul 14 – Jul 20,10 or fewer
,,,Jul 21 – Jul 27,10 or fewer
,,,Jul 28 – Aug 3,10 or fewer
,,,Aug 4 – Aug 10,10 or fewer
,,,Aug 11 – Aug 17,10 or fewer
,,,Aug 18 – Aug 24,10 or fewer
,,,Aug 25 – Aug 31,10 or fewer
,,,Sep 1 – Sep 7,10 or fewer
,,,Sep 8 – Sep 14,10 or fewer
,,,Sep 15 – Sep 21,10 or fewer
,,,Sep 22 – Sep 28,10 or fewer
,,,Sep 29 – Oct 5,10 or fewer
,,,Oct 6 – Oct 12,10 or fewer
,,,Oct 13 – Oct 19,10 or fewer
,,,Oct 20 – Oct 26,10 or fewer
,,,Oct 27 – Nov 2,10 or fewer
,,,Nov 3 – Nov 9,10 or fewer
,,,Nov 10 – Nov 16,10 or fewer
,,,Nov 17 – Nov 23,10 or fewer
,,,Nov 24 – Nov 30,10 or fewer
,,,Dec 1 – Dec 7,10 or fewer
,,,Dec 8 – Dec 14,10 or fewer
,,,Dec 15 – Dec 21,10 or fewer
,,,Dec 22 – Dec 28,10 or fewer
,Total,2023 – 2024,Dec 31 – Jan 6,4468
,,2024,Jan 7 – Jan 13,4309
,,,Jan 14 – Jan 20,3821
,,,Jan 21 – Jan 27,4324
,,,Jan 28 – Feb 3,4313
,,,Feb 4 – Feb 10,4565
,,,Feb 11 – Feb 17,4291
,,,Feb 18 – Feb 24,4538
,,,Feb 25 – Mar 2,4512
,,,Mar 3 – Mar 9,4592
,,,Mar 10 – Mar 16,4449
,,,Mar 17 – Mar 23,4329
,,,Mar 24 – Mar 30,4267
,,,Mar 31 – Apr 6,4130
,,,Apr 7 – Apr 13,4262
,,,Apr 14 – Apr 20,4369
,,,Apr 21 – Apr 27,4319
,,,Apr 28 – May 4,4521
,,,May 5 – May 11,4510
,,,May 12 – May 18,4230
,,,May 19 – May 25,4399
,,,May 26 – Jun 1,4447
,,,Jun 2 – Jun 8,4342
,,,Jun 9 – Jun 15,4131
,,,Jun 16 – Jun 22,4171
,,,Jun 23 – Jun 29,4169
,,,Jun 30 – Jul 6,4100
,,,Jul 7 – Jul 13,4273
,,,Jul 14 – Jul 20,4207
,,,Jul 21 – Jul 27,4151
,,,Jul 28 – Aug 3,4233
,,,Aug 4 – Aug 10,4402
,,,Aug 11 – Aug 17,4302
,,,Aug 18 – Aug 24,4109
,,,Aug 25 – Aug 31,4196
,,,Sep 1 – Sep 7,4258
,,,Sep 8 – Sep 14,4471
,,,Sep 15 – Sep 21,4490
,,,Sep 22 – Sep 28,4403
,,,Sep 29 – Oct 5,4391
,,,Oct 6 – Oct 12,4314
,,,Oct 13 – Oct 19,4470
,,,Oct 20 – Oct 26,4594
,,,Oct 27 – Nov 2,4425
,,,Nov 3 – Nov 9,4482
,,,Nov 10 – Nov 16,4364
,,,Nov 17 – Nov 23,4512
,,,Nov 24 – Nov 30,4189
,,,Dec 1 – Dec 7,4458
,,,Dec 8 – Dec 14,4663
,,,Dec 15 – Dec 21,4739
,,,Dec 22 – Dec 28,4701
North Dakota,Less than 1 Years,2023 – 2024,Dec 31 – Jan 6,98
,,2024,Jan 7 – Jan 13,80
,,,Jan 14 – Jan 20,73
,,,Jan 21 – Jan 27,87
,,,Jan 28 – Feb 3,82
,,,Feb 4 – Feb 10,59
,,,Feb 11 – Feb 17,63
,,,Feb 18 – Feb 24,67
,,,Feb 25 – Mar 2,50
,,,Mar 3 – Mar 9,69
,,,Mar 10 – Mar 16,83
,,,Mar 17 – Mar 23,56
,,,Mar 24 – Mar 30,74
,,,Mar 31 – Apr 6,65
,,,Apr 7 – Apr 13,64
,,,Apr 14 – Apr 20,62
,,,Apr 21 – Apr 27,67
,,,Apr 28 – May 4,46
,,,May 5 – May 11,54
,,,May 12 – May 18,62
,,,May 19 – May 25,55
,,,May 26 – Jun 1,68
,,,Jun 2 – Jun 8,62
,,,Jun 9 – Jun 15,50
,,,Jun 16 – Jun 22,46
,,,Jun 23 – Jun 29,33
,,,Jun 30 – Jul 6,46
,,,Jul 7 – Jul 13,56
,,,Jul 14 – Jul 20,55
,,,Jul 21 – Jul 27,59
,,,Jul 28 – Aug 3,48
,,,Aug 4 – Aug 10,51
,,,Aug 11 – Aug 17,59
,,,Aug 18 – Aug 24,45
,,,Aug 25 – Aug 31,59
,,,Sep 1 – Sep 7,71
,,,Sep 8 – Sep 14,70
,,,Sep 15 – Sep 21,53
,,,Sep 22 – Sep 28,63
,,,Sep 29 – Oct 5,50
,,,Oct 6 – Oct 12,61
,,,Oct 13 – Oct 19,68
,,,Oct 20 – Oct 26,61
,,,Oct 27 – Nov 2,43
,,,Nov 3 – Nov 9,71
,,,Nov 10 – Nov 16,60
,,,Nov 17 – Nov 23,82
,,,Nov 24 – Nov 30,60
,,,Dec 1 – Dec 7,69
,,,Dec 8 – Dec 14,54
,,,Dec 15 – Dec 21,60
,,,Dec 22 – Dec 28,91
,≥ 1 and < 5 Years,2023 – 2024,Dec 31 – Jan 6,180
,,2024,Jan 7 – Jan 13,168
,,,Jan 14 – Jan 20,144
,,,Jan 21 – Jan 27,137
,,,Jan 28 – Feb 3,181
,,,Feb 4 – Feb 10,159
,,,Feb 11 – Feb 17,157
,,,Feb 18 – Feb 24,162
,,,Feb 25 – Mar 2,144
,,,Mar 3 – Mar 9,143
,,,Mar 10 – Mar 16,157
,,,Mar 17 – Mar 23,149
,,,Mar 24 – Mar 30,166
,,,Mar 31 – Apr 6,131
,,,Apr 7 – Apr 13,157
,,,Apr 14 – Apr 20,131
,,,Apr 21 – Apr 27,128
,,,Apr 28 – May 4,143
,,,May 5 – May 11,125
,,,May 12 – May 18,150
,,,May 19 – May 25,157
,,,May 26 – Jun 1,164
,,,Jun 2 – Jun 8,136
,,,Jun 9 – Jun 15,118
,,,Jun 16 – Jun 22,120
,,,Jun 23 – Jun 29,138
,,,Jun 30 – Jul 6,148
,,,Jul 7 – Jul 13,109
,,,Jul 14 – Jul 20,112
,,,Jul 21 – Jul 27,126
,,,Jul 28 – Aug 3,115
,,,Aug 4 – Aug 10,117
,,,Aug 11 – Aug 17,104
,,,Aug 18 – Aug 24,121
,,,Aug 25 – Aug 31,119
,,,Sep 1 – Sep 7,160
,,,Sep 8 – Sep 14,138
,,,Sep 15 – Sep 21,129
,,,Sep 22 – Sep 28,135
,,,Sep 29 – Oct 5,130
,,,Oct 6 – Oct 12,126
,,,Oct 13 – Oct 19,139
,,,Oct 20 – Oct 26,140
,,,Oct 27 – Nov 2,114
,,,Nov 3 – Nov 9,115
,,,Nov 10 – Nov 16,119
,,,Nov 17 – Nov 23,105
,,,Nov 24 – Nov 30,159
,,,Dec 1 – Dec 7,128
,,,Dec 8 – Dec 14,124
,,,Dec 15 – Dec 21,151
,,,Dec 22 – Dec 28,184
,≥ 5 and < 18 Years,2023 – 2024,Dec 31 – Jan 6,298
,,2024,Jan 7 – Jan 13,273
,,,Jan 14 – Jan 20,228
,,,Jan 21 – Jan 27,297
,,,Jan 28 – Feb 3,334
,,,Feb 4 – Feb 10,296
,,,Feb 11 – Feb 17,299
,,,Feb 18 – Feb 24,314
,,,Feb 25 – Mar 2,319
,,,Mar 3 – Mar 9,338
,,,Mar 10 – Mar 16,298
,,,Mar 17 – Mar 23,269
,,,Mar 24 – Mar 30,217
,,,Mar 31 – Apr 6,302
,,,Apr 7 – Apr 13,324
,,,Apr 14 – Apr 20,295
,,,Apr 21 – Apr 27,310
,,,Apr 28 – May 4,309
,,,May 5 – May 11,330
,,,May 12 – May 18,343
,,,May 19 – May 25,318
,,,May 26 – Jun 1,302
,,,Jun 2 – Jun 8,275
,,,Jun 9 – Jun 15,276
,,,Jun 16 – Jun 22,241
,,,Jun 23 – Jun 29,234
,,,Jun 30 – Jul 6,280
,,,Jul 7 – Jul 13,272
,,,Jul 14 – Jul 20,287
,,,Jul 21 – Jul 27,242
,,,Jul 28 – Aug 3,290
,,,Aug 4 – Aug 10,262
,,,Aug 11 – Aug 17,240
,,,Aug 18 – Aug 24,272
,,,Aug 25 – Aug 31,303
,,,Sep 1 – Sep 7,331
,,,Sep 8 – Sep 14,328
,,,Sep 15 – Sep 21,359
,,,Sep 22 – Sep 28,343
,,,Sep 29 – Oct 5,333
,,,Oct 6 – Oct 12,316
,,,Oct 13 – Oct 19,311
,,,Oct 20 – Oct 26,309
,,,Oct 27 – Nov 2,319
,,,Nov 3 – Nov 9,288
,,,Nov 10 – Nov 16,307
,,,Nov 17 – Nov 23,292
,,,Nov 24 – Nov 30,247
,,,Dec 1 – Dec 7,273
,,,Dec 8 – Dec 14,303
,,,Dec 15 – Dec 21,293
,,,Dec 22 – Dec 28,282
,≥ 18 and < 50 Years,2023 – 2024,Dec 31 – Jan 6,1525
,,2024,Jan 7 – Jan 13,1224
,,,Jan 14 – Jan 20,1296
,,,Jan 21 – Jan 27,1321
,,,Jan 28 – Feb 3,1351
,,,Feb 4 – Feb 10,1312
,,,Feb 11 – Feb 17,1292
,,,Feb 18 – Feb 24,1312
,,,Feb 25 – Mar 2,1321
,,,Mar 3 – Mar 9,1355
,,,Mar 10 – Mar 16,1292
,,,Mar 17 – Mar 23,1307
,,,Mar 24 – Mar 30,1190
,,,Mar 31 – Apr 6,1280
,,,Apr 7 – Apr 13,1306
,,,Apr 14 – Apr 20,1216
,,,Apr 21 – Apr 27,1315
,,,Apr 28 – May 4,1311
,,,May 5 – May 11,1338
,,,May 12 – May 18,1424
,,,May 19 – May 25,1303
,,,May 26 – Jun 1,1351
,,,Jun 2 – Jun 8,1374
,,,Jun 9 – Jun 15,1429
,,,Jun 16 – Jun 22,1396
,,,Jun 23 – Jun 29,1285
,,,Jun 30 – Jul 6,1336
,,,Jul 7 – Jul 13,1381
,,,Jul 14 – Jul 20,1356
,,,Jul 21 – Jul 27,1382
,,,Jul 28 – Aug 3,1414
,,,Aug 4 – Aug 10,1345
,,,Aug 11 – Aug 17,1408
,,,Aug 18 – Aug 24,1393
,,,Aug 25 – Aug 31,1350
,,,Sep 1 – Sep 7,1417
,,,Sep 8 – Sep 14,1406
,,,Sep 15 – Sep 21,1416
,,,Sep 22 – Sep 28,1385
,,,Sep 29 – Oct 5,1392
,,,Oct 6 – Oct 12,1443
,,,Oct 13 – Oct 19,1360
,,,Oct 20 – Oct 26,1403
,,,Oct 27 – Nov 2,1385
,,,Nov 3 – Nov 9,1414
,,,Nov 10 – Nov 16,1457
,,,Nov 17 – Nov 23,1388
,,,Nov 24 – Nov 30,1263
,,,Dec 1 – Dec 7,1341
,,,Dec 8 – Dec 14,1381
,,,Dec 15 – Dec 21,1266
,,,Dec 22 – Dec 28,1377
,≥ 50 and < 65 Years,2023 – 2024,Dec 31 – Jan 6,540
,,2024,Jan 7 – Jan 13,498
,,,Jan 14 – Jan 20,477
,,,Jan 21 – Jan 27,498
,,,Jan 28 – Feb 3,551
,,,Feb 4 – Feb 10,505
,,,Feb 11 – Feb 17,571
,,,Feb 18 – Feb 24,528
,,,Feb 25 – Mar 2,525
,,,Mar 3 – Mar 9,482
,,,Mar 10 – Mar 16,497
,,,Mar 17 – Mar 23,496
,,,Mar 24 – Mar 30,465
,,,Mar 31 – Apr 6,511
,,,Apr 7 – Apr 13,538
,,,Apr 14 – Apr 20,476
,,,Apr 21 – Apr 27,552
,,,Apr 28 – May 4,550
,,,May 5 – May 11,567
,,,May 12 – May 18,530
,,,May 19 – May 25,554
,,,May 26 – Jun 1,578
,,,Jun 2 – Jun 8,579
,,,Jun 9 – Jun 15,528
,,,Jun 16 – Jun 22,488
,,,Jun 23 – Jun 29,513
,,,Jun 30 – Jul 6,497
,,,Jul 7 – Jul 13,571
,,,Jul 14 – Jul 20,547
,,,Jul 21 – Jul 27,541
,,,Jul 28 – Aug 3,545
,,,Aug 4 – Aug 10,549
,,,Aug 11 – Aug 17,573
,,,Aug 18 – Aug 24,530
,,,Aug 25 – Aug 31,509
,,,Sep 1 – Sep 7,537
,,,Sep 8 – Sep 14,524
,,,Sep 15 – Sep 21,566
,,,Sep 22 – Sep 28,555
,,,Sep 29 – Oct 5,530
,,,Oct 6 – Oct 12,528
,,,Oct 13 – Oct 19,528
,,,Oct 20 – Oct 26,542
,,,Oct 27 – Nov 2,490
,,,Nov 3 – Nov 9,488
,,,Nov 10 – Nov 16,533
,,,Nov 17 – Nov 23,521
,,,Nov 24 – Nov 30,446
,,,Dec 1 – Dec 7,465
,,,Dec 8 – Dec 14,522
,,,Dec 15 – Dec 21,508
,,,Dec 22 – Dec 28,547
,65 Years or more,2023 – 2024,Dec 31 – Jan 6,872
,,2024,Jan 7 – Jan 13,683
,,,Jan 14 – Jan 20,689
,,,Jan 21 – Jan 27,770
,,,Jan 28 – Feb 3,716
,,,Feb 4 – Feb 10,704
,,,Feb 11 – Feb 17,709
,,,Feb 18 – Feb 24,758
,,,Feb 25 – Mar 2,723
,,,Mar 3 – Mar 9,786
,,,Mar 10 – Mar 16,799
,,,Mar 17 – Mar 23,735
,,,Mar 24 – Mar 30,673
,,,Mar 31 – Apr 6,756
,,,Apr 7 – Apr 13,786
,,,Apr 14 – Apr 20,734
,,,Apr 21 – Apr 27,791
,,,Apr 28 – May 4,758
,,,May 5 – May 11,773
,,,May 12 – May 18,794
,,,May 19 – May 25,793
,,,May 26 – Jun 1,794
,,,Jun 2 – Jun 8,853
,,,Jun 9 – Jun 15,797
,,,Jun 16 – Jun 22,814
,,,Jun 23 – Jun 29,832
,,,Jun 30 – Jul 6,850
,,,Jul 7 – Jul 13,822
,,,Jul 14 – Jul 20,812
,,,Jul 21 – Jul 27,838
,,,Jul 28 – Aug 3,811
,,,Aug 4 – Aug 10,845
,,,Aug 11 – Aug 17,827
,,,Aug 18 – Aug 24,840
,,,Aug 25 – Aug 31,785
,,,Sep 1 – Sep 7,847
,,,Sep 8 – Sep 14,810
,,,Sep 15 – Sep 21,872
,,,Sep 22 – Sep 28,849
,,,Sep 29 – Oct 5,798
,,,Oct 6 – Oct 12,823
,,,Oct 13 – Oct 19,819
,,,Oct 20 – Oct 26,793
,,,Oct 27 – Nov 2,732
,,,Nov 3 – Nov 9,766
,,,Nov 10 – Nov 16,730
,,,Nov 17 – Nov 23,771
,,,Nov 24 – Nov 30,790
,,,Dec 1 – Dec 7,770
,,,Dec 8 – Dec 14,755
,,,Dec 15 – Dec 21,821
,,,Dec 22 – Dec 28,909
,No value,2023 – 2024,Dec 31 – Jan 6,10 or fewer
,,2024,Jan 7 – Jan 13,10 or fewer
,,,Jan 14 – Jan 20,10 or fewer
,,,Jan 21 – Jan 27,10 or fewer
,,,Jan 28 – Feb 3,10 or fewer
,,,Feb 4 – Feb 10,10 or fewer
,,,Feb 11 – Feb 17,10 or fewer
,,,Feb 18 – Feb 24,10 or fewer
,,,Feb 25 – Mar 2,10 or fewer
,,,Mar 3 – Mar 9,10 or fewer
,,,Mar 10 – Mar 16,10 or fewer
,,,Mar 17 – Mar 23,10 or fewer
,,,Mar 24 – Mar 30,10 or fewer
,,,Mar 31 – Apr 6,10 or fewer
,,,Apr 7 – Apr 13,10 or fewer
,,,Apr 14 – Apr 20,10 or fewer
,,,Apr 21 – Apr 27,10 or fewer
,,,Apr 28 – May 4,10 or fewer
,,,May 5 – May 11,10 or fewer
,,,May 12 – May 18,10 or fewer
,,,May 19 – May 25,10 or fewer
,,,May 26 – Jun 1,10 or fewer
,,,Jun 2 – Jun 8,10 or fewer
,,,Jun 9 – Jun 15,10 or fewer
,,,Jun 16 – Jun 22,10 or fewer
,,,Jun 23 – Jun 29,10 or fewer
,,,Jun 30 – Jul 6,10 or fewer
,,,Jul 7 – Jul 13,10 or fewer
,,,Jul 14 – Jul 20,10 or fewer
,,,Jul 21 – Jul 27,10 or fewer
,,,Jul 28 – Aug 3,10 or fewer
,,,Aug 4 – Aug 10,10 or fewer
,,,Aug 11 – Aug 17,10 or fewer
,,,Aug 18 – Aug 24,10 or fewer
,,,Aug 25 – Aug 31,10 or fewer
,,,Sep 1 – Sep 7,10 or fewer
,,,Sep 8 – Sep 14,10 or fewer
,,,Sep 15 – Sep 21,10 or fewer
,,,Sep 22 – Sep 28,10 or fewer
,,,Sep 29 – Oct 5,10 or fewer
,,,Oct 6 – Oct 12,10 or fewer
,,,Oct 13 – Oct 19,10 or fewer
,,,Oct 20 – Oct 26,10 or fewer
,,,Oct 27 – Nov 2,10 or fewer
,,,Nov 3 – Nov 9,10 or fewer
,,,Nov 10 – Nov 16,10 or fewer
,,,Nov 17 – Nov 23,10 or fewer
,,,Nov 24 – Nov 30,10 or fewer
,,,Dec 1 – Dec 7,10 or fewer
,,,Dec 8 – Dec 14,10 or fewer
,,,Dec 15 – Dec 21,10 or fewer
,,,Dec 22 – Dec 28,10 or fewer
,Total,2023 – 2024,Dec 31 – Jan 6,3513
,,2024,Jan 7 – Jan 13,2926
,,,Jan 14 – Jan 20,2907
,,,Jan 21 – Jan 27,3110
,,,Jan 28 – Feb 3,3215
,,,Feb 4 – Feb 10,3035
,,,Feb 11 – Feb 17,3091
,,,Feb 18 – Feb 24,3141
,,,Feb 25 – Mar 2,3082
,,,Mar 3 – Mar 9,3173
,,,Mar 10 – Mar 16,3126
,,,Mar 17 – Mar 23,3012
,,,Mar 24 – Mar 30,2785
,,,Mar 31 – Apr 6,3045
,,,Apr 7 – Apr 13,3175
,,,Apr 14 – Apr 20,2914
,,,Apr 21 – Apr 27,3163
,,,Apr 28 – May 4,3117
,,,May 5 – May 11,3187
,,,May 12 – May 18,3303
,,,May 19 – May 25,3180
,,,May 26 – Jun 1,3257
,,,Jun 2 – Jun 8,3279
,,,Jun 9 – Jun 15,3198
,,,Jun 16 – Jun 22,3105
,,,Jun 23 – Jun 29,3035
,,,Jun 30 – Jul 6,3159
,,,Jul 7 – Jul 13,3211
,,,Jul 14 – Jul 20,3169
,,,Jul 21 – Jul 27,3188
,,,Jul 28 – Aug 3,3223
,,,Aug 4 – Aug 10,3169
,,,Aug 11 – Aug 17,3211
,,,Aug 18 – Aug 24,3201
,,,Aug 25 – Aug 31,3125
,,,Sep 1 – Sep 7,3363
,,,Sep 8 – Sep 14,3276
,,,Sep 15 – Sep 21,3395
,,,Sep 22 – Sep 28,3330
,,,Sep 29 – Oct 5,3233
,,,Oct 6 – Oct 12,3297
,,,Oct 13 – Oct 19,3225
,,,Oct 20 – Oct 26,3248
,,,Oct 27 – Nov 2,3083
,,,Nov 3 – Nov 9,3142
,,,Nov 10 – Nov 16,3206
,,,Nov 17 – Nov 23,3159
,,,Nov 24 – Nov 30,2965
,,,Dec 1 – Dec 7,3046
,,,Dec 8 – Dec 14,3139
,,,Dec 15 – Dec 21,3099
,,,Dec 22 – Dec 28,3390
Utah,Less than 1 Years,2023 – 2024,Dec 31 – Jan 6,16
,,2024,Jan 7 – Jan 13,14
,,,Jan 14 – Jan 20,10 or fewer
,,,Jan 21 – Jan 27,10 or fewer
,,,Jan 28 – Feb 3,10 or fewer
,,,Feb 4 – Feb 10,10 or fewer
,,,Feb 11 – Feb 17,10 or fewer
,,,Feb 18 – Feb 24,10 or fewer
,,,Feb 25 – Mar 2,10 or fewer
,,,Mar 3 – Mar 9,10 or fewer
,,,Mar 10 – Mar 16,10 or fewer
,,,Mar 17 – Mar 23,10 or fewer
,,,Mar 24 – Mar 30,10 or fewer
,,,Mar 31 – Apr 6,10 or fewer
,,,Apr 7 – Apr 13,10 or fewer
,,,Apr 14 – Apr 20,10 or fewer
,,,Apr 21 – Apr 27,10 or fewer
,,,Apr 28 – May 4,10 or fewer
,,,May 5 – May 11,10 or fewer
,,,May 12 – May 18,10 or fewer
,,,May 19 – May 25,10 or fewer
,,,May 26 – Jun 1,10 or fewer
,,,Jun 2 – Jun 8,10 or fewer
,,,Jun 9 – Jun 15,10 or fewer
,,,Jun 16 – Jun 22,10 or fewer
,,,Jun 23 – Jun 29,10 or fewer
,,,Jun 30 – Jul 6,11
,,,Jul 7 – Jul 13,10 or fewer
,,,Jul 14 – Jul 20,10 or fewer
,,,Jul 21 – Jul 27,10 or fewer
,,,Jul 28 – Aug 3,10 or fewer
,,,Aug 4 – Aug 10,10 or fewer
,,,Aug 11 – Aug 17,10 or fewer
,,,Aug 18 – Aug 24,10 or fewer
,,,Aug 25 – Aug 31,11
,,,Sep 1 – Sep 7,10 or fewer
,,,Sep 8 – Sep 14,10 or fewer
,,,Sep 15 – Sep 21,10 or fewer
,,,Sep 22 – Sep 28,10 or fewer
,,,Sep 29 – Oct 5,10 or fewer
,,,Oct 6 – Oct 12,10 or fewer
,,,Oct 13 – Oct 19,10 or fewer
,,,Oct 20 – Oct 26,10 or fewer
,,,Oct 27 – Nov 2,10 or fewer
,,,Nov 3 – Nov 9,10 or fewer
,,,Nov 10 – Nov 16,11
,,,Nov 17 – Nov 23,10 or fewer
,,,Nov 24 – Nov 30,13
,,,Dec 1 – Dec 7,11
,,,Dec 8 – Dec 14,12
,,,Dec 15 – Dec 21,14
,,,Dec 22 – Dec 28,21
,≥ 1 and < 5 Years,2023 – 2024,Dec 31 – Jan 6,30
,,2024,Jan 7 – Jan 13,13
,,,Jan 14 – Jan 20,22
,,,Jan 21 – Jan 27,21
,,,Jan 28 – Feb 3,23
,,,Feb 4 – Feb 10,21
,,,Feb 11 – Feb 17,11
,,,Feb 18 – Feb 24,23
,,,Feb 25 – Mar 2,21
,,,Mar 3 – Mar 9,18
,,,Mar 10 – Mar 16,14
,,,Mar 17 – Mar 23,23
,,,Mar 24 – Mar 30,18
,,,Mar 31 – Apr 6,24
,,,Apr 7 – Apr 13,16
,,,Apr 14 – Apr 20,23
,,,Apr 21 – Apr 27,18
,,,Apr 28 – May 4,20
,,,May 5 – May 11,21
,,,May 12 – May 18,22
,,,May 19 – May 25,18
,,,May 26 – Jun 1,29
,,,Jun 2 – Jun 8,15
,,,Jun 9 – Jun 15,17
,,,Jun 16 – Jun 22,20
,,,Jun 23 – Jun 29,34
,,,Jun 30 – Jul 6,36
,,,Jul 7 – Jul 13,17
,,,Jul 14 – Jul 20,13
,,,Jul 21 – Jul 27,16
,,,Jul 28 – Aug 3,20
,,,Aug 4 – Aug 10,22
,,,Aug 11 – Aug 17,26
,,,Aug 18 – Aug 24,17
,,,Aug 25 – Aug 31,24
,,,Sep 1 – Sep 7,13
,,,Sep 8 – Sep 14,21
,,,Sep 15 – Sep 21,12
,,,Sep 22 – Sep 28,18
,,,Sep 29 – Oct 5,13
,,,Oct 6 – Oct 12,13
,,,Oct 13 – Oct 19,17
,,,Oct 20 – Oct 26,16
,,,Oct 27 – Nov 2,12
,,,Nov 3 – Nov 9,12
,,,Nov 10 – Nov 16,11
,,,Nov 17 – Nov 23,22
,,,Nov 24 – Nov 30,30
,,,Dec 1 – Dec 7,19
,,,Dec 8 – Dec 14,14
,,,Dec 15 – Dec 21,27
,,,Dec 22 – Dec 28,43
,≥ 5 and < 18 Years,2023 – 2024,Dec 31 – Jan 6,47
,,2024,Jan 7 – Jan 13,56
,,,Jan 14 – Jan 20,61
,,,Jan 21 – Jan 27,54
,,,Jan 28 – Feb 3,51
,,,Feb 4 – Feb 10,56
,,,Feb 11 – Feb 17,61
,,,Feb 18 – Feb 24,58
,,,Feb 25 – Mar 2,47
,,,Mar 3 – Mar 9,48
,,,Mar 10 – Mar 16,48
,,,Mar 17 – Mar 23,48
,,,Mar 24 – Mar 30,57
,,,Mar 31 – Apr 6,55
,,,Apr 7 – Apr 13,60
,,,Apr 14 – Apr 20,52
,,,Apr 21 – Apr 27,43
,,,Apr 28 – May 4,54
,,,May 5 – May 11,36
,,,May 12 – May 18,51
,,,May 19 – May 25,52
,,,May 26 – Jun 1,56
,,,Jun 2 – Jun 8,52
,,,Jun 9 – Jun 15,66
,,,Jun 16 – Jun 22,65
,,,Jun 23 – Jun 29,54
,,,Jun 30 – Jul 6,63
,,,Jul 7 – Jul 13,52
,,,Jul 14 – Jul 20,48
,,,Jul 21 – Jul 27,46
,,,Jul 28 – Aug 3,48
,,,Aug 4 – Aug 10,42
,,,Aug 11 – Aug 17,36
,,,Aug 18 – Aug 24,53
,,,Aug 25 – Aug 31,53
,,,Sep 1 – Sep 7,37
,,,Sep 8 – Sep 14,54
,,,Sep 15 – Sep 21,51
,,,Sep 22 – Sep 28,39
,,,Sep 29 – Oct 5,35
,,,Oct 6 – Oct 12,59
,,,Oct 13 – Oct 19,46
,,,Oct 20 – Oct 26,50
,,,Oct 27 – Nov 2,30
,,,Nov 3 – Nov 9,56
,,,Nov 10 – Nov 16,54
,,,Nov 17 – Nov 23,61
,,,Nov 24 – Nov 30,78
,,,Dec 1 – Dec 7,66
,,,Dec 8 – Dec 14,50
,,,Dec 15 – Dec 21,72
,,,Dec 22 – Dec 28,50
,≥ 18 and < 50 Years,2023 – 2024,Dec 31 – Jan 6,863
,,2024,Jan 7 – Jan 13,784
,,,Jan 14 – Jan 20,832
,,,Jan 21 – Jan 27,808
,,,Jan 28 – Feb 3,846
,,,Feb 4 – Feb 10,833
,,,Feb 11 – Feb 17,798
,,,Feb 18 – Feb 24,762
,,,Feb 25 – Mar 2,788
,,,Mar 3 – Mar 9,777
,,,Mar 10 – Mar 16,786
,,,Mar 17 – Mar 23,838
,,,Mar 24 – Mar 30,810
,,,Mar 31 – Apr 6,809
,,,Apr 7 – Apr 13,829
,,,Apr 14 – Apr 20,793
,,,Apr 21 – Apr 27,812
,,,Apr 28 – May 4,835
,,,May 5 – May 11,764
,,,May 12 – May 18,784
,,,May 19 – May 25,836
,,,May 26 – Jun 1,840
,,,Jun 2 – Jun 8,869
,,,Jun 9 – Jun 15,873
,,,Jun 16 – Jun 22,816
,,,Jun 23 – Jun 29,859
,,,Jun 30 – Jul 6,862
,,,Jul 7 – Jul 13,861
,,,Jul 14 – Jul 20,844
,,,Jul 21 – Jul 27,816
,,,Jul 28 – Aug 3,874
,,,Aug 4 – Aug 10,826
,,,Aug 11 – Aug 17,838
,,,Aug 18 – Aug 24,845
,,,Aug 25 – Aug 31,852
,,,Sep 1 – Sep 7,862
,,,Sep 8 – Sep 14,793
,,,Sep 15 – Sep 21,811
,,,Sep 22 – Sep 28,828
,,,Sep 29 – Oct 5,785
,,,Oct 6 – Oct 12,785
,,,Oct 13 – Oct 19,855
,,,Oct 20 – Oct 26,861
,,,Oct 27 – Nov 2,775
,,,Nov 3 – Nov 9,886
,,,Nov 10 – Nov 16,906
,,,Nov 17 – Nov 23,914
,,,Nov 24 – Nov 30,876
,,,Dec 1 – Dec 7,916
,,,Dec 8 – Dec 14,912
,,,Dec 15 – Dec 21,943
,,,Dec 22 – Dec 28,943
,≥ 50 and < 65 Years,2023 – 2024,Dec 31 – Jan 6,302
,,2024,Jan 7 – Jan 13,289
,,,Jan 14 – Jan 20,299
,,,Jan 21 – Jan 27,287
,,,Jan 28 – Feb 3,313
,,,Feb 4 – Feb 10,278
,,,Feb 11 – Feb 17,286
,,,Feb 18 – Feb 24,291
,,,Feb 25 – Mar 2,300
,,,Mar 3 – Mar 9,306
,,,Mar 10 – Mar 16,320
,,,Mar 17 – Mar 23,262
,,,Mar 24 – Mar 30,284
,,,Mar 31 – Apr 6,262
,,,Apr 7 – Apr 13,300
,,,Apr 14 – Apr 20,313
,,,Apr 21 – Apr 27,296
,,,Apr 28 – May 4,298
,,,May 5 – May 11,300
,,,May 12 – May 18,289
,,,May 19 – May 25,321
,,,May 26 – Jun 1,267
,,,Jun 2 – Jun 8,298
,,,Jun 9 – Jun 15,289
,,,Jun 16 – Jun 22,314
,,,Jun 23 – Jun 29,302
,,,Jun 30 – Jul 6,299
,,,Jul 7 – Jul 13,322
,,,Jul 14 – Jul 20,265
,,,Jul 21 – Jul 27,303
,,,Jul 28 – Aug 3,322
,,,Aug 4 – Aug 10,327
,,,Aug 11 – Aug 17,331
,,,Aug 18 – Aug 24,283
,,,Aug 25 – Aug 31,293
,,,Sep 1 – Sep 7,280
,,,Sep 8 – Sep 14,272
,,,Sep 15 – Sep 21,291
,,,Sep 22 – Sep 28,303
,,,Sep 29 – Oct 5,276
,,,Oct 6 – Oct 12,274
,,,Oct 13 – Oct 19,264
,,,Oct 20 – Oct 26,296
,,,Oct 27 – Nov 2,272
,,,Nov 3 – Nov 9,281
,,,Nov 10 – Nov 16,289
,,,Nov 17 – Nov 23,314
,,,Nov 24 – Nov 30,281
,,,Dec 1 – Dec 7,285
,,,Dec 8 – Dec 14,297
,,,Dec 15 – Dec 21,294
,,,Dec 22 – Dec 28,310
,65 Years or more,2023 – 2024,Dec 31 – Jan 6,302
,,2024,Jan 7 – Jan 13,296
,,,Jan 14 – Jan 20,317
,,,Jan 21 – Jan 27,294
,,,Jan 28 – Feb 3,276
,,,Feb 4 – Feb 10,298
,,,Feb 11 – Feb 17,263
,,,Feb 18 – Feb 24,310
,,,Feb 25 – Mar 2,314
,,,Mar 3 – Mar 9,313
,,,Mar 10 – Mar 16,289
,,,Mar 17 – Mar 23,337
,,,Mar 24 – Mar 30,289
,,,Mar 31 – Apr 6,293
,,,Apr 7 – Apr 13,305
,,,Apr 14 – Apr 20,310
,,,Apr 21 – Apr 27,303
,,,Apr 28 – May 4,318
,,,May 5 – May 11,317
,,,May 12 – May 18,294
,,,May 19 – May 25,289
,,,May 26 – Jun 1,323
,,,Jun 2 – Jun 8,323
,,,Jun 9 – Jun 15,322
,,,Jun 16 – Jun 22,377
,,,Jun 23 – Jun 29,341
,,,Jun 30 – Jul 6,301
,,,Jul 7 – Jul 13,336
,,,Jul 14 – Jul 20,299
,,,Jul 21 – Jul 27,309
,,,Jul 28 – Aug 3,319
,,,Aug 4 – Aug 10,327
,,,Aug 11 – Aug 17,319
,,,Aug 18 – Aug 24,306
,,,Aug 25 – Aug 31,300
,,,Sep 1 – Sep 7,323
,,,Sep 8 – Sep 14,297
,,,Sep 15 – Sep 21,320
,,,Sep 22 – Sep 28,342
,,,Sep 29 – Oct 5,291
,,,Oct 6 – Oct 12,308
,,,Oct 13 – Oct 19,275
,,,Oct 20 – Oct 26,316
,,,Oct 27 – Nov 2,295
,,,Nov 3 – Nov 9,300
,,,Nov 10 – Nov 16,305
,,,Nov 17 – Nov 23,274
,,,Nov 24 – Nov 30,288
,,,Dec 1 – Dec 7,327
,,,Dec 8 – Dec 14,285
,,,Dec 15 – Dec 21,350
,,,Dec 22 – Dec 28,359
,No value,2023 – 2024,Dec 31 – Jan 6,10 or fewer
,,2024,Jan 7 – Jan 13,10 or fewer
,,,Jan 14 – Jan 20,10 or fewer
,,,Jan 21 – Jan 27,10 or fewer
,,,Jan 28 – Feb 3,10 or fewer
,,,Feb 4 – Feb 10,10 or fewer
,,,Feb 11 – Feb 17,10 or fewer
,,,Feb 18 – Feb 24,10 or fewer
,,,Feb 25 – Mar 2,10 or fewer
,,,Mar 3 – Mar 9,10 or fewer
,,,Mar 10 – Mar 16,10 or fewer
,,,Mar 17 – Mar 23,10 or fewer
,,,Mar 24 – Mar 30,10 or fewer
,,,Mar 31 – Apr 6,10 or fewer
,,,Apr 7 – Apr 13,10 or fewer
,,,Apr 14 – Apr 20,10 or fewer
,,,Apr 21 – Apr 27,10 or fewer
,,,Apr 28 – May 4,10 or fewer
,,,May 5 – May 11,10 or fewer
,,,May 12 – May 18,10 or fewer
,,,May 19 – May 25,10 or fewer
,,,May 26 – Jun 1,10 or fewer
,,,Jun 2 – Jun 8,10 or fewer
,,,Jun 9 – Jun 15,10 or fewer
,,,Jun 16 – Jun 22,10 or fewer
,,,Jun 23 – Jun 29,10 or fewer
,,,Jun 30 – Jul 6,10 or fewer
,,,Jul 7 – Jul 13,10 or fewer
,,,Jul 14 – Jul 20,10 or fewer
,,,Jul 21 – Jul 27,10 or fewer
,,,Jul 28 – Aug 3,10 or fewer
,,,Aug 4 – Aug 10,10 or fewer
,,,Aug 11 – Aug 17,10 or fewer
,,,Aug 18 – Aug 24,10 or fewer
,,,Aug 25 – Aug 31,10 or fewer
,,,Sep 1 – Sep 7,10 or fewer
,,,Sep 8 – Sep 14,10 or fewer
,,,Sep 15 – Sep 21,10 or fewer
,,,Sep 22 – Sep 28,10 or fewer
,,,Sep 29 – Oct 5,10 or fewer
,,,Oct 6 – Oct 12,10 or fewer
,,,Oct 13 – Oct 19,10 or fewer
,,,Oct 20 – Oct 26,10 or fewer
,,,Oct 27 – Nov 2,10 or fewer
,,,Nov 3 – Nov 9,10 or fewer
,,,Nov 10 – Nov 16,10 or fewer
,,,Nov 17 – Nov 23,10 or fewer
,,,Nov 24 – Nov 30,10 or fewer
,,,Dec 1 – Dec 7,10 or fewer
,,,Dec 8 – Dec 14,10 or fewer
,,,Dec 15 – Dec 21,10 or fewer
,,,Dec 22 – Dec 28,10 or fewer
,Total,2023 – 2024,Dec 31 – Jan 6,1560
,,2024,Jan 7 – Jan 13,1452
,,,Jan 14 – Jan 20,1541
,,,Jan 21 – Jan 27,1471
,,,Jan 28 – Feb 3,1517
,,,Feb 4 – Feb 10,1493
,,,Feb 11 – Feb 17,1427
,,,Feb 18 – Feb 24,1452
,,,Feb 25 – Mar 2,1479
,,,Mar 3 – Mar 9,1468
,,,Mar 10 – Mar 16,1462
,,,Mar 17 – Mar 23,1515
,,,Mar 24 – Mar 30,1464
,,,Mar 31 – Apr 6,1452
,,,Apr 7 – Apr 13,1514
,,,Apr 14 – Apr 20,1496
,,,Apr 21 – Apr 27,1480
,,,Apr 28 – May 4,1533
,,,May 5 – May 11,1445
,,,May 12 – May 18,1445
,,,May 19 – May 25,1522
,,,May 26 – Jun 1,1522
,,,Jun 2 – Jun 8,1562
,,,Jun 9 – Jun 15,1575
,,,Jun 16 – Jun 22,1598
,,,Jun 23 – Jun 29,1599
,,,Jun 30 – Jul 6,1572
,,,Jul 7 – Jul 13,1592
,,,Jul 14 – Jul 20,1477
,,,Jul 21 – Jul 27,1498
,,,Jul 28 – Aug 3,1590
,,,Aug 4 – Aug 10,1550
,,,Aug 11 – Aug 17,1558
,,,Aug 18 – Aug 24,1511
,,,Aug 25 – Aug 31,1533
,,,Sep 1 – Sep 7,1521
,,,Sep 8 – Sep 14,1440
,,,Sep 15 – Sep 21,1491
,,,Sep 22 – Sep 28,1538
,,,Sep 29 – Oct 5,1405
,,,Oct 6 – Oct 12,1447
,,,Oct 13 – Oct 19,1465
,,,Oct 20 – Oct 26,1548
,,,Oct 27 – Nov 2,1389
,,,Nov 3 – Nov 9,1544
,,,Nov 10 – Nov 16,1576
,,,Nov 17 – Nov 23,1589
,,,Nov 24 – Nov 30,1566
,,,Dec 1 – Dec 7,1624
,,,Dec 8 – Dec 14,1570
,,,Dec 15 – Dec 21,1700
,,,Dec 22 – Dec 28,1726
Vermont,Less than 1 Years,2023 – 2024,Dec 31 – Jan 6,53
,,2024,Jan 7 – Jan 13,36
,,,Jan 14 – Jan 20,36
,,,Jan 21 – Jan 27,31
,,,Jan 28 – Feb 3,47
,,,Feb 4 – Feb 10,38
,,,Feb 11 – Feb 17,41
,,,Feb 18 – Feb 24,37
,,,Feb 25 – Mar 2,46
,,,Mar 3 – Mar 9,30
,,,Mar 10 – Mar 16,24
,,,Mar 17 – Mar 23,41
,,,Mar 24 – Mar 30,31
,,,Mar 31 – Apr 6,37
,,,Apr 7 – Apr 13,32
,,,Apr 14 – Apr 20,46
,,,Apr 21 – Apr 27,29
,,,Apr 28 – May 4,27
,,,May 5 – May 11,29
,,,May 12 – May 18,32
,,,May 19 – May 25,24
,,,May 26 – Jun 1,26
,,,Jun 2 – Jun 8,21
,,,Jun 9 – Jun 15,18
,,,Jun 16 – Jun 22,17
,,,Jun 23 – Jun 29,19
,,,Jun 30 – Jul 6,28
,,,Jul 7 – Jul 13,27
,,,Jul 14 – Jul 20,26
,,,Jul 21 – Jul 27,23
,,,Jul 28 – Aug 3,29
,,,Aug 4 – Aug 10,22
,,,Aug 11 – Aug 17,25
,,,Aug 18 – Aug 24,10 or fewer
,,,Aug 25 – Aug 31,23
,,,Sep 1 – Sep 7,35
,,,Sep 8 – Sep 14,26
,,,Sep 15 – Sep 21,34
,,,Sep 22 – Sep 28,34
,,,Sep 29 – Oct 5,33
,,,Oct 6 – Oct 12,24
,,,Oct 13 – Oct 19,26
,,,Oct 20 – Oct 26,23
,,,Oct 27 – Nov 2,32
,,,Nov 3 – Nov 9,26
,,,Nov 10 – Nov 16,31
,,,Nov 17 – Nov 23,33
,,,Nov 24 – Nov 30,24
,,,Dec 1 – Dec 7,31
,,,Dec 8 – Dec 14,26
,,,Dec 15 – Dec 21,38
,,,Dec 22 – Dec 28,39
,≥ 1 and < 5 Years,2023 – 2024,Dec 31 – Jan 6,81
,,2024,Jan 7 – Jan 13,78
,,,Jan 14 – Jan 20,81
,,,Jan 21 – Jan 27,69
,,,Jan 28 – Feb 3,80
,,,Feb 4 – Feb 10,86
,,,Feb 11 – Feb 17,90
,,,Feb 18 – Feb 24,92
,,,Feb 25 – Mar 2,76
,,,Mar 3 – Mar 9,67
,,,Mar 10 – Mar 16,68
,,,Mar 17 – Mar 23,79
,,,Mar 24 – Mar 30,64
,,,Mar 31 – Apr 6,95
,,,Apr 7 – Apr 13,63
,,,Apr 14 – Apr 20,78
,,,Apr 21 – Apr 27,72
,,,Apr 28 – May 4,63
,,,May 5 – May 11,77
,,,May 12 – May 18,73
,,,May 19 – May 25,70
,,,May 26 – Jun 1,72
,,,Jun 2 – Jun 8,81
,,,Jun 9 – Jun 15,62
,,,Jun 16 – Jun 22,76
,,,Jun 23 – Jun 29,56
,,,Jun 30 – Jul 6,51
,,,Jul 7 – Jul 13,66
,,,Jul 14 – Jul 20,48
,,,Jul 21 – Jul 27,52
,,,Jul 28 – Aug 3,57
,,,Aug 4 – Aug 10,59
,,,Aug 11 – Aug 17,66
,,,Aug 18 – Aug 24,52
,,,Aug 25 – Aug 31,68
,,,Sep 1 – Sep 7,46
,,,Sep 8 – Sep 14,64
,,,Sep 15 – Sep 21,60
,,,Sep 22 – Sep 28,67
,,,Sep 29 – Oct 5,74
,,,Oct 6 – Oct 12,59
,,,Oct 13 – Oct 19,77
,,,Oct 20 – Oct 26,89
,,,Oct 27 – Nov 2,63
,,,Nov 3 – Nov 9,73
,,,Nov 10 – Nov 16,75
,,,Nov 17 – Nov 23,81
,,,Nov 24 – Nov 30,84
,,,Dec 1 – Dec 7,79
,,,Dec 8 – Dec 14,76
,,,Dec 15 – Dec 21,97
,,,Dec 22 – Dec 28,110
,≥ 5 and < 18 Years,2023 – 2024,Dec 31 – Jan 6,175
,,2024,Jan 7 – Jan 13,180
,,,Jan 14 – Jan 20,166
,,,Jan 21 – Jan 27,181
,,,Jan 28 – Feb 3,218
,,,Feb 4 – Feb 10,225
,,,Feb 11 – Feb 17,216
,,,Feb 18 – Feb 24,181
,,,Feb 25 – Mar 2,155
,,,Mar 3 – Mar 9,147
,,,Mar 10 – Mar 16,181
,,,Mar 17 – Mar 23,152
,,,Mar 24 – Mar 30,167
,,,Mar 31 – Apr 6,180
,,,Apr 7 – Apr 13,194
,,,Apr 14 – Apr 20,202
,,,Apr 21 – Apr 27,153
,,,Apr 28 – May 4,183
,,,May 5 – May 11,199
,,,May 12 – May 18,174
,,,May 19 – May 25,209
,,,May 26 – Jun 1,223
,,,Jun 2 – Jun 8,199
,,,Jun 9 – Jun 15,178
,,,Jun 16 – Jun 22,172
,,,Jun 23 – Jun 29,151
,,,Jun 30 – Jul 6,165
,,,Jul 7 – Jul 13,183
,,,Jul 14 – Jul 20,166
,,,Jul 21 – Jul 27,172
,,,Jul 28 – Aug 3,167
,,,Aug 4 – Aug 10,152
,,,Aug 11 – Aug 17,173
,,,Aug 18 – Aug 24,155
,,,Aug 25 – Aug 31,184
,,,Sep 1 – Sep 7,198
,,,Sep 8 – Sep 14,176
,,,Sep 15 – Sep 21,244
,,,Sep 22 – Sep 28,227
,,,Sep 29 – Oct 5,196
,,,Oct 6 – Oct 12,205
,,,Oct 13 – Oct 19,215
,,,Oct 20 – Oct 26,219
,,,Oct 27 – Nov 2,177
,,,Nov 3 – Nov 9,183
,,,Nov 10 – Nov 16,175
,,,Nov 17 – Nov 23,169
,,,Nov 24 – Nov 30,154
,,,Dec 1 – Dec 7,180
,,,Dec 8 – Dec 14,152
,,,Dec 15 – Dec 21,181
,,,Dec 22 – Dec 28,171
,≥ 18 and < 50 Years,2023 – 2024,Dec 31 – Jan 6,905
,,2024,Jan 7 – Jan 13,756
,,,Jan 14 – Jan 20,775
,,,Jan 21 – Jan 27,836
,,,Jan 28 – Feb 3,810
,,,Feb 4 – Feb 10,864
,,,Feb 11 – Feb 17,826
,,,Feb 18 – Feb 24,817
,,,Feb 25 – Mar 2,824
,,,Mar 3 – Mar 9,872
,,,Mar 10 – Mar 16,862
,,,Mar 17 – Mar 23,860
,,,Mar 24 – Mar 30,879
,,,Mar 31 – Apr 6,820
,,,Apr 7 – Apr 13,794
,,,Apr 14 – Apr 20,885
,,,Apr 21 – Apr 27,846
,,,Apr 28 – May 4,827
,,,May 5 – May 11,773
,,,May 12 – May 18,908
,,,May 19 – May 25,876
,,,May 26 – Jun 1,925
,,,Jun 2 – Jun 8,935
,,,Jun 9 – Jun 15,871
,,,Jun 16 – Jun 22,986
,,,Jun 23 – Jun 29,887
,,,Jun 30 – Jul 6,851
,,,Jul 7 – Jul 13,927
,,,Jul 14 – Jul 20,843
,,,Jul 21 – Jul 27,918
,,,Jul 28 – Aug 3,914
,,,Aug 4 – Aug 10,884
,,,Aug 11 – Aug 17,952
,,,Aug 18 – Aug 24,923
,,,Aug 25 – Aug 31,897
,,,Sep 1 – Sep 7,867
,,,Sep 8 – Sep 14,870
,,,Sep 15 – Sep 21,971
,,,Sep 22 – Sep 28,907
,,,Sep 29 – Oct 5,897
,,,Oct 6 – Oct 12,874
,,,Oct 13 – Oct 19,903
,,,Oct 20 – Oct 26,916
,,,Oct 27 – Nov 2,901
,,,Nov 3 – Nov 9,907
,,,Nov 10 – Nov 16,886
,,,Nov 17 – Nov 23,866
,,,Nov 24 – Nov 30,815
,,,Dec 1 – Dec 7,869
,,,Dec 8 – Dec 14,842
,,,Dec 15 – Dec 21,884
,,,Dec 22 – Dec 28,830
,≥ 50 and < 65 Years,2023 – 2024,Dec 31 – Jan 6,458
,,2024,Jan 7 – Jan 13,408
,,,Jan 14 – Jan 20,435
,,,Jan 21 – Jan 27,392
,,,Jan 28 – Feb 3,431
,,,Feb 4 – Feb 10,441
,,,Feb 11 – Feb 17,431
,,,Feb 18 – Feb 24,454
,,,Feb 25 – Mar 2,406
,,,Mar 3 – Mar 9,453
,,,Mar 10 – Mar 16,465
,,,Mar 17 – Mar 23,423
,,,Mar 24 – Mar 30,467
,,,Mar 31 – Apr 6,471
,,,Apr 7 – Apr 13,427
,,,Apr 14 – Apr 20,440
,,,Apr 21 – Apr 27,411
,,,Apr 28 – May 4,419
,,,May 5 – May 11,414
,,,May 12 – May 18,438
,,,May 19 – May 25,438
,,,May 26 – Jun 1,459
,,,Jun 2 – Jun 8,462
,,,Jun 9 – Jun 15,431
,,,Jun 16 – Jun 22,440
,,,Jun 23 – Jun 29,447
,,,Jun 30 – Jul 6,467
,,,Jul 7 – Jul 13,461
,,,Jul 14 – Jul 20,466
,,,Jul 21 – Jul 27,456
,,,Jul 28 – Aug 3,459
,,,Aug 4 – Aug 10,434
,,,Aug 11 – Aug 17,468
,,,Aug 18 – Aug 24,453
,,,Aug 25 – Aug 31,421
,,,Sep 1 – Sep 7,443
,,,Sep 8 – Sep 14,426
,,,Sep 15 – Sep 21,427
,,,Sep 22 – Sep 28,408
,,,Sep 29 – Oct 5,421
,,,Oct 6 – Oct 12,412
,,,Oct 13 – Oct 19,411
,,,Oct 20 – Oct 26,451
,,,Oct 27 – Nov 2,409
,,,Nov 3 – Nov 9,459
,,,Nov 10 – Nov 16,435
,,,Nov 17 – Nov 23,419
,,,Nov 24 – Nov 30,365
,,,Dec 1 – Dec 7,386
,,,Dec 8 – Dec 14,398
,,,Dec 15 – Dec 21,397
,,,Dec 22 – Dec 28,387
,65 Years or more,2023 – 2024,Dec 31 – Jan 6,787
,,2024,Jan 7 – Jan 13,692
,,,Jan 14 – Jan 20,667
,,,Jan 21 – Jan 27,663
,,,Jan 28 – Feb 3,709
,,,Feb 4 – Feb 10,728
,,,Feb 11 – Feb 17,705
,,,Feb 18 – Feb 24,691
,,,Feb 25 – Mar 2,755
,,,Mar 3 – Mar 9,730
,,,Mar 10 – Mar 16,702
,,,Mar 17 – Mar 23,658
,,,Mar 24 – Mar 30,711
,,,Mar 31 – Apr 6,660
,,,Apr 7 – Apr 13,722
,,,Apr 14 – Apr 20,689
,,,Apr 21 – Apr 27,701
,,,Apr 28 – May 4,727
,,,May 5 – May 11,745
,,,May 12 – May 18,753
,,,May 19 – May 25,814
,,,May 26 – Jun 1,745
,,,Jun 2 – Jun 8,764
,,,Jun 9 – Jun 15,792
,,,Jun 16 – Jun 22,794
,,,Jun 23 – Jun 29,826
,,,Jun 30 – Jul 6,848
,,,Jul 7 – Jul 13,780
,,,Jul 14 – Jul 20,752
,,,Jul 21 – Jul 27,767
,,,Jul 28 – Aug 3,797
,,,Aug 4 – Aug 10,825
,,,Aug 11 – Aug 17,766
,,,Aug 18 – Aug 24,776
,,,Aug 25 – Aug 31,796
,,,Sep 1 – Sep 7,774
,,,Sep 8 – Sep 14,753
,,,Sep 15 – Sep 21,804
,,,Sep 22 – Sep 28,736
,,,Sep 29 – Oct 5,753
,,,Oct 6 – Oct 12,775
,,,Oct 13 – Oct 19,775
,,,Oct 20 – Oct 26,788
,,,Oct 27 – Nov 2,755
,,,Nov 3 – Nov 9,812
,,,Nov 10 – Nov 16,746
,,,Nov 17 – Nov 23,751
,,,Nov 24 – Nov 30,686
,,,Dec 1 – Dec 7,687
,,,Dec 8 – Dec 14,739
,,,Dec 15 – Dec 21,766
,,,Dec 22 – Dec 28,745
,No value,2023 – 2024,Dec 31 – Jan 6,10 or fewer
,,2024,Jan 7 – Jan 13,10 or fewer
,,,Jan 14 – Jan 20,10 or fewer
,,,Jan 21 – Jan 27,10 or fewer
,,,Jan 28 – Feb 3,10 or fewer
,,,Feb 4 – Feb 10,10 or fewer
,,,Feb 11 – Feb 17,10 or fewer
,,,Feb 18 – Feb 24,10 or fewer
,,,Feb 25 – Mar 2,10 or fewer
,,,Mar 3 – Mar 9,10 or fewer
,,,Mar 10 – Mar 16,10 or fewer
,,,Mar 17 – Mar 23,10 or fewer
,,,Mar 24 – Mar 30,10 or fewer
,,,Mar 31 – Apr 6,10 or fewer
,,,Apr 7 – Apr 13,10 or fewer
,,,Apr 14 – Apr 20,10 or fewer
,,,Apr 21 – Apr 27,10 or fewer
,,,Apr 28 – May 4,10 or fewer
,,,May 5 – May 11,10 or fewer
,,,May 12 – May 18,10 or fewer
,,,May 19 – May 25,10 or fewer
,,,May 26 – Jun 1,10 or fewer
,,,Jun 2 – Jun 8,10 or fewer
,,,Jun 9 – Jun 15,10 or fewer
,,,Jun 16 – Jun 22,10 or fewer
,,,Jun 23 – Jun 29,10 or fewer
,,,Jun 30 – Jul 6,10 or fewer
,,,Jul 7 – Jul 13,10 or fewer
,,,Jul 14 – Jul 20,10 or fewer
,,,Jul 21 – Jul 27,10 or fewer
,,,Jul 28 – Aug 3,10 or fewer
,,,Aug 4 – Aug 10,10 or fewer
,,,Aug 11 – Aug 17,10 or fewer
,,,Aug 18 – Aug 24,10 or fewer
,,,Aug 25 – Aug 31,10 or fewer
,,,Sep 1 – Sep 7,10 or fewer
,,,Sep 8 – Sep 14,10 or fewer
,,,Sep 15 – Sep 21,10 or fewer
,,,Sep 22 – Sep 28,10 or fewer
,,,Sep 29 – Oct 5,10 or fewer
,,,Oct 6 – Oct 12,10 or fewer
,,,Oct 13 – Oct 19,10 or fewer
,,,Oct 20 – Oct 26,10 or fewer
,,,Oct 27 – Nov 2,10 or fewer
,,,Nov 3 – Nov 9,10 or fewer
,,,Nov 10 – Nov 16,10 or fewer
,,,Nov 17 – Nov 23,10 or fewer
,,,Nov 24 – Nov 30,10 or fewer
,,,Dec 1 – Dec 7,10 or fewer
,,,Dec 8 – Dec 14,10 or fewer
,,,Dec 15 – Dec 21,10 or fewer
,,,Dec 22 – Dec 28,10 or fewer
,Total,2023 – 2024,Dec 31 – Jan 6,2459
,,2024,Jan 7 – Jan 13,2150
,,,Jan 14 – Jan 20,2160
,,,Jan 21 – Jan 27,2172
,,,Jan 28 – Feb 3,2295
,,,Feb 4 – Feb 10,2382
,,,Feb 11 – Feb 17,2309
,,,Feb 18 – Feb 24,2272
,,,Feb 25 – Mar 2,2262
,,,Mar 3 – Mar 9,2299
,,,Mar 10 – Mar 16,2302
,,,Mar 17 – Mar 23,2213
,,,Mar 24 – Mar 30,2319
,,,Mar 31 – Apr 6,2263
,,,Apr 7 – Apr 13,2232
,,,Apr 14 – Apr 20,2340
,,,Apr 21 – Apr 27,2212
,,,Apr 28 – May 4,2246
,,,May 5 – May 11,2237
,,,May 12 – May 18,2378
,,,May 19 – May 25,2431
,,,May 26 – Jun 1,2450
,,,Jun 2 – Jun 8,2462
,,,Jun 9 – Jun 15,2352
,,,Jun 16 – Jun 22,2485
,,,Jun 23 – Jun 29,2386
,,,Jun 30 – Jul 6,2410
,,,Jul 7 – Jul 13,2444
,,,Jul 14 – Jul 20,2301
,,,Jul 21 – Jul 27,2388
,,,Jul 28 – Aug 3,2423
,,,Aug 4 – Aug 10,2376
,,,Aug 11 – Aug 17,2450
,,,Aug 18 – Aug 24,2367
,,,Aug 25 – Aug 31,2389
,,,Sep 1 – Sep 7,2363
,,,Sep 8 – Sep 14,2315
,,,Sep 15 – Sep 21,2540
,,,Sep 22 – Sep 28,2379
,,,Sep 29 – Oct 5,2374
,,,Oct 6 – Oct 12,2349
,,,Oct 13 – Oct 19,2407
,,,Oct 20 – Oct 26,2486
,,,Oct 27 – Nov 2,2337
,,,Nov 3 – Nov 9,2460
,,,Nov 10 – Nov 16,2348
,,,Nov 17 – Nov 23,2319
,,,Nov 24 – Nov 30,2128
,,,Dec 1 – Dec 7,2232
,,,Dec 8 – Dec 14,2233
,,,Dec 15 – Dec 21,2363
,,,Dec 22 – Dec 28,2282
Montana,Less than 1 Years,2023 – 2024,Dec 31 – Jan 6,70
,,2024,Jan 7 – Jan 13,59
,,,Jan 14 – Jan 20,41
,,,Jan 21 – Jan 27,37
,,,Jan 28 – Feb 3,51
,,,Feb 4 – Feb 10,42
,,,Feb 11 – Feb 17,39
,,,Feb 18 – Feb 24,40
,,,Feb 25 – Mar 2,46
,,,Mar 3 – Mar 9,57
,,,Mar 10 – Mar 16,76
,,,Mar 17 – Mar 23,63
,,,Mar 24 – Mar 30,48
,,,Mar 31 – Apr 6,63
,,,Apr 7 – Apr 13,50
,,,Apr 14 – Apr 20,47
,,,Apr 21 – Apr 27,33
,,,Apr 28 – May 4,56
,,,May 5 – May 11,46
,,,May 12 – May 18,51
,,,May 19 – May 25,56
,,,May 26 – Jun 1,56
,,,Jun 2 – Jun 8,40
,,,Jun 9 – Jun 15,31
,,,Jun 16 – Jun 22,35
,,,Jun 23 – Jun 29,44
,,,Jun 30 – Jul 6,46
,,,Jul 7 – Jul 13,34
,,,Jul 14 – Jul 20,40
,,,Jul 21 – Jul 27,40
,,,Jul 28 – Aug 3,40
,,,Aug 4 – Aug 10,51
,,,Aug 11 – Aug 17,43
,,,Aug 18 – Aug 24,45
,,,Aug 25 – Aug 31,34
,,,Sep 1 – Sep 7,34
,,,Sep 8 – Sep 14,29
,,,Sep 15 – Sep 21,47
,,,Sep 22 – Sep 28,47
,,,Sep 29 – Oct 5,53
,,,Oct 6 – Oct 12,35
,,,Oct 13 – Oct 19,26
,,,Oct 20 – Oct 26,42
,,,Oct 27 – Nov 2,46
,,,Nov 3 – Nov 9,48
,,,Nov 10 – Nov 16,30
,,,Nov 17 – Nov 23,52
,,,Nov 24 – Nov 30,50
,,,Dec 1 – Dec 7,51
,,,Dec 8 – Dec 14,49
,,,Dec 15 – Dec 21,52
,,,Dec 22 – Dec 28,62
,≥ 1 and < 5 Years,2023 – 2024,Dec 31 – Jan 6,99
,,2024,Jan 7 – Jan 13,99
,,,Jan 14 – Jan 20,90
,,,Jan 21 – Jan 27,90
,,,Jan 28 – Feb 3,89
,,,Feb 4 – Feb 10,92
,,,Feb 11 – Feb 17,91
,,,Feb 18 – Feb 24,92
,,,Feb 25 – Mar 2,115
,,,Mar 3 – Mar 9,121
,,,Mar 10 – Mar 16,115
,,,Mar 17 – Mar 23,139
,,,Mar 24 – Mar 30,111
,,,Mar 31 – Apr 6,125
,,,Apr 7 – Apr 13,91
,,,Apr 14 – Apr 20,119
,,,Apr 21 – Apr 27,95
,,,Apr 28 – May 4,80
,,,May 5 – May 11,92
,,,May 12 – May 18,108
,,,May 19 – May 25,89
,,,May 26 – Jun 1,111
,,,Jun 2 – Jun 8,81
,,,Jun 9 – Jun 15,78
,,,Jun 16 – Jun 22,67
,,,Jun 23 – Jun 29,91
,,,Jun 30 – Jul 6,87
,,,Jul 7 – Jul 13,94
,,,Jul 14 – Jul 20,68
,,,Jul 21 – Jul 27,105
,,,Jul 28 – Aug 3,84
,,,Aug 4 – Aug 10,69
,,,Aug 11 – Aug 17,74
,,,Aug 18 – Aug 24,86
,,,Aug 25 – Aug 31,98
,,,Sep 1 – Sep 7,72
,,,Sep 8 – Sep 14,70
,,,Sep 15 – Sep 21,87
,,,Sep 22 – Sep 28,89
,,,Sep 29 – Oct 5,100
,,,Oct 6 – Oct 12,104
,,,Oct 13 – Oct 19,73
,,,Oct 20 – Oct 26,90
,,,Oct 27 – Nov 2,66
,,,Nov 3 – Nov 9,99
,,,Nov 10 – Nov 16,82
,,,Nov 17 – Nov 23,90
,,,Nov 24 – Nov 30,104
,,,Dec 1 – Dec 7,75
,,,Dec 8 – Dec 14,85
,,,Dec 15 – Dec 21,106
,,,Dec 22 – Dec 28,105
,≥ 5 and < 18 Years,2023 – 2024,Dec 31 – Jan 6,161
,,2024,Jan 7 – Jan 13,153
,,,Jan 14 – Jan 20,152
,,,Jan 21 – Jan 27,175
,,,Jan 28 – Feb 3,194
,,,Feb 4 – Feb 10,160
,,,Feb 11 – Feb 17,157
,,,Feb 18 – Feb 24,146
,,,Feb 25 – Mar 2,193
,,,Mar 3 – Mar 9,201
,,,Mar 10 – Mar 16,207
,,,Mar 17 – Mar 23,256
,,,Mar 24 – Mar 30,194
,,,Mar 31 – Apr 6,183
,,,Apr 7 – Apr 13,213
,,,Apr 14 – Apr 20,215
,,,Apr 21 – Apr 27,215
,,,Apr 28 – May 4,203
,,,May 5 – May 11,226
,,,May 12 – May 18,226
,,,May 19 – May 25,192
,,,May 26 – Jun 1,217
,,,Jun 2 – Jun 8,200
,,,Jun 9 – Jun 15,205
,,,Jun 16 – Jun 22,188
,,,Jun 23 – Jun 29,232
,,,Jun 30 – Jul 6,192
,,,Jul 7 – Jul 13,227
,,,Jul 14 – Jul 20,167
,,,Jul 21 – Jul 27,170
,,,Jul 28 – Aug 3,189
,,,Aug 4 – Aug 10,191
,,,Aug 11 – Aug 17,170
,,,Aug 18 – Aug 24,190
,,,Aug 25 – Aug 31,175
,,,Sep 1 – Sep 7,221
,,,Sep 8 – Sep 14,211
,,,Sep 15 – Sep 21,242
,,,Sep 22 – Sep 28,228
,,,Sep 29 – Oct 5,225
,,,Oct 6 – Oct 12,240
,,,Oct 13 – Oct 19,207
,,,Oct 20 – Oct 26,210
,,,Oct 27 – Nov 2,220
,,,Nov 3 – Nov 9,183
,,,Nov 10 – Nov 16,215
,,,Nov 17 – Nov 23,186
,,,Nov 24 – Nov 30,191
,,,Dec 1 – Dec 7,196
,,,Dec 8 – Dec 14,217
,,,Dec 15 – Dec 21,173
,,,Dec 22 – Dec 28,186
,≥ 18 and < 50 Years,2023 – 2024,Dec 31 – Jan 6,858
,,2024,Jan 7 – Jan 13,710
,,,Jan 14 – Jan 20,719
,,,Jan 21 – Jan 27,768
,,,Jan 28 – Feb 3,752
,,,Feb 4 – Feb 10,736
,,,Feb 11 – Feb 17,717
,,,Feb 18 – Feb 24,706
,,,Feb 25 – Mar 2,838
,,,Mar 3 – Mar 9,883
,,,Mar 10 – Mar 16,937
,,,Mar 17 – Mar 23,946
,,,Mar 24 – Mar 30,929
,,,Mar 31 – Apr 6,986
,,,Apr 7 – Apr 13,1022
,,,Apr 14 – Apr 20,950
,,,Apr 21 – Apr 27,938
,,,Apr 28 – May 4,901
,,,May 5 – May 11,890
,,,May 12 – May 18,957
,,,May 19 – May 25,979
,,,May 26 – Jun 1,941
,,,Jun 2 – Jun 8,962
,,,Jun 9 – Jun 15,1000
,,,Jun 16 – Jun 22,978
,,,Jun 23 – Jun 29,1047
,,,Jun 30 – Jul 6,962
,,,Jul 7 – Jul 13,1076
,,,Jul 14 – Jul 20,1076
,,,Jul 21 – Jul 27,1022
,,,Jul 28 – Aug 3,1058
,,,Aug 4 – Aug 10,1079
,,,Aug 11 – Aug 17,1029
,,,Aug 18 – Aug 24,1019
,,,Aug 25 – Aug 31,1023
,,,Sep 1 – Sep 7,1038
,,,Sep 8 – Sep 14,1120
,,,Sep 15 – Sep 21,1058
,,,Sep 22 – Sep 28,1075
,,,Sep 29 – Oct 5,968
,,,Oct 6 – Oct 12,1049
,,,Oct 13 – Oct 19,1031
,,,Oct 20 – Oct 26,1013
,,,Oct 27 – Nov 2,974
,,,Nov 3 – Nov 9,1026
,,,Nov 10 – Nov 16,948
,,,Nov 17 – Nov 23,1013
,,,Nov 24 – Nov 30,1009
,,,Dec 1 – Dec 7,1017
,,,Dec 8 – Dec 14,1022
,,,Dec 15 – Dec 21,1041
,,,Dec 22 – Dec 28,1043
,≥ 50 and < 65 Years,2023 – 2024,Dec 31 – Jan 6,302
,,2024,Jan 7 – Jan 13,298
,,,Jan 14 – Jan 20,258
,,,Jan 21 – Jan 27,341
,,,Jan 28 – Feb 3,320
,,,Feb 4 – Feb 10,345
,,,Feb 11 – Feb 17,312
,,,Feb 18 – Feb 24,319
,,,Feb 25 – Mar 2,349
,,,Mar 3 – Mar 9,390
,,,Mar 10 – Mar 16,390
,,,Mar 17 – Mar 23,422
,,,Mar 24 – Mar 30,351
,,,Mar 31 – Apr 6,395
,,,Apr 7 – Apr 13,400
,,,Apr 14 – Apr 20,365
,,,Apr 21 – Apr 27,399
,,,Apr 28 – May 4,402
,,,May 5 – May 11,421
,,,May 12 – May 18,450
,,,May 19 – May 25,422
,,,May 26 – Jun 1,434
,,,Jun 2 – Jun 8,390
,,,Jun 9 – Jun 15,449
,,,Jun 16 – Jun 22,428
,,,Jun 23 – Jun 29,398
,,,Jun 30 – Jul 6,405
,,,Jul 7 – Jul 13,433
,,,Jul 14 – Jul 20,451
,,,Jul 21 – Jul 27,421
,,,Jul 28 – Aug 3,444
,,,Aug 4 – Aug 10,434
,,,Aug 11 – Aug 17,400
,,,Aug 18 – Aug 24,440
,,,Aug 25 – Aug 31,404
,,,Sep 1 – Sep 7,424
,,,Sep 8 – Sep 14,414
,,,Sep 15 – Sep 21,434
,,,Sep 22 – Sep 28,457
,,,Sep 29 – Oct 5,430
,,,Oct 6 – Oct 12,406
,,,Oct 13 – Oct 19,411
,,,Oct 20 – Oct 26,412
,,,Oct 27 – Nov 2,351
,,,Nov 3 – Nov 9,430
,,,Nov 10 – Nov 16,407
,,,Nov 17 – Nov 23,362
,,,Nov 24 – Nov 30,424
,,,Dec 1 – Dec 7,363
,,,Dec 8 – Dec 14,368
,,,Dec 15 – Dec 21,437
,,,Dec 22 – Dec 28,452
,65 Years or more,2023 – 2024,Dec 31 – Jan 6,535
,,2024,Jan 7 – Jan 13,502
,,,Jan 14 – Jan 20,489
,,,Jan 21 – Jan 27,485
,,,Jan 28 – Feb 3,546
,,,Feb 4 – Feb 10,510
,,,Feb 11 – Feb 17,483
,,,Feb 18 – Feb 24,505
,,,Feb 25 – Mar 2,582
,,,Mar 3 – Mar 9,701
,,,Mar 10 – Mar 16,713
,,,Mar 17 – Mar 23,698
,,,Mar 24 – Mar 30,721
,,,Mar 31 – Apr 6,716
,,,Apr 7 – Apr 13,710
,,,Apr 14 – Apr 20,727
,,,Apr 21 – Apr 27,714
,,,Apr 28 – May 4,716
,,,May 5 – May 11,747
,,,May 12 – May 18,820
,,,May 19 – May 25,733
,,,May 26 – Jun 1,731
,,,Jun 2 – Jun 8,754
,,,Jun 9 – Jun 15,782
,,,Jun 16 – Jun 22,778
,,,Jun 23 – Jun 29,762
,,,Jun 30 – Jul 6,765
,,,Jul 7 – Jul 13,812
,,,Jul 14 – Jul 20,755
,,,Jul 21 – Jul 27,766
,,,Jul 28 – Aug 3,769
,,,Aug 4 – Aug 10,769
,,,Aug 11 – Aug 17,829
,,,Aug 18 – Aug 24,730
,,,Aug 25 – Aug 31,736
,,,Sep 1 – Sep 7,798
,,,Sep 8 – Sep 14,768
,,,Sep 15 – Sep 21,740
,,,Sep 22 – Sep 28,742
,,,Sep 29 – Oct 5,770
,,,Oct 6 – Oct 12,740
,,,Oct 13 – Oct 19,752
,,,Oct 20 – Oct 26,781
,,,Oct 27 – Nov 2,692
,,,Nov 3 – Nov 9,755
,,,Nov 10 – Nov 16,692
,,,Nov 17 – Nov 23,717
,,,Nov 24 – Nov 30,726
,,,Dec 1 – Dec 7,738
,,,Dec 8 – Dec 14,736
,,,Dec 15 – Dec 21,806
,,,Dec 22 – Dec 28,757
,No value,2023 – 2024,Dec 31 – Jan 6,10 or fewer
,,2024,Jan 7 – Jan 13,10 or fewer
,,,Jan 14 – Jan 20,10 or fewer
,,,Jan 21 – Jan 27,10 or fewer
,,,Jan 28 – Feb 3,10 or fewer
,,,Feb 4 – Feb 10,10 or fewer
,,,Feb 11 – Feb 17,10 or fewer
,,,Feb 18 – Feb 24,10 or fewer
,,,Feb 25 – Mar 2,10 or fewer
,,,Mar 3 – Mar 9,10 or fewer
,,,Mar 10 – Mar 16,10 or fewer
,,,Mar 17 – Mar 23,10 or fewer
,,,Mar 24 – Mar 30,10 or fewer
,,,Mar 31 – Apr 6,10 or fewer
,,,Apr 7 – Apr 13,10 or fewer
,,,Apr 14 – Apr 20,10 or fewer
,,,Apr 21 – Apr 27,10 or fewer
,,,Apr 28 – May 4,10 or fewer
,,,May 5 – May 11,10 or fewer
,,,May 12 – May 18,10 or fewer
,,,May 19 – May 25,10 or fewer
,,,May 26 – Jun 1,10 or fewer
,,,Jun 2 – Jun 8,10 or fewer
,,,Jun 9 – Jun 15,10 or fewer
,,,Jun 16 – Jun 22,10 or fewer
,,,Jun 23 – Jun 29,10 or fewer
,,,Jun 30 – Jul 6,10 or fewer
,,,Jul 7 – Jul 13,10 or fewer
,,,Jul 14 – Jul 20,10 or fewer
,,,Jul 21 – Jul 27,10 or fewer
,,,Jul 28 – Aug 3,10 or fewer
,,,Aug 4 – Aug 10,10 or fewer
,,,Aug 11 – Aug 17,10 or fewer
,,,Aug 18 – Aug 24,10 or fewer
,,,Aug 25 – Aug 31,10 or fewer
,,,Sep 1 – Sep 7,10 or fewer
,,,Sep 8 – Sep 14,10 or fewer
,,,Sep 15 – Sep 21,10 or fewer
,,,Sep 22 – Sep 28,10 or fewer
,,,Sep 29 – Oct 5,10 or fewer
,,,Oct 6 – Oct 12,10 or fewer
,,,Oct 13 – Oct 19,10 or fewer
,,,Oct 20 – Oct 26,10 or fewer
,,,Oct 27 – Nov 2,10 or fewer
,,,Nov 3 – Nov 9,10 or fewer
,,,Nov 10 – Nov 16,10 or fewer
,,,Nov 17 – Nov 23,10 or fewer
,,,Nov 24 – Nov 30,10 or fewer
,,,Dec 1 – Dec 7,10 or fewer
,,,Dec 8 – Dec 14,10 or fewer
,,,Dec 15 – Dec 21,10 or fewer
,,,Dec 22 – Dec 28,10 or fewer
,Total,2023 – 2024,Dec 31 – Jan 6,2025
,,2024,Jan 7 – Jan 13,1821
,,,Jan 14 – Jan 20,1749
,,,Jan 21 – Jan 27,1896
,,,Jan 28 – Feb 3,1952
,,,Feb 4 – Feb 10,1885
,,,Feb 11 – Feb 17,1799
,,,Feb 18 – Feb 24,1808
,,,Feb 25 – Mar 2,2123
,,,Mar 3 – Mar 9,2353
,,,Mar 10 – Mar 16,2438
,,,Mar 17 – Mar 23,2524
,,,Mar 24 – Mar 30,2354
,,,Mar 31 – Apr 6,2468
,,,Apr 7 – Apr 13,2486
,,,Apr 14 – Apr 20,2423
,,,Apr 21 – Apr 27,2394
,,,Apr 28 – May 4,2358
,,,May 5 – May 11,2422
,,,May 12 – May 18,2612
,,,May 19 – May 25,2471
,,,May 26 – Jun 1,2490
,,,Jun 2 – Jun 8,2427
,,,Jun 9 – Jun 15,2545
,,,Jun 16 – Jun 22,2474
,,,Jun 23 – Jun 29,2574
,,,Jun 30 – Jul 6,2457
,,,Jul 7 – Jul 13,2676
,,,Jul 14 – Jul 20,2557
,,,Jul 21 – Jul 27,2524
,,,Jul 28 – Aug 3,2584
,,,Aug 4 – Aug 10,2593
,,,Aug 11 – Aug 17,2545
,,,Aug 18 – Aug 24,2510
,,,Aug 25 – Aug 31,2470
,,,Sep 1 – Sep 7,2587
,,,Sep 8 – Sep 14,2613
,,,Sep 15 – Sep 21,2608
,,,Sep 22 – Sep 28,2638
,,,Sep 29 – Oct 5,2546
,,,Oct 6 – Oct 12,2574
,,,Oct 13 – Oct 19,2500
,,,Oct 20 – Oct 26,2548
,,,Oct 27 – Nov 2,2349
,,,Nov 3 – Nov 9,2541
,,,Nov 10 – Nov 16,2374
,,,Nov 17 – Nov 23,2420
,,,Nov 24 – Nov 30,2504
,,,Dec 1 – Dec 7,2440
,,,Dec 8 – Dec 14,2477
,,,Dec 15 – Dec 21,2615
,,,Dec 22 – Dec 28,2605
New Hampshire,Less than 1 Years,2023 – 2024,Dec 31 – Jan 6,37
,,2024,Jan 7 – Jan 13,25
,,,Jan 14 – Jan 20,26
,,,Jan 21 – Jan 27,29
,,,Jan 28 – Feb 3,19
,,,Feb 4 – Feb 10,20
,,,Feb 11 – Feb 17,26
,,,Feb 18 – Feb 24,20
,,,Feb 25 – Mar 2,19
,,,Mar 3 – Mar 9,35
,,,Mar 10 – Mar 16,19
,,,Mar 17 – Mar 23,21
,,,Mar 24 – Mar 30,15
,,,Mar 31 – Apr 6,26
,,,Apr 7 – Apr 13,28
,,,Apr 14 – Apr 20,16
,,,Apr 21 – Apr 27,12
,,,Apr 28 – May 4,24
,,,May 5 – May 11,16
,,,May 12 – May 18,24
,,,May 19 – May 25,18
,,,May 26 – Jun 1,25
,,,Jun 2 – Jun 8,12
,,,Jun 9 – Jun 15,21
,,,Jun 16 – Jun 22,20
,,,Jun 23 – Jun 29,29
,,,Jun 30 – Jul 6,24
,,,Jul 7 – Jul 13,25
,,,Jul 14 – Jul 20,19
,,,Jul 21 – Jul 27,14
,,,Jul 28 – Aug 3,18
,,,Aug 4 – Aug 10,17
,,,Aug 11 – Aug 17,24
,,,Aug 18 – Aug 24,23
,,,Aug 25 – Aug 31,21
,,,Sep 1 – Sep 7,34
,,,Sep 8 – Sep 14,27
,,,Sep 15 – Sep 21,30
,,,Sep 22 – Sep 28,18
,,,Sep 29 – Oct 5,22
,,,Oct 6 – Oct 12,21
,,,Oct 13 – Oct 19,15
,,,Oct 20 – Oct 26,31
,,,Oct 27 – Nov 2,20
,,,Nov 3 – Nov 9,24
,,,Nov 10 – Nov 16,36
,,,Nov 17 – Nov 23,32
,,,Nov 24 – Nov 30,30
,,,Dec 1 – Dec 7,35
,,,Dec 8 – Dec 14,32
,,,Dec 15 – Dec 21,39
,,,Dec 22 – Dec 28,32
,≥ 1 and < 5 Years,2023 – 2024,Dec 31 – Jan 6,67
,,2024,Jan 7 – Jan 13,64
,,,Jan 14 – Jan 20,60
,,,Jan 21 – Jan 27,55
,,,Jan 28 – Feb 3,55
,,,Feb 4 – Feb 10,61
,,,Feb 11 – Feb 17,63
,,,Feb 18 – Feb 24,59
,,,Feb 25 – Mar 2,76
,,,Mar 3 – Mar 9,65
,,,Mar 10 – Mar 16,57
,,,Mar 17 – Mar 23,71
,,,Mar 24 – Mar 30,68
,,,Mar 31 – Apr 6,57
,,,Apr 7 – Apr 13,54
,,,Apr 14 – Apr 20,62
,,,Apr 21 – Apr 27,70
,,,Apr 28 – May 4,61
,,,May 5 – May 11,42
,,,May 12 – May 18,46
,,,May 19 – May 25,45
,,,May 26 – Jun 1,66
,,,Jun 2 – Jun 8,56
,,,Jun 9 – Jun 15,67
,,,Jun 16 – Jun 22,57
,,,Jun 23 – Jun 29,67
,,,Jun 30 – Jul 6,72
,,,Jul 7 – Jul 13,63
,,,Jul 14 – Jul 20,78
,,,Jul 21 – Jul 27,51
,,,Jul 28 – Aug 3,49
,,,Aug 4 – Aug 10,47
,,,Aug 11 – Aug 17,64
,,,Aug 18 – Aug 24,45
,,,Aug 25 – Aug 31,51
,,,Sep 1 – Sep 7,63
,,,Sep 8 – Sep 14,55
,,,Sep 15 – Sep 21,66
,,,Sep 22 – Sep 28,74
,,,Sep 29 – Oct 5,72
,,,Oct 6 – Oct 12,73
,,,Oct 13 – Oct 19,59
,,,Oct 20 – Oct 26,69
,,,Oct 27 – Nov 2,70
,,,Nov 3 – Nov 9,76
,,,Nov 10 – Nov 16,55
,,,Nov 17 – Nov 23,78
,,,Nov 24 – Nov 30,83
,,,Dec 1 – Dec 7,70
,,,Dec 8 – Dec 14,85
,,,Dec 15 – Dec 21,79
,,,Dec 22 – Dec 28,96
,≥ 5 and < 18 Years,2023 – 2024,Dec 31 – Jan 6,140
,,2024,Jan 7 – Jan 13,119
,,,Jan 14 – Jan 20,132
,,,Jan 21 – Jan 27,150
,,,Jan 28 – Feb 3,142
,,,Feb 4 – Feb 10,192
,,,Feb 11 – Feb 17,148
,,,Feb 18 – Feb 24,154
,,,Feb 25 – Mar 2,153
,,,Mar 3 – Mar 9,130
,,,Mar 10 – Mar 16,121
,,,Mar 17 – Mar 23,141
,,,Mar 24 – Mar 30,137
,,,Mar 31 – Apr 6,119
,,,Apr 7 – Apr 13,131
,,,Apr 14 – Apr 20,175
,,,Apr 21 – Apr 27,142
,,,Apr 28 – May 4,151
,,,May 5 – May 11,173
,,,May 12 – May 18,172
,,,May 19 – May 25,182
,,,May 26 – Jun 1,148
,,,Jun 2 – Jun 8,172
,,,Jun 9 – Jun 15,141
,,,Jun 16 – Jun 22,165
,,,Jun 23 – Jun 29,159
,,,Jun 30 – Jul 6,147
,,,Jul 7 – Jul 13,159
,,,Jul 14 – Jul 20,153
,,,Jul 21 – Jul 27,166
,,,Jul 28 – Aug 3,153
,,,Aug 4 – Aug 10,132
,,,Aug 11 – Aug 17,154
,,,Aug 18 – Aug 24,161
,,,Aug 25 – Aug 31,189
,,,Sep 1 – Sep 7,166
,,,Sep 8 – Sep 14,165
,,,Sep 15 – Sep 21,195
,,,Sep 22 – Sep 28,163
,,,Sep 29 – Oct 5,207
,,,Oct 6 – Oct 12,180
,,,Oct 13 – Oct 19,186
,,,Oct 20 – Oct 26,194
,,,Oct 27 – Nov 2,178
,,,Nov 3 – Nov 9,169
,,,Nov 10 – Nov 16,167
,,,Nov 17 – Nov 23,151
,,,Nov 24 – Nov 30,149
,,,Dec 1 – Dec 7,123
,,,Dec 8 – Dec 14,173
,,,Dec 15 – Dec 21,155
,,,Dec 22 – Dec 28,156
,≥ 18 and < 50 Years,2023 – 2024,Dec 31 – Jan 6,694
,,2024,Jan 7 – Jan 13,677
,,,Jan 14 – Jan 20,571
,,,Jan 21 – Jan 27,589
,,,Jan 28 – Feb 3,677
,,,Feb 4 – Feb 10,619
,,,Feb 11 – Feb 17,620
,,,Feb 18 – Feb 24,629
,,,Feb 25 – Mar 2,655
,,,Mar 3 – Mar 9,676
,,,Mar 10 – Mar 16,617
,,,Mar 17 – Mar 23,640
,,,Mar 24 – Mar 30,630
,,,Mar 31 – Apr 6,644
,,,Apr 7 – Apr 13,663
,,,Apr 14 – Apr 20,670
,,,Apr 21 – Apr 27,574
,,,Apr 28 – May 4,681
,,,May 5 – May 11,595
,,,May 12 – May 18,616
,,,May 19 – May 25,663
,,,May 26 – Jun 1,661
,,,Jun 2 – Jun 8,691
,,,Jun 9 – Jun 15,681
,,,Jun 16 – Jun 22,719
,,,Jun 23 – Jun 29,710
,,,Jun 30 – Jul 6,691
,,,Jul 7 – Jul 13,711
,,,Jul 14 – Jul 20,714
,,,Jul 21 – Jul 27,696
,,,Jul 28 – Aug 3,702
,,,Aug 4 – Aug 10,704
,,,Aug 11 – Aug 17,682
,,,Aug 18 – Aug 24,688
,,,Aug 25 – Aug 31,624
,,,Sep 1 – Sep 7,669
,,,Sep 8 – Sep 14,722
,,,Sep 15 – Sep 21,708
,,,Sep 22 – Sep 28,679
,,,Sep 29 – Oct 5,742
,,,Oct 6 – Oct 12,741
,,,Oct 13 – Oct 19,667
,,,Oct 20 – Oct 26,734
,,,Oct 27 – Nov 2,689
,,,Nov 3 – Nov 9,762
,,,Nov 10 – Nov 16,694
,,,Nov 17 – Nov 23,677
,,,Nov 24 – Nov 30,599
,,,Dec 1 – Dec 7,634
,,,Dec 8 – Dec 14,626
,,,Dec 15 – Dec 21,619
,,,Dec 22 – Dec 28,613
,≥ 50 and < 65 Years,2023 – 2024,Dec 31 – Jan 6,376
,,2024,Jan 7 – Jan 13,372
,,,Jan 14 – Jan 20,325
,,,Jan 21 – Jan 27,347
,,,Jan 28 – Feb 3,335
,,,Feb 4 – Feb 10,362
,,,Feb 11 – Feb 17,321
,,,Feb 18 – Feb 24,350
,,,Feb 25 – Mar 2,357
,,,Mar 3 – Mar 9,328
,,,Mar 10 – Mar 16,358
,,,Mar 17 – Mar 23,336
,,,Mar 24 – Mar 30,365
,,,Mar 31 – Apr 6,350
,,,Apr 7 – Apr 13,330
,,,Apr 14 – Apr 20,348
,,,Apr 21 – Apr 27,349
,,,Apr 28 – May 4,402
,,,May 5 – May 11,360
,,,May 12 – May 18,375
,,,May 19 – May 25,356
,,,May 26 – Jun 1,384
,,,Jun 2 – Jun 8,407
,,,Jun 9 – Jun 15,390
,,,Jun 16 – Jun 22,335
,,,Jun 23 – Jun 29,354
,,,Jun 30 – Jul 6,364
,,,Jul 7 – Jul 13,367
,,,Jul 14 – Jul 20,375
,,,Jul 21 – Jul 27,373
,,,Jul 28 – Aug 3,402
,,,Aug 4 – Aug 10,418
,,,Aug 11 – Aug 17,392
,,,Aug 18 – Aug 24,390
,,,Aug 25 – Aug 31,378
,,,Sep 1 – Sep 7,358
,,,Sep 8 – Sep 14,389
,,,Sep 15 – Sep 21,382
,,,Sep 22 – Sep 28,391
,,,Sep 29 – Oct 5,365
,,,Oct 6 – Oct 12,357
,,,Oct 13 – Oct 19,348
,,,Oct 20 – Oct 26,353
,,,Oct 27 – Nov 2,356
,,,Nov 3 – Nov 9,383
,,,Nov 10 – Nov 16,381
,,,Nov 17 – Nov 23,375
,,,Nov 24 – Nov 30,352
,,,Dec 1 – Dec 7,367
,,,Dec 8 – Dec 14,369
,,,Dec 15 – Dec 21,361
,,,Dec 22 – Dec 28,392
,65 Years or more,2023 – 2024,Dec 31 – Jan 6,730
,,2024,Jan 7 – Jan 13,702
,,,Jan 14 – Jan 20,632
,,,Jan 21 – Jan 27,616
,,,Jan 28 – Feb 3,647
,,,Feb 4 – Feb 10,650
,,,Feb 11 – Feb 17,693
,,,Feb 18 – Feb 24,673
,,,Feb 25 – Mar 2,698
,,,Mar 3 – Mar 9,668
,,,Mar 10 – Mar 16,626
,,,Mar 17 – Mar 23,662
,,,Mar 24 – Mar 30,673
,,,Mar 31 – Apr 6,624
,,,Apr 7 – Apr 13,663
,,,Apr 14 – Apr 20,644
,,,Apr 21 – Apr 27,623
,,,Apr 28 – May 4,653
,,,May 5 – May 11,684
,,,May 12 – May 18,666
,,,May 19 – May 25,683
,,,May 26 – Jun 1,728
,,,Jun 2 – Jun 8,696
,,,Jun 9 – Jun 15,718
,,,Jun 16 – Jun 22,681
,,,Jun 23 – Jun 29,682
,,,Jun 30 – Jul 6,759
,,,Jul 7 – Jul 13,729
,,,Jul 14 – Jul 20,724
,,,Jul 21 – Jul 27,731
,,,Jul 28 – Aug 3,708
,,,Aug 4 – Aug 10,700
,,,Aug 11 – Aug 17,714
,,,Aug 18 – Aug 24,719
,,,Aug 25 – Aug 31,719
,,,Sep 1 – Sep 7,695
,,,Sep 8 – Sep 14,753
,,,Sep 15 – Sep 21,741
,,,Sep 22 – Sep 28,674
,,,Sep 29 – Oct 5,670
,,,Oct 6 – Oct 12,684
,,,Oct 13 – Oct 19,714
,,,Oct 20 – Oct 26,731
,,,Oct 27 – Nov 2,715
,,,Nov 3 – Nov 9,690
,,,Nov 10 – Nov 16,730
,,,Nov 17 – Nov 23,737
,,,Nov 24 – Nov 30,683
,,,Dec 1 – Dec 7,667
,,,Dec 8 – Dec 14,684
,,,Dec 15 – Dec 21,755
,,,Dec 22 – Dec 28,724
,No value,2023 – 2024,Dec 31 – Jan 6,10 or fewer
,,2024,Jan 7 – Jan 13,10 or fewer
,,,Jan 14 – Jan 20,10 or fewer
,,,Jan 21 – Jan 27,10 or fewer
,,,Jan 28 – Feb 3,10 or fewer
,,,Feb 4 – Feb 10,10 or fewer
,,,Feb 11 – Feb 17,10 or fewer
,,,Feb 18 – Feb 24,10 or fewer
,,,Feb 25 – Mar 2,10 or fewer
,,,Mar 3 – Mar 9,10 or fewer
,,,Mar 10 – Mar 16,10 or fewer
,,,Mar 17 – Mar 23,10 or fewer
,,,Mar 24 – Mar 30,10 or fewer
,,,Mar 31 – Apr 6,10 or fewer
,,,Apr 7 – Apr 13,10 or fewer
,,,Apr 14 – Apr 20,10 or fewer
,,,Apr 21 – Apr 27,10 or fewer
,,,Apr 28 – May 4,10 or fewer
,,,May 5 – May 11,10 or fewer
,,,May 12 – May 18,10 or fewer
,,,May 19 – May 25,10 or fewer
,,,May 26 – Jun 1,10 or fewer
,,,Jun 2 – Jun 8,10 or fewer
,,,Jun 9 – Jun 15,10 or fewer
,,,Jun 16 – Jun 22,10 or fewer
,,,Jun 23 – Jun 29,10 or fewer
,,,Jun 30 – Jul 6,10 or fewer
,,,Jul 7 – Jul 13,10 or fewer
,,,Jul 14 – Jul 20,10 or fewer
,,,Jul 21 – Jul 27,10 or fewer
,,,Jul 28 – Aug 3,10 or fewer
,,,Aug 4 – Aug 10,10 or fewer
,,,Aug 11 – Aug 17,10 or fewer
,,,Aug 18 – Aug 24,10 or fewer
,,,Aug 25 – Aug 31,10 or fewer
,,,Sep 1 – Sep 7,10 or fewer
,,,Sep 8 – Sep 14,10 or fewer
,,,Sep 15 – Sep 21,10 or fewer
,,,Sep 22 – Sep 28,10 or fewer
,,,Sep 29 – Oct 5,10 or fewer
,,,Oct 6 – Oct 12,10 or fewer
,,,Oct 13 – Oct 19,10 or fewer
,,,Oct 20 – Oct 26,10 or fewer
,,,Oct 27 – Nov 2,10 or fewer
,,,Nov 3 – Nov 9,10 or fewer
,,,Nov 10 – Nov 16,10 or fewer
,,,Nov 17 – Nov 23,10 or fewer
,,,Nov 24 – Nov 30,10 or fewer
,,,Dec 1 – Dec 7,10 or fewer
,,,Dec 8 – Dec 14,10 or fewer
,,,Dec 15 – Dec 21,10 or fewer
,,,Dec 22 – Dec 28,10 or fewer
,Total,2023 – 2024,Dec 31 – Jan 6,2044
,,2024,Jan 7 – Jan 13,1959
,,,Jan 14 – Jan 20,1746
,,,Jan 21 – Jan 27,1786
,,,Jan 28 – Feb 3,1875
,,,Feb 4 – Feb 10,1904
,,,Feb 11 – Feb 17,1871
,,,Feb 18 – Feb 24,1885
,,,Feb 25 – Mar 2,1958
,,,Mar 3 – Mar 9,1902
,,,Mar 10 – Mar 16,1798
,,,Mar 17 – Mar 23,1871
,,,Mar 24 – Mar 30,1888
,,,Mar 31 – Apr 6,1820
,,,Apr 7 – Apr 13,1869
,,,Apr 14 – Apr 20,1915
,,,Apr 21 – Apr 27,1770
,,,Apr 28 – May 4,1972
,,,May 5 – May 11,1870
,,,May 12 – May 18,1899
,,,May 19 – May 25,1947
,,,May 26 – Jun 1,2012
,,,Jun 2 – Jun 8,2034
,,,Jun 9 – Jun 15,2018
,,,Jun 16 – Jun 22,1977
,,,Jun 23 – Jun 29,2001
,,,Jun 30 – Jul 6,2057
,,,Jul 7 – Jul 13,2054
,,,Jul 14 – Jul 20,2063
,,,Jul 21 – Jul 27,2031
,,,Jul 28 – Aug 3,2032
,,,Aug 4 – Aug 10,2018
,,,Aug 11 – Aug 17,2030
,,,Aug 18 – Aug 24,2026
,,,Aug 25 – Aug 31,1982
,,,Sep 1 – Sep 7,1985
,,,Sep 8 – Sep 14,2111
,,,Sep 15 – Sep 21,2122
,,,Sep 22 – Sep 28,1999
,,,Sep 29 – Oct 5,2078
,,,Oct 6 – Oct 12,2056
,,,Oct 13 – Oct 19,1989
,,,Oct 20 – Oct 26,2112
,,,Oct 27 – Nov 2,2028
,,,Nov 3 – Nov 9,2104
,,,Nov 10 – Nov 16,2063
,,,Nov 17 – Nov 23,2050
,,,Nov 24 – Nov 30,1896
,,,Dec 1 – Dec 7,1896
,,,Dec 8 – Dec 14,1969
,,,Dec 15 – Dec 21,2008
,,,Dec 22 – Dec 28,2013
New Mexico,Less than 1 Years,2023 – 2024,Dec 31 – Jan 6,48
,,2024,Jan 7 – Jan 13,17
,,,Jan 14 – Jan 20,21
,,,Jan 21 – Jan 27,21
,,,Jan 28 – Feb 3,28
,,,Feb 4 – Feb 10,21
,,,Feb 11 – Feb 17,21
,,,Feb 18 – Feb 24,24
,,,Feb 25 – Mar 2,19
,,,Mar 3 – Mar 9,23
,,,Mar 10 – Mar 16,22
,,,Mar 17 – Mar 23,17
,,,Mar 24 – Mar 30,18
,,,Mar 31 – Apr 6,33
,,,Apr 7 – Apr 13,27
,,,Apr 14 – Apr 20,22
,,,Apr 21 – Apr 27,19
,,,Apr 28 – May 4,10 or fewer
,,,May 5 – May 11,25
,,,May 12 – May 18,13
,,,May 19 – May 25,23
,,,May 26 – Jun 1,28
,,,Jun 2 – Jun 8,23
,,,Jun 9 – Jun 15,15
,,,Jun 16 – Jun 22,11
,,,Jun 23 – Jun 29,10 or fewer
,,,Jun 30 – Jul 6,13
,,,Jul 7 – Jul 13,13
,,,Jul 14 – Jul 20,17
,,,Jul 21 – Jul 27,11
,,,Jul 28 – Aug 3,16
,,,Aug 4 – Aug 10,12
,,,Aug 11 – Aug 17,16
,,,Aug 18 – Aug 24,22
,,,Aug 25 – Aug 31,27
,,,Sep 1 – Sep 7,19
,,,Sep 8 – Sep 14,15
,,,Sep 15 – Sep 21,15
,,,Sep 22 – Sep 28,13
,,,Sep 29 – Oct 5,16
,,,Oct 6 – Oct 12,14
,,,Oct 13 – Oct 19,20
,,,Oct 20 – Oct 26,15
,,,Oct 27 – Nov 2,13
,,,Nov 3 – Nov 9,19
,,,Nov 10 – Nov 16,27
,,,Nov 17 – Nov 23,10 or fewer
,,,Nov 24 – Nov 30,29
,,,Dec 1 – Dec 7,25
,,,Dec 8 – Dec 14,27
,,,Dec 15 – Dec 21,21
,,,Dec 22 – Dec 28,31
,≥ 1 and < 5 Years,2023 – 2024,Dec 31 – Jan 6,69
,,2024,Jan 7 – Jan 13,48
,,,Jan 14 – Jan 20,53
,,,Jan 21 – Jan 27,34
,,,Jan 28 – Feb 3,56
,,,Feb 4 – Feb 10,57
,,,Feb 11 – Feb 17,38
,,,Feb 18 – Feb 24,51
,,,Feb 25 – Mar 2,56
,,,Mar 3 – Mar 9,54
,,,Mar 10 – Mar 16,78
,,,Mar 17 – Mar 23,51
,,,Mar 24 – Mar 30,46
,,,Mar 31 – Apr 6,56
,,,Apr 7 – Apr 13,41
,,,Apr 14 – Apr 20,47
,,,Apr 21 – Apr 27,36
,,,Apr 28 – May 4,49
,,,May 5 – May 11,39
,,,May 12 – May 18,52
,,,May 19 – May 25,53
,,,May 26 – Jun 1,55
,,,Jun 2 – Jun 8,49
,,,Jun 9 – Jun 15,29
,,,Jun 16 – Jun 22,38
,,,Jun 23 – Jun 29,37
,,,Jun 30 – Jul 6,55
,,,Jul 7 – Jul 13,47
,,,Jul 14 – Jul 20,42
,,,Jul 21 – Jul 27,36
,,,Jul 28 – Aug 3,50
,,,Aug 4 – Aug 10,35
,,,Aug 11 – Aug 17,36
,,,Aug 18 – Aug 24,56
,,,Aug 25 – Aug 31,50
,,,Sep 1 – Sep 7,58
,,,Sep 8 – Sep 14,47
,,,Sep 15 – Sep 21,45
,,,Sep 22 – Sep 28,49
,,,Sep 29 – Oct 5,38
,,,Oct 6 – Oct 12,27
,,,Oct 13 – Oct 19,42
,,,Oct 20 – Oct 26,37
,,,Oct 27 – Nov 2,51
,,,Nov 3 – Nov 9,33
,,,Nov 10 – Nov 16,40
,,,Nov 17 – Nov 23,49
,,,Nov 24 – Nov 30,44
,,,Dec 1 – Dec 7,54
,,,Dec 8 – Dec 14,49
,,,Dec 15 – Dec 21,60
,,,Dec 22 – Dec 28,99
,≥ 5 and < 18 Years,2023 – 2024,Dec 31 – Jan 6,105
,,2024,Jan 7 – Jan 13,106
,,,Jan 14 – Jan 20,123
,,,Jan 21 – Jan 27,138
,,,Jan 28 – Feb 3,136
,,,Feb 4 – Feb 10,185
,,,Feb 11 – Feb 17,152
,,,Feb 18 – Feb 24,138
,,,Feb 25 – Mar 2,145
,,,Mar 3 – Mar 9,171
,,,Mar 10 – Mar 16,176
,,,Mar 17 – Mar 23,114
,,,Mar 24 – Mar 30,121
,,,Mar 31 – Apr 6,120
,,,Apr 7 – Apr 13,119
,,,Apr 14 – Apr 20,167
,,,Apr 21 – Apr 27,135
,,,Apr 28 – May 4,136
,,,May 5 – May 11,134
,,,May 12 – May 18,132
,,,May 19 – May 25,122
,,,May 26 – Jun 1,127
,,,Jun 2 – Jun 8,110
,,,Jun 9 – Jun 15,114
,,,Jun 16 – Jun 22,123
,,,Jun 23 – Jun 29,98
,,,Jun 30 – Jul 6,110
,,,Jul 7 – Jul 13,91
,,,Jul 14 – Jul 20,108
,,,Jul 21 – Jul 27,125
,,,Jul 28 – Aug 3,112
,,,Aug 4 – Aug 10,103
,,,Aug 11 – Aug 17,105
,,,Aug 18 – Aug 24,107
,,,Aug 25 – Aug 31,152
,,,Sep 1 – Sep 7,127
,,,Sep 8 – Sep 14,149
,,,Sep 15 – Sep 21,133
,,,Sep 22 – Sep 28,150
,,,Sep 29 – Oct 5,116
,,,Oct 6 – Oct 12,134
,,,Oct 13 – Oct 19,142
,,,Oct 20 – Oct 26,149
,,,Oct 27 – Nov 2,129
,,,Nov 3 – Nov 9,116
,,,Nov 10 – Nov 16,123
,,,Nov 17 – Nov 23,125
,,,Nov 24 – Nov 30,100
,,,Dec 1 – Dec 7,146
,,,Dec 8 – Dec 14,152
,,,Dec 15 – Dec 21,175
,,,Dec 22 – Dec 28,180
,≥ 18 and < 50 Years,2023 – 2024,Dec 31 – Jan 6,837
,,2024,Jan 7 – Jan 13,885
,,,Jan 14 – Jan 20,794
,,,Jan 21 – Jan 27,828
,,,Jan 28 – Feb 3,833
,,,Feb 4 – Feb 10,894
,,,Feb 11 – Feb 17,901
,,,Feb 18 – Feb 24,825
,,,Feb 25 – Mar 2,853
,,,Mar 3 – Mar 9,878
,,,Mar 10 – Mar 16,867
,,,Mar 17 – Mar 23,916
,,,Mar 24 – Mar 30,807
,,,Mar 31 – Apr 6,729
,,,Apr 7 – Apr 13,816
,,,Apr 14 – Apr 20,804
,,,Apr 21 – Apr 27,853
,,,Apr 28 – May 4,792
,,,May 5 – May 11,844
,,,May 12 – May 18,797
,,,May 19 – May 25,803
,,,May 26 – Jun 1,796
,,,Jun 2 – Jun 8,852
,,,Jun 9 – Jun 15,865
,,,Jun 16 – Jun 22,841
,,,Jun 23 – Jun 29,811
,,,Jun 30 – Jul 6,828
,,,Jul 7 – Jul 13,843
,,,Jul 14 – Jul 20,906
,,,Jul 21 – Jul 27,851
,,,Jul 28 – Aug 3,891
,,,Aug 4 – Aug 10,822
,,,Aug 11 – Aug 17,896
,,,Aug 18 – Aug 24,878
,,,Aug 25 – Aug 31,855
,,,Sep 1 – Sep 7,813
,,,Sep 8 – Sep 14,870
,,,Sep 15 – Sep 21,878
,,,Sep 22 – Sep 28,840
,,,Sep 29 – Oct 5,813
,,,Oct 6 – Oct 12,832
,,,Oct 13 – Oct 19,822
,,,Oct 20 – Oct 26,784
,,,Oct 27 – Nov 2,838
,,,Nov 3 – Nov 9,789
,,,Nov 10 – Nov 16,830
,,,Nov 17 – Nov 23,863
,,,Nov 24 – Nov 30,832
,,,Dec 1 – Dec 7,860
,,,Dec 8 – Dec 14,844
,,,Dec 15 – Dec 21,864
,,,Dec 22 – Dec 28,975
,≥ 50 and < 65 Years,2023 – 2024,Dec 31 – Jan 6,352
,,2024,Jan 7 – Jan 13,377
,,,Jan 14 – Jan 20,355
,,,Jan 21 – Jan 27,390
,,,Jan 28 – Feb 3,339
,,,Feb 4 – Feb 10,395
,,,Feb 11 – Feb 17,358
,,,Feb 18 – Feb 24,319
,,,Feb 25 – Mar 2,310
,,,Mar 3 – Mar 9,329
,,,Mar 10 – Mar 16,364
,,,Mar 17 – Mar 23,344
,,,Mar 24 – Mar 30,336
,,,Mar 31 – Apr 6,343
,,,Apr 7 – Apr 13,319
,,,Apr 14 – Apr 20,365
,,,Apr 21 – Apr 27,393
,,,Apr 28 – May 4,344
,,,May 5 – May 11,342
,,,May 12 – May 18,354
,,,May 19 – May 25,328
,,,May 26 – Jun 1,372
,,,Jun 2 – Jun 8,419
,,,Jun 9 – Jun 15,370
,,,Jun 16 – Jun 22,379
,,,Jun 23 – Jun 29,348
,,,Jun 30 – Jul 6,350
,,,Jul 7 – Jul 13,366
,,,Jul 14 – Jul 20,330
,,,Jul 21 – Jul 27,330
,,,Jul 28 – Aug 3,356
,,,Aug 4 – Aug 10,350
,,,Aug 11 – Aug 17,401
,,,Aug 18 – Aug 24,393
,,,Aug 25 – Aug 31,358
,,,Sep 1 – Sep 7,380
,,,Sep 8 – Sep 14,383
,,,Sep 15 – Sep 21,384
,,,Sep 22 – Sep 28,357
,,,Sep 29 – Oct 5,351
,,,Oct 6 – Oct 12,382
,,,Oct 13 – Oct 19,352
,,,Oct 20 – Oct 26,341
,,,Oct 27 – Nov 2,353
,,,Nov 3 – Nov 9,363
,,,Nov 10 – Nov 16,329
,,,Nov 17 – Nov 23,360
,,,Nov 24 – Nov 30,346
,,,Dec 1 – Dec 7,366
,,,Dec 8 – Dec 14,373
,,,Dec 15 – Dec 21,374
,,,Dec 22 – Dec 28,350
,65 Years or more,2023 – 2024,Dec 31 – Jan 6,548
,,2024,Jan 7 – Jan 13,526
,,,Jan 14 – Jan 20,534
,,,Jan 21 – Jan 27,522
,,,Jan 28 – Feb 3,484
,,,Feb 4 – Feb 10,525
,,,Feb 11 – Feb 17,536
,,,Feb 18 – Feb 24,529
,,,Feb 25 – Mar 2,511
,,,Mar 3 – Mar 9,537
,,,Mar 10 – Mar 16,518
,,,Mar 17 – Mar 23,554
,,,Mar 24 – Mar 30,538
,,,Mar 31 – Apr 6,506
,,,Apr 7 – Apr 13,568
,,,Apr 14 – Apr 20,531
,,,Apr 21 – Apr 27,542
,,,Apr 28 – May 4,547
,,,May 5 – May 11,572
,,,May 12 – May 18,531
,,,May 19 – May 25,567
,,,May 26 – Jun 1,591
,,,Jun 2 – Jun 8,554
,,,Jun 9 – Jun 15,537
,,,Jun 16 – Jun 22,546
,,,Jun 23 – Jun 29,575
,,,Jun 30 – Jul 6,551
,,,Jul 7 – Jul 13,585
,,,Jul 14 – Jul 20,567
,,,Jul 21 – Jul 27,569
,,,Jul 28 – Aug 3,526
,,,Aug 4 – Aug 10,562
,,,Aug 11 – Aug 17,609
,,,Aug 18 – Aug 24,571
,,,Aug 25 – Aug 31,561
,,,Sep 1 – Sep 7,563
,,,Sep 8 – Sep 14,528
,,,Sep 15 – Sep 21,543
,,,Sep 22 – Sep 28,593
,,,Sep 29 – Oct 5,554
,,,Oct 6 – Oct 12,535
,,,Oct 13 – Oct 19,543
,,,Oct 20 – Oct 26,531
,,,Oct 27 – Nov 2,524
,,,Nov 3 – Nov 9,501
,,,Nov 10 – Nov 16,560
,,,Nov 17 – Nov 23,569
,,,Nov 24 – Nov 30,529
,,,Dec 1 – Dec 7,588
,,,Dec 8 – Dec 14,566
,,,Dec 15 – Dec 21,600
,,,Dec 22 – Dec 28,642
,No value,2023 – 2024,Dec 31 – Jan 6,10 or fewer
,,2024,Jan 7 – Jan 13,10 or fewer
,,,Jan 14 – Jan 20,10 or fewer
,,,Jan 21 – Jan 27,10 or fewer
,,,Jan 28 – Feb 3,10 or fewer
,,,Feb 4 – Feb 10,10 or fewer
,,,Feb 11 – Feb 17,10 or fewer
,,,Feb 18 – Feb 24,10 or fewer
,,,Feb 25 – Mar 2,10 or fewer
,,,Mar 3 – Mar 9,10 or fewer
,,,Mar 10 – Mar 16,10 or fewer
,,,Mar 17 – Mar 23,10 or fewer
,,,Mar 24 – Mar 30,10 or fewer
,,,Mar 31 – Apr 6,10 or fewer
,,,Apr 7 – Apr 13,10 or fewer
,,,Apr 14 – Apr 20,10 or fewer
,,,Apr 21 – Apr 27,10 or fewer
,,,Apr 28 – May 4,10 or fewer
,,,May 5 – May 11,10 or fewer
,,,May 12 – May 18,10 or fewer
,,,May 19 – May 25,10 or fewer
,,,May 26 – Jun 1,10 or fewer
,,,Jun 2 – Jun 8,10 or fewer
,,,Jun 9 – Jun 15,10 or fewer
,,,Jun 16 – Jun 22,10 or fewer
,,,Jun 23 – Jun 29,10 or fewer
,,,Jun 30 – Jul 6,10 or fewer
,,,Jul 7 – Jul 13,10 or fewer
,,,Jul 14 – Jul 20,10 or fewer
,,,Jul 21 – Jul 27,10 or fewer
,,,Jul 28 – Aug 3,10 or fewer
,,,Aug 4 – Aug 10,10 or fewer
,,,Aug 11 – Aug 17,10 or fewer
,,,Aug 18 – Aug 24,10 or fewer
,,,Aug 25 – Aug 31,10 or fewer
,,,Sep 1 – Sep 7,10 or fewer
,,,Sep 8 – Sep 14,10 or fewer
,,,Sep 15 – Sep 21,10 or fewer
,,,Sep 22 – Sep 28,10 or fewer
,,,Sep 29 – Oct 5,10 or fewer
,,,Oct 6 – Oct 12,10 or fewer
,,,Oct 13 – Oct 19,10 or fewer
,,,Oct 20 – Oct 26,10 or fewer
,,,Oct 27 – Nov 2,10 or fewer
,,,Nov 3 – Nov 9,10 or fewer
,,,Nov 10 – Nov 16,10 or fewer
,,,Nov 17 – Nov 23,10 or fewer
,,,Nov 24 – Nov 30,10 or fewer
,,,Dec 1 – Dec 7,10 or fewer
,,,Dec 8 – Dec 14,10 or fewer
,,,Dec 15 – Dec 21,10 or fewer
,,,Dec 22 – Dec 28,10 or fewer
,Total,2023 – 2024,Dec 31 – Jan 6,1959
,,2024,Jan 7 – Jan 13,1959
,,,Jan 14 – Jan 20,1880
,,,Jan 21 – Jan 27,1933
,,,Jan 28 – Feb 3,1876
,,,Feb 4 – Feb 10,2077
,,,Feb 11 – Feb 17,2006
,,,Feb 18 – Feb 24,1886
,,,Feb 25 – Mar 2,1894
,,,Mar 3 – Mar 9,1992
,,,Mar 10 – Mar 16,2025
,,,Mar 17 – Mar 23,1996
,,,Mar 24 – Mar 30,1866
,,,Mar 31 – Apr 6,1787
,,,Apr 7 – Apr 13,1890
,,,Apr 14 – Apr 20,1936
,,,Apr 21 – Apr 27,1978
,,,Apr 28 – May 4,1876
,,,May 5 – May 11,1956
,,,May 12 – May 18,1879
,,,May 19 – May 25,1896
,,,May 26 – Jun 1,1969
,,,Jun 2 – Jun 8,2007
,,,Jun 9 – Jun 15,1930
,,,Jun 16 – Jun 22,1938
,,,Jun 23 – Jun 29,1877
,,,Jun 30 – Jul 6,1907
,,,Jul 7 – Jul 13,1945
,,,Jul 14 – Jul 20,1970
,,,Jul 21 – Jul 27,1922
,,,Jul 28 – Aug 3,1951
,,,Aug 4 – Aug 10,1884
,,,Aug 11 – Aug 17,2063
,,,Aug 18 – Aug 24,2027
,,,Aug 25 – Aug 31,2003
,,,Sep 1 – Sep 7,1960
,,,Sep 8 – Sep 14,1992
,,,Sep 15 – Sep 21,1998
,,,Sep 22 – Sep 28,2002
,,,Sep 29 – Oct 5,1888
,,,Oct 6 – Oct 12,1924
,,,Oct 13 – Oct 19,1921
,,,Oct 20 – Oct 26,1857
,,,Oct 27 – Nov 2,1908
,,,Nov 3 – Nov 9,1821
,,,Nov 10 – Nov 16,1909
,,,Nov 17 – Nov 23,1974
,,,Nov 24 – Nov 30,1880
,,,Dec 1 – Dec 7,2039
,,,Dec 8 – Dec 14,2011
,,,Dec 15 – Dec 21,2094
,,,Dec 22 – Dec 28,2277
South Dakota,Less than 1 Years,2023 – 2024,Dec 31 – Jan 6,52
,,2024,Jan 7 – Jan 13,51
,,,Jan 14 – Jan 20,38
,,,Jan 21 – Jan 27,54
,,,Jan 28 – Feb 3,57
,,,Feb 4 – Feb 10,64
,,,Feb 11 – Feb 17,55
,,,Feb 18 – Feb 24,45
,,,Feb 25 – Mar 2,49
,,,Mar 3 – Mar 9,63
,,,Mar 10 – Mar 16,63
,,,Mar 17 – Mar 23,42
,,,Mar 24 – Mar 30,39
,,,Mar 31 – Apr 6,45
,,,Apr 7 – Apr 13,45
,,,Apr 14 – Apr 20,45
,,,Apr 21 – Apr 27,43
,,,Apr 28 – May 4,42
,,,May 5 – May 11,62
,,,May 12 – May 18,41
,,,May 19 – May 25,45
,,,May 26 – Jun 1,52
,,,Jun 2 – Jun 8,47
,,,Jun 9 – Jun 15,49
,,,Jun 16 – Jun 22,31
,,,Jun 23 – Jun 29,29
,,,Jun 30 – Jul 6,39
,,,Jul 7 – Jul 13,36
,,,Jul 14 – Jul 20,34
,,,Jul 21 – Jul 27,48
,,,Jul 28 – Aug 3,41
,,,Aug 4 – Aug 10,37
,,,Aug 11 – Aug 17,42
,,,Aug 18 – Aug 24,46
,,,Aug 25 – Aug 31,52
,,,Sep 1 – Sep 7,44
,,,Sep 8 – Sep 14,36
,,,Sep 15 – Sep 21,42
,,,Sep 22 – Sep 28,36
,,,Sep 29 – Oct 5,38
,,,Oct 6 – Oct 12,36
,,,Oct 13 – Oct 19,46
,,,Oct 20 – Oct 26,44
,,,Oct 27 – Nov 2,45
,,,Nov 3 – Nov 9,39
,,,Nov 10 – Nov 16,40
,,,Nov 17 – Nov 23,43
,,,Nov 24 – Nov 30,41
,,,Dec 1 – Dec 7,38
,,,Dec 8 – Dec 14,47
,,,Dec 15 – Dec 21,57
,,,Dec 22 – Dec 28,57
,≥ 1 and < 5 Years,2023 – 2024,Dec 31 – Jan 6,106
,,2024,Jan 7 – Jan 13,82
,,,Jan 14 – Jan 20,95
,,,Jan 21 – Jan 27,95
,,,Jan 28 – Feb 3,90
,,,Feb 4 – Feb 10,101
,,,Feb 11 – Feb 17,80
,,,Feb 18 – Feb 24,114
,,,Feb 25 – Mar 2,123
,,,Mar 3 – Mar 9,111
,,,Mar 10 – Mar 16,118
,,,Mar 17 – Mar 23,95
,,,Mar 24 – Mar 30,109
,,,Mar 31 – Apr 6,100
,,,Apr 7 – Apr 13,88
,,,Apr 14 – Apr 20,89
,,,Apr 21 – Apr 27,93
,,,Apr 28 – May 4,85
,,,May 5 – May 11,97
,,,May 12 – May 18,99
,,,May 19 – May 25,125
,,,May 26 – Jun 1,107
,,,Jun 2 – Jun 8,80
,,,Jun 9 – Jun 15,77
,,,Jun 16 – Jun 22,72
,,,Jun 23 – Jun 29,80
,,,Jun 30 – Jul 6,90
,,,Jul 7 – Jul 13,94
,,,Jul 14 – Jul 20,81
,,,Jul 21 – Jul 27,89
,,,Jul 28 – Aug 3,97
,,,Aug 4 – Aug 10,76
,,,Aug 11 – Aug 17,87
,,,Aug 18 – Aug 24,64
,,,Aug 25 – Aug 31,82
,,,Sep 1 – Sep 7,106
,,,Sep 8 – Sep 14,81
,,,Sep 15 – Sep 21,110
,,,Sep 22 – Sep 28,84
,,,Sep 29 – Oct 5,73
,,,Oct 6 – Oct 12,89
,,,Oct 13 – Oct 19,85
,,,Oct 20 – Oct 26,91
,,,Oct 27 – Nov 2,86
,,,Nov 3 – Nov 9,81
,,,Nov 10 – Nov 16,91
,,,Nov 17 – Nov 23,68
,,,Nov 24 – Nov 30,79
,,,Dec 1 – Dec 7,69
,,,Dec 8 – Dec 14,90
,,,Dec 15 – Dec 21,102
,,,Dec 22 – Dec 28,137
,≥ 5 and < 18 Years,2023 – 2024,Dec 31 – Jan 6,168
,,2024,Jan 7 – Jan 13,133
,,,Jan 14 – Jan 20,142
,,,Jan 21 – Jan 27,173
,,,Jan 28 – Feb 3,196
,,,Feb 4 – Feb 10,172
,,,Feb 11 – Feb 17,171
,,,Feb 18 – Feb 24,174
,,,Feb 25 – Mar 2,213
,,,Mar 3 – Mar 9,203
,,,Mar 10 – Mar 16,204
,,,Mar 17 – Mar 23,166
,,,Mar 24 – Mar 30,138
,,,Mar 31 – Apr 6,158
,,,Apr 7 – Apr 13,147
,,,Apr 14 – Apr 20,151
,,,Apr 21 – Apr 27,165
,,,Apr 28 – May 4,178
,,,May 5 – May 11,189
,,,May 12 – May 18,165
,,,May 19 – May 25,187
,,,May 26 – Jun 1,174
,,,Jun 2 – Jun 8,166
,,,Jun 9 – Jun 15,162
,,,Jun 16 – Jun 22,153
,,,Jun 23 – Jun 29,179
,,,Jun 30 – Jul 6,194
,,,Jul 7 – Jul 13,162
,,,Jul 14 – Jul 20,179
,,,Jul 21 – Jul 27,172
,,,Jul 28 – Aug 3,184
,,,Aug 4 – Aug 10,160
,,,Aug 11 – Aug 17,164
,,,Aug 18 – Aug 24,176
,,,Aug 25 – Aug 31,181
,,,Sep 1 – Sep 7,202
,,,Sep 8 – Sep 14,198
,,,Sep 15 – Sep 21,214
,,,Sep 22 – Sep 28,187
,,,Sep 29 – Oct 5,183
,,,Oct 6 – Oct 12,167
,,,Oct 13 – Oct 19,163
,,,Oct 20 – Oct 26,166
,,,Oct 27 – Nov 2,153
,,,Nov 3 – Nov 9,168
,,,Nov 10 – Nov 16,169
,,,Nov 17 – Nov 23,133
,,,Nov 24 – Nov 30,151
,,,Dec 1 – Dec 7,149
,,,Dec 8 – Dec 14,157
,,,Dec 15 – Dec 21,166
,,,Dec 22 – Dec 28,161
,≥ 18 and < 50 Years,2023 – 2024,Dec 31 – Jan 6,645
,,2024,Jan 7 – Jan 13,614
,,,Jan 14 – Jan 20,571
,,,Jan 21 – Jan 27,627
,,,Jan 28 – Feb 3,629
,,,Feb 4 – Feb 10,623
,,,Feb 11 – Feb 17,619
,,,Feb 18 – Feb 24,703
,,,Feb 25 – Mar 2,672
,,,Mar 3 – Mar 9,638
,,,Mar 10 – Mar 16,643
,,,Mar 17 – Mar 23,611
,,,Mar 24 – Mar 30,615
,,,Mar 31 – Apr 6,628
,,,Apr 7 – Apr 13,632
,,,Apr 14 – Apr 20,628
,,,Apr 21 – Apr 27,577
,,,Apr 28 – May 4,628
,,,May 5 – May 11,627
,,,May 12 – May 18,606
,,,May 19 – May 25,586
,,,May 26 – Jun 1,655
,,,Jun 2 – Jun 8,625
,,,Jun 9 – Jun 15,643
,,,Jun 16 – Jun 22,643
,,,Jun 23 – Jun 29,669
,,,Jun 30 – Jul 6,698
,,,Jul 7 – Jul 13,673
,,,Jul 14 – Jul 20,650
,,,Jul 21 – Jul 27,637
,,,Jul 28 – Aug 3,667
,,,Aug 4 – Aug 10,695
,,,Aug 11 – Aug 17,674
,,,Aug 18 – Aug 24,678
,,,Aug 25 – Aug 31,659
,,,Sep 1 – Sep 7,714
,,,Sep 8 – Sep 14,653
,,,Sep 15 – Sep 21,746
,,,Sep 22 – Sep 28,626
,,,Sep 29 – Oct 5,584
,,,Oct 6 – Oct 12,635
,,,Oct 13 – Oct 19,645
,,,Oct 20 – Oct 26,655
,,,Oct 27 – Nov 2,625
,,,Nov 3 – Nov 9,634
,,,Nov 10 – Nov 16,670
,,,Nov 17 – Nov 23,674
,,,Nov 24 – Nov 30,598
,,,Dec 1 – Dec 7,682
,,,Dec 8 – Dec 14,604
,,,Dec 15 – Dec 21,602
,,,Dec 22 – Dec 28,706
,≥ 50 and < 65 Years,2023 – 2024,Dec 31 – Jan 6,293
,,2024,Jan 7 – Jan 13,239
,,,Jan 14 – Jan 20,233
,,,Jan 21 – Jan 27,265
,,,Jan 28 – Feb 3,300
,,,Feb 4 – Feb 10,253
,,,Feb 11 – Feb 17,280
,,,Feb 18 – Feb 24,290
,,,Feb 25 – Mar 2,279
,,,Mar 3 – Mar 9,254
,,,Mar 10 – Mar 16,282
,,,Mar 17 – Mar 23,272
,,,Mar 24 – Mar 30,264
,,,Mar 31 – Apr 6,280
,,,Apr 7 – Apr 13,257
,,,Apr 14 – Apr 20,283
,,,Apr 21 – Apr 27,249
,,,Apr 28 – May 4,273
,,,May 5 – May 11,277
,,,May 12 – May 18,284
,,,May 19 – May 25,250
,,,May 26 – Jun 1,303
,,,Jun 2 – Jun 8,269
,,,Jun 9 – Jun 15,269
,,,Jun 16 – Jun 22,290
,,,Jun 23 – Jun 29,275
,,,Jun 30 – Jul 6,275
,,,Jul 7 – Jul 13,284
,,,Jul 14 – Jul 20,305
,,,Jul 21 – Jul 27,283
,,,Jul 28 – Aug 3,258
,,,Aug 4 – Aug 10,264
,,,Aug 11 – Aug 17,272
,,,Aug 18 – Aug 24,298
,,,Aug 25 – Aug 31,270
,,,Sep 1 – Sep 7,282
,,,Sep 8 – Sep 14,274
,,,Sep 15 – Sep 21,292
,,,Sep 22 – Sep 28,275
,,,Sep 29 – Oct 5,261
,,,Oct 6 – Oct 12,228
,,,Oct 13 – Oct 19,259
,,,Oct 20 – Oct 26,270
,,,Oct 27 – Nov 2,212
,,,Nov 3 – Nov 9,257
,,,Nov 10 – Nov 16,247
,,,Nov 17 – Nov 23,260
,,,Nov 24 – Nov 30,252
,,,Dec 1 – Dec 7,263
,,,Dec 8 – Dec 14,270
,,,Dec 15 – Dec 21,274
,,,Dec 22 – Dec 28,310
,65 Years or more,2023 – 2024,Dec 31 – Jan 6,498
,,2024,Jan 7 – Jan 13,375
,,,Jan 14 – Jan 20,398
,,,Jan 21 – Jan 27,429
,,,Jan 28 – Feb 3,445
,,,Feb 4 – Feb 10,448
,,,Feb 11 – Feb 17,409
,,,Feb 18 – Feb 24,444
,,,Feb 25 – Mar 2,461
,,,Mar 3 – Mar 9,438
,,,Mar 10 – Mar 16,471
,,,Mar 17 – Mar 23,428
,,,Mar 24 – Mar 30,397
,,,Mar 31 – Apr 6,476
,,,Apr 7 – Apr 13,421
,,,Apr 14 – Apr 20,450
,,,Apr 21 – Apr 27,469
,,,Apr 28 – May 4,468
,,,May 5 – May 11,460
,,,May 12 – May 18,453
,,,May 19 – May 25,455
,,,May 26 – Jun 1,445
,,,Jun 2 – Jun 8,500
,,,Jun 9 – Jun 15,462
,,,Jun 16 – Jun 22,471
,,,Jun 23 – Jun 29,484
,,,Jun 30 – Jul 6,427
,,,Jul 7 – Jul 13,484
,,,Jul 14 – Jul 20,458
,,,Jul 21 – Jul 27,449
,,,Jul 28 – Aug 3,442
,,,Aug 4 – Aug 10,432
,,,Aug 11 – Aug 17,494
,,,Aug 18 – Aug 24,454
,,,Aug 25 – Aug 31,457
,,,Sep 1 – Sep 7,488
,,,Sep 8 – Sep 14,508
,,,Sep 15 – Sep 21,510
,,,Sep 22 – Sep 28,498
,,,Sep 29 – Oct 5,456
,,,Oct 6 – Oct 12,459
,,,Oct 13 – Oct 19,456
,,,Oct 20 – Oct 26,417
,,,Oct 27 – Nov 2,413
,,,Nov 3 – Nov 9,405
,,,Nov 10 – Nov 16,435
,,,Nov 17 – Nov 23,449
,,,Nov 24 – Nov 30,471
,,,Dec 1 – Dec 7,468
,,,Dec 8 – Dec 14,440
,,,Dec 15 – Dec 21,453
,,,Dec 22 – Dec 28,517
,No value,2023 – 2024,Dec 31 – Jan 6,10 or fewer
,,2024,Jan 7 – Jan 13,10 or fewer
,,,Jan 14 – Jan 20,10 or fewer
,,,Jan 21 – Jan 27,10 or fewer
,,,Jan 28 – Feb 3,10 or fewer
,,,Feb 4 – Feb 10,10 or fewer
,,,Feb 11 – Feb 17,10 or fewer
,,,Feb 18 – Feb 24,10 or fewer
,,,Feb 25 – Mar 2,10 or fewer
,,,Mar 3 – Mar 9,10 or fewer
,,,Mar 10 – Mar 16,10 or fewer
,,,Mar 17 – Mar 23,10 or fewer
,,,Mar 24 – Mar 30,10 or fewer
,,,Mar 31 – Apr 6,10 or fewer
,,,Apr 7 – Apr 13,10 or fewer
,,,Apr 14 – Apr 20,10 or fewer
,,,Apr 21 – Apr 27,10 or fewer
,,,Apr 28 – May 4,10 or fewer
,,,May 5 – May 11,10 or fewer
,,,May 12 – May 18,10 or fewer
,,,May 19 – May 25,10 or fewer
,,,May 26 – Jun 1,10 or fewer
,,,Jun 2 – Jun 8,10 or fewer
,,,Jun 9 – Jun 15,10 or fewer
,,,Jun 16 – Jun 22,10 or fewer
,,,Jun 23 – Jun 29,10 or fewer
,,,Jun 30 – Jul 6,10 or fewer
,,,Jul 7 – Jul 13,10 or fewer
,,,Jul 14 – Jul 20,10 or fewer
,,,Jul 21 – Jul 27,10 or fewer
,,,Jul 28 – Aug 3,10 or fewer
,,,Aug 4 – Aug 10,10 or fewer
,,,Aug 11 – Aug 17,10 or fewer
,,,Aug 18 – Aug 24,10 or fewer
,,,Aug 25 – Aug 31,10 or fewer
,,,Sep 1 – Sep 7,10 or fewer
,,,Sep 8 – Sep 14,10 or fewer
,,,Sep 15 – Sep 21,10 or fewer
,,,Sep 22 – Sep 28,10 or fewer
,,,Sep 29 – Oct 5,10 or fewer
,,,Oct 6 – Oct 12,10 or fewer
,,,Oct 13 – Oct 19,10 or fewer
,,,Oct 20 – Oct 26,10 or fewer
,,,Oct 27 – Nov 2,10 or fewer
,,,Nov 3 – Nov 9,10 or fewer
,,,Nov 10 – Nov 16,10 or fewer
,,,Nov 17 – Nov 23,10 or fewer
,,,Nov 24 – Nov 30,10 or fewer
,,,Dec 1 – Dec 7,10 or fewer
,,,Dec 8 – Dec 14,10 or fewer
,,,Dec 15 – Dec 21,10 or fewer
,,,Dec 22 – Dec 28,10 or fewer
,Total,2023 – 2024,Dec 31 – Jan 6,1762
,,2024,Jan 7 – Jan 13,1494
,,,Jan 14 – Jan 20,1477
,,,Jan 21 – Jan 27,1643
,,,Jan 28 – Feb 3,1717
,,,Feb 4 – Feb 10,1661
,,,Feb 11 – Feb 17,1614
,,,Feb 18 – Feb 24,1770
,,,Feb 25 – Mar 2,1797
,,,Mar 3 – Mar 9,1707
,,,Mar 10 – Mar 16,1781
,,,Mar 17 – Mar 23,1614
,,,Mar 24 – Mar 30,1562
,,,Mar 31 – Apr 6,1687
,,,Apr 7 – Apr 13,1590
,,,Apr 14 – Apr 20,1646
,,,Apr 21 – Apr 27,1596
,,,Apr 28 – May 4,1674
,,,May 5 – May 11,1712
,,,May 12 – May 18,1648
,,,May 19 – May 25,1648
,,,May 26 – Jun 1,1736
,,,Jun 2 – Jun 8,1687
,,,Jun 9 – Jun 15,1662
,,,Jun 16 – Jun 22,1660
,,,Jun 23 – Jun 29,1716
,,,Jun 30 – Jul 6,1723
,,,Jul 7 – Jul 13,1733
,,,Jul 14 – Jul 20,1707
,,,Jul 21 – Jul 27,1678
,,,Jul 28 – Aug 3,1689
,,,Aug 4 – Aug 10,1664
,,,Aug 11 – Aug 17,1733
,,,Aug 18 – Aug 24,1716
,,,Aug 25 – Aug 31,1701
,,,Sep 1 – Sep 7,1836
,,,Sep 8 – Sep 14,1750
,,,Sep 15 – Sep 21,1914
,,,Sep 22 – Sep 28,1706
,,,Sep 29 – Oct 5,1595
,,,Oct 6 – Oct 12,1614
,,,Oct 13 – Oct 19,1654
,,,Oct 20 – Oct 26,1643
,,,Oct 27 – Nov 2,1534
,,,Nov 3 – Nov 9,1584
,,,Nov 10 – Nov 16,1652
,,,Nov 17 – Nov 23,1627
,,,Nov 24 – Nov 30,1592
,,,Dec 1 – Dec 7,1669
,,,Dec 8 – Dec 14,1608
,,,Dec 15 – Dec 21,1654
,,,Dec 22 – Dec 28,1888
Wyoming,Less than 1 Years,2023 – 2024,Dec 31 – Jan 6,23
,,2024,Jan 7 – Jan 13,27
,,,Jan 14 – Jan 20,19
,,,Jan 21 – Jan 27,24
,,,Jan 28 – Feb 3,28
,,,Feb 4 – Feb 10,37
,,,Feb 11 – Feb 17,31
,,,Feb 18 – Feb 24,34
,,,Feb 25 – Mar 2,42
,,,Mar 3 – Mar 9,26
,,,Mar 10 – Mar 16,21
,,,Mar 17 – Mar 23,30
,,,Mar 24 – Mar 30,34
,,,Mar 31 – Apr 6,31
,,,Apr 7 – Apr 13,28
,,,Apr 14 – Apr 20,23
,,,Apr 21 – Apr 27,32
,,,Apr 28 – May 4,20
,,,May 5 – May 11,25
,,,May 12 – May 18,32
,,,May 19 – May 25,22
,,,May 26 – Jun 1,17
,,,Jun 2 – Jun 8,23
,,,Jun 9 – Jun 15,15
,,,Jun 16 – Jun 22,18
,,,Jun 23 – Jun 29,22
,,,Jun 30 – Jul 6,13
,,,Jul 7 – Jul 13,21
,,,Jul 14 – Jul 20,21
,,,Jul 21 – Jul 27,19
,,,Jul 28 – Aug 3,15
,,,Aug 4 – Aug 10,22
,,,Aug 11 – Aug 17,17
,,,Aug 18 – Aug 24,24
,,,Aug 25 – Aug 31,27
,,,Sep 1 – Sep 7,22
,,,Sep 8 – Sep 14,24
,,,Sep 15 – Sep 21,23
,,,Sep 22 – Sep 28,14
,,,Sep 29 – Oct 5,20
,,,Oct 6 – Oct 12,18
,,,Oct 13 – Oct 19,12
,,,Oct 20 – Oct 26,18
,,,Oct 27 – Nov 2,24
,,,Nov 3 – Nov 9,15
,,,Nov 10 – Nov 16,26
,,,Nov 17 – Nov 23,34
,,,Nov 24 – Nov 30,21
,,,Dec 1 – Dec 7,19
,,,Dec 8 – Dec 14,23
,,,Dec 15 – Dec 21,29
,,,Dec 22 – Dec 28,34
,≥ 1 and < 5 Years,2023 – 2024,Dec 31 – Jan 6,63
,,2024,Jan 7 – Jan 13,49
,,,Jan 14 – Jan 20,58
,,,Jan 21 – Jan 27,60
,,,Jan 28 – Feb 3,58
,,,Feb 4 – Feb 10,62
,,,Feb 11 – Feb 17,81
,,,Feb 18 – Feb 24,63
,,,Feb 25 – Mar 2,75
,,,Mar 3 – Mar 9,63
,,,Mar 10 – Mar 16,68
,,,Mar 17 – Mar 23,60
,,,Mar 24 – Mar 30,48
,,,Mar 31 – Apr 6,62
,,,Apr 7 – Apr 13,42
,,,Apr 14 – Apr 20,69
,,,Apr 21 – Apr 27,42
,,,Apr 28 – May 4,67
,,,May 5 – May 11,58
,,,May 12 – May 18,59
,,,May 19 – May 25,72
,,,May 26 – Jun 1,37
,,,Jun 2 – Jun 8,54
,,,Jun 9 – Jun 15,53
,,,Jun 16 – Jun 22,57
,,,Jun 23 – Jun 29,37
,,,Jun 30 – Jul 6,38
,,,Jul 7 – Jul 13,49
,,,Jul 14 – Jul 20,33
,,,Jul 21 – Jul 27,33
,,,Jul 28 – Aug 3,36
,,,Aug 4 – Aug 10,44
,,,Aug 11 – Aug 17,37
,,,Aug 18 – Aug 24,45
,,,Aug 25 – Aug 31,45
,,,Sep 1 – Sep 7,48
,,,Sep 8 – Sep 14,42
,,,Sep 15 – Sep 21,40
,,,Sep 22 – Sep 28,41
,,,Sep 29 – Oct 5,39
,,,Oct 6 – Oct 12,53
,,,Oct 13 – Oct 19,44
,,,Oct 20 – Oct 26,47
,,,Oct 27 – Nov 2,50
,,,Nov 3 – Nov 9,46
,,,Nov 10 – Nov 16,45
,,,Nov 17 – Nov 23,60
,,,Nov 24 – Nov 30,53
,,,Dec 1 – Dec 7,56
,,,Dec 8 – Dec 14,55
,,,Dec 15 – Dec 21,60
,,,Dec 22 – Dec 28,90
,≥ 5 and < 18 Years,2023 – 2024,Dec 31 – Jan 6,124
,,2024,Jan 7 – Jan 13,134
,,,Jan 14 – Jan 20,93
,,,Jan 21 – Jan 27,105
,,,Jan 28 – Feb 3,171
,,,Feb 4 – Feb 10,173
,,,Feb 11 – Feb 17,152
,,,Feb 18 – Feb 24,114
,,,Feb 25 – Mar 2,112
,,,Mar 3 – Mar 9,112
,,,Mar 10 – Mar 16,100
,,,Mar 17 – Mar 23,120
,,,Mar 24 – Mar 30,76
,,,Mar 31 – Apr 6,122
,,,Apr 7 – Apr 13,102
,,,Apr 14 – Apr 20,118
,,,Apr 21 – Apr 27,142
,,,Apr 28 – May 4,121
,,,May 5 – May 11,121
,,,May 12 – May 18,127
,,,May 19 – May 25,116
,,,May 26 – Jun 1,126
,,,Jun 2 – Jun 8,123
,,,Jun 9 – Jun 15,101
,,,Jun 16 – Jun 22,97
,,,Jun 23 – Jun 29,84
,,,Jun 30 – Jul 6,117
,,,Jul 7 – Jul 13,107
,,,Jul 14 – Jul 20,90
,,,Jul 21 – Jul 27,100
,,,Jul 28 – Aug 3,120
,,,Aug 4 – Aug 10,96
,,,Aug 11 – Aug 17,88
,,,Aug 18 – Aug 24,89
,,,Aug 25 – Aug 31,100
,,,Sep 1 – Sep 7,133
,,,Sep 8 – Sep 14,122
,,,Sep 15 – Sep 21,125
,,,Sep 22 – Sep 28,131
,,,Sep 29 – Oct 5,160
,,,Oct 6 – Oct 12,107
,,,Oct 13 – Oct 19,115
,,,Oct 20 – Oct 26,127
,,,Oct 27 – Nov 2,107
,,,Nov 3 – Nov 9,93
,,,Nov 10 – Nov 16,107
,,,Nov 17 – Nov 23,133
,,,Nov 24 – Nov 30,119
,,,Dec 1 – Dec 7,102
,,,Dec 8 – Dec 14,146
,,,Dec 15 – Dec 21,126
,,,Dec 22 – Dec 28,115
,≥ 18 and < 50 Years,2023 – 2024,Dec 31 – Jan 6,502
,,2024,Jan 7 – Jan 13,432
,,,Jan 14 – Jan 20,434
,,,Jan 21 – Jan 27,478
,,,Jan 28 – Feb 3,462
,,,Feb 4 – Feb 10,469
,,,Feb 11 – Feb 17,471
,,,Feb 18 – Feb 24,503
,,,Feb 25 – Mar 2,475
,,,Mar 3 – Mar 9,499
,,,Mar 10 – Mar 16,427
,,,Mar 17 – Mar 23,449
,,,Mar 24 – Mar 30,459
,,,Mar 31 – Apr 6,480
,,,Apr 7 – Apr 13,436
,,,Apr 14 – Apr 20,428
,,,Apr 21 – Apr 27,474
,,,Apr 28 – May 4,465
,,,May 5 – May 11,434
,,,May 12 – May 18,472
,,,May 19 – May 25,487
,,,May 26 – Jun 1,482
,,,Jun 2 – Jun 8,460
,,,Jun 9 – Jun 15,507
,,,Jun 16 – Jun 22,490
,,,Jun 23 – Jun 29,512
,,,Jun 30 – Jul 6,460
,,,Jul 7 – Jul 13,493
,,,Jul 14 – Jul 20,525
,,,Jul 21 – Jul 27,511
,,,Jul 28 – Aug 3,536
,,,Aug 4 – Aug 10,529
,,,Aug 11 – Aug 17,525
,,,Aug 18 – Aug 24,495
,,,Aug 25 – Aug 31,481
,,,Sep 1 – Sep 7,487
,,,Sep 8 – Sep 14,492
,,,Sep 15 – Sep 21,498
,,,Sep 22 – Sep 28,460
,,,Sep 29 – Oct 5,497
,,,Oct 6 – Oct 12,475
,,,Oct 13 – Oct 19,454
,,,Oct 20 – Oct 26,529
,,,Oct 27 – Nov 2,468
,,,Nov 3 – Nov 9,452
,,,Nov 10 – Nov 16,497
,,,Nov 17 – Nov 23,493
,,,Nov 24 – Nov 30,477
,,,Dec 1 – Dec 7,515
,,,Dec 8 – Dec 14,506
,,,Dec 15 – Dec 21,495
,,,Dec 22 – Dec 28,466
,≥ 50 and < 65 Years,2023 – 2024,Dec 31 – Jan 6,226
,,2024,Jan 7 – Jan 13,181
,,,Jan 14 – Jan 20,190
,,,Jan 21 – Jan 27,212
,,,Jan 28 – Feb 3,207
,,,Feb 4 – Feb 10,192
,,,Feb 11 – Feb 17,187
,,,Feb 18 – Feb 24,192
,,,Feb 25 – Mar 2,187
,,,Mar 3 – Mar 9,190
,,,Mar 10 – Mar 16,209
,,,Mar 17 – Mar 23,215
,,,Mar 24 – Mar 30,200
,,,Mar 31 – Apr 6,195
,,,Apr 7 – Apr 13,172
,,,Apr 14 – Apr 20,210
,,,Apr 21 – Apr 27,209
,,,Apr 28 – May 4,211
,,,May 5 – May 11,205
,,,May 12 – May 18,167
,,,May 19 – May 25,185
,,,May 26 – Jun 1,196
,,,Jun 2 – Jun 8,212
,,,Jun 9 – Jun 15,220
,,,Jun 16 – Jun 22,202
,,,Jun 23 – Jun 29,206
,,,Jun 30 – Jul 6,177
,,,Jul 7 – Jul 13,231
,,,Jul 14 – Jul 20,225
,,,Jul 21 – Jul 27,209
,,,Jul 28 – Aug 3,183
,,,Aug 4 – Aug 10,184
,,,Aug 11 – Aug 17,234
,,,Aug 18 – Aug 24,204
,,,Aug 25 – Aug 31,194
,,,Sep 1 – Sep 7,208
,,,Sep 8 – Sep 14,201
,,,Sep 15 – Sep 21,187
,,,Sep 22 – Sep 28,191
,,,Sep 29 – Oct 5,222
,,,Oct 6 – Oct 12,217
,,,Oct 13 – Oct 19,192
,,,Oct 20 – Oct 26,199
,,,Oct 27 – Nov 2,200
,,,Nov 3 – Nov 9,192
,,,Nov 10 – Nov 16,206
,,,Nov 17 – Nov 23,180
,,,Nov 24 – Nov 30,173
,,,Dec 1 – Dec 7,200
,,,Dec 8 – Dec 14,205
,,,Dec 15 – Dec 21,181
,,,Dec 22 – Dec 28,241
,65 Years or more,2023 – 2024,Dec 31 – Jan 6,303
,,2024,Jan 7 – Jan 13,333
,,,Jan 14 – Jan 20,303
,,,Jan 21 – Jan 27,295
,,,Jan 28 – Feb 3,328
,,,Feb 4 – Feb 10,350
,,,Feb 11 – Feb 17,299
,,,Feb 18 – Feb 24,287
,,,Feb 25 – Mar 2,352
,,,Mar 3 – Mar 9,301
,,,Mar 10 – Mar 16,323
,,,Mar 17 – Mar 23,333
,,,Mar 24 – Mar 30,331
,,,Mar 31 – Apr 6,293
,,,Apr 7 – Apr 13,339
,,,Apr 14 – Apr 20,308
,,,Apr 21 – Apr 27,319
,,,Apr 28 – May 4,315
,,,May 5 – May 11,319
,,,May 12 – May 18,362
,,,May 19 – May 25,337
,,,May 26 – Jun 1,371
,,,Jun 2 – Jun 8,352
,,,Jun 9 – Jun 15,371
,,,Jun 16 – Jun 22,382
,,,Jun 23 – Jun 29,331
,,,Jun 30 – Jul 6,356
,,,Jul 7 – Jul 13,361
,,,Jul 14 – Jul 20,334
,,,Jul 21 – Jul 27,363
,,,Jul 28 – Aug 3,398
,,,Aug 4 – Aug 10,367
,,,Aug 11 – Aug 17,389
,,,Aug 18 – Aug 24,372
,,,Aug 25 – Aug 31,345
,,,Sep 1 – Sep 7,346
,,,Sep 8 – Sep 14,367
,,,Sep 15 – Sep 21,394
,,,Sep 22 – Sep 28,357
,,,Sep 29 – Oct 5,353
,,,Oct 6 – Oct 12,330
,,,Oct 13 – Oct 19,353
,,,Oct 20 – Oct 26,333
,,,Oct 27 – Nov 2,303
,,,Nov 3 – Nov 9,320
,,,Nov 10 – Nov 16,333
,,,Nov 17 – Nov 23,349
,,,Nov 24 – Nov 30,336
,,,Dec 1 – Dec 7,400
,,,Dec 8 – Dec 14,382
,,,Dec 15 – Dec 21,354
,,,Dec 22 – Dec 28,430
,No value,2023 – 2024,Dec 31 – Jan 6,10 or fewer
,,2024,Jan 7 – Jan 13,10 or fewer
,,,Jan 14 – Jan 20,10 or fewer
,,,Jan 21 – Jan 27,10 or fewer
,,,Jan 28 – Feb 3,10 or fewer
,,,Feb 4 – Feb 10,10 or fewer
,,,Feb 11 – Feb 17,10 or fewer
,,,Feb 18 – Feb 24,10 or fewer
,,,Feb 25 – Mar 2,10 or fewer
,,,Mar 3 – Mar 9,10 or fewer
,,,Mar 10 – Mar 16,10 or fewer
,,,Mar 17 – Mar 23,10 or fewer
,,,Mar 24 – Mar 30,10 or fewer
,,,Mar 31 – Apr 6,10 or fewer
,,,Apr 7 – Apr 13,10 or fewer
,,,Apr 14 – Apr 20,10 or fewer
,,,Apr 21 – Apr 27,10 or fewer
,,,Apr 28 – May 4,10 or fewer
,,,May 5 – May 11,10 or fewer
,,,May 12 – May 18,10 or fewer
,,,May 19 – May 25,10 or fewer
,,,May 26 – Jun 1,10 or fewer
,,,Jun 2 – Jun 8,10 or fewer
,,,Jun 9 – Jun 15,10 or fewer
,,,Jun 16 – Jun 22,10 or fewer
,,,Jun 23 – Jun 29,10 or fewer
,,,Jun 30 – Jul 6,10 or fewer
,,,Jul 7 – Jul 13,10 or fewer
,,,Jul 14 – Jul 20,10 or fewer
,,,Jul 21 – Jul 27,10 or fewer
,,,Jul 28 – Aug 3,10 or fewer
,,,Aug 4 – Aug 10,10 or fewer
,,,Aug 11 – Aug 17,10 or fewer
,,,Aug 18 – Aug 24,10 or fewer
,,,Aug 25 – Aug 31,10 or fewer
,,,Sep 1 – Sep 7,10 or fewer
,,,Sep 8 – Sep 14,10 or fewer
,,,Sep 15 – Sep 21,10 or fewer
,,,Sep 22 – Sep 28,10 or fewer
,,,Sep 29 – Oct 5,10 or fewer
,,,Oct 6 – Oct 12,10 or fewer
,,,Oct 13 – Oct 19,10 or fewer
,,,Oct 20 – Oct 26,10 or fewer
,,,Oct 27 – Nov 2,10 or fewer
,,,Nov 3 – Nov 9,10 or fewer
,,,Nov 10 – Nov 16,10 or fewer
,,,Nov 17 – Nov 23,10 or fewer
,,,Nov 24 – Nov 30,10 or fewer
,,,Dec 1 – Dec 7,10 or fewer
,,,Dec 8 – Dec 14,10 or fewer
,,,Dec 15 – Dec 21,10 or fewer
,,,Dec 22 – Dec 28,10 or fewer
,Total,2023 – 2024,Dec 31 – Jan 6,1241
,,2024,Jan 7 – Jan 13,1156
,,,Jan 14 – Jan 20,1097
,,,Jan 21 – Jan 27,1174
,,,Jan 28 – Feb 3,1254
,,,Feb 4 – Feb 10,1283
,,,Feb 11 – Feb 17,1221
,,,Feb 18 – Feb 24,1194
,,,Feb 25 – Mar 2,1243
,,,Mar 3 – Mar 9,1191
,,,Mar 10 – Mar 16,1148
,,,Mar 17 – Mar 23,1208
,,,Mar 24 – Mar 30,1148
,,,Mar 31 – Apr 6,1183
,,,Apr 7 – Apr 13,1119
,,,Apr 14 – Apr 20,1156
,,,Apr 21 – Apr 27,1218
,,,Apr 28 – May 4,1199
,,,May 5 – May 11,1162
,,,May 12 – May 18,1219
,,,May 19 – May 25,1219
,,,May 26 – Jun 1,1229
,,,Jun 2 – Jun 8,1224
,,,Jun 9 – Jun 15,1267
,,,Jun 16 – Jun 22,1246
,,,Jun 23 – Jun 29,1192
,,,Jun 30 – Jul 6,1161
,,,Jul 7 – Jul 13,1262
,,,Jul 14 – Jul 20,1228
,,,Jul 21 – Jul 27,1235
,,,Jul 28 – Aug 3,1288
,,,Aug 4 – Aug 10,1242
,,,Aug 11 – Aug 17,1290
,,,Aug 18 – Aug 24,1229
,,,Aug 25 – Aug 31,1192
,,,Sep 1 – Sep 7,1244
,,,Sep 8 – Sep 14,1248
,,,Sep 15 – Sep 21,1267
,,,Sep 22 – Sep 28,1194
,,,Sep 29 – Oct 5,1291
,,,Oct 6 – Oct 12,1200
,,,Oct 13 – Oct 19,1170
,,,Oct 20 – Oct 26,1253
,,,Oct 27 – Nov 2,1152
,,,Nov 3 – Nov 9,1118
,,,Nov 10 – Nov 16,1214
,,,Nov 17 – Nov 23,1249
,,,Nov 24 – Nov 30,1179
,,,Dec 1 – Dec 7,1292
,,,Dec 8 – Dec 14,1317
,,,Dec 15 – Dec 21,1245
,,,Dec 22 – Dec 28,1376
District of Columbia,Less than 1 Years,2023 – 2024,Dec 31 – Jan 6,10 or fewer
,,2024,Jan 7 – Jan 13,10 or fewer
,,,Jan 14 – Jan 20,10 or fewer
,,,Jan 21 – Jan 27,10 or fewer
,,,Jan 28 – Feb 3,10 or fewer
,,,Feb 4 – Feb 10,10 or fewer
,,,Feb 11 – Feb 17,10 or fewer
,,,Feb 18 – Feb 24,10 or fewer
,,,Feb 25 – Mar 2,10 or fewer
,,,Mar 3 – Mar 9,10 or fewer
,,,Mar 10 – Mar 16,10 or fewer
,,,Mar 17 – Mar 23,10 or fewer
,,,Mar 24 – Mar 30,10 or fewer
,,,Mar 31 – Apr 6,10 or fewer
,,,Apr 7 – Apr 13,10 or fewer
,,,Apr 14 – Apr 20,10 or fewer
,,,Apr 21 – Apr 27,10 or fewer
,,,Apr 28 – May 4,10 or fewer
,,,May 5 – May 11,10 or fewer
,,,May 12 – May 18,10 or fewer
,,,May 19 – May 25,10 or fewer
,,,May 26 – Jun 1,10 or fewer
,,,Jun 2 – Jun 8,10 or fewer
,,,Jun 9 – Jun 15,10 or fewer
,,,Jun 16 – Jun 22,10 or fewer
,,,Jun 23 – Jun 29,10 or fewer
,,,Jun 30 – Jul 6,10 or fewer
,,,Jul 7 – Jul 13,10 or fewer
,,,Jul 14 – Jul 20,10 or fewer
,,,Jul 21 – Jul 27,10 or fewer
,,,Jul 28 – Aug 3,10 or fewer
,,,Aug 4 – Aug 10,10 or fewer
,,,Aug 11 – Aug 17,10 or fewer
,,,Aug 18 – Aug 24,10 or fewer
,,,Aug 25 – Aug 31,10 or fewer
,,,Sep 1 – Sep 7,10 or fewer
,,,Sep 8 – Sep 14,10 or fewer
,,,Sep 15 – Sep 21,10 or fewer
,,,Sep 22 – Sep 28,10 or fewer
,,,Sep 29 – Oct 5,10 or fewer
,,,Oct 6 – Oct 12,10 or fewer
,,,Oct 13 – Oct 19,10 or fewer
,,,Oct 20 – Oct 26,10 or fewer
,,,Oct 27 – Nov 2,10 or fewer
,,,Nov 3 – Nov 9,10 or fewer
,,,Nov 10 – Nov 16,10 or fewer
,,,Nov 17 – Nov 23,10 or fewer
,,,Nov 24 – Nov 30,12
,,,Dec 1 – Dec 7,10 or fewer
,,,Dec 8 – Dec 14,10 or fewer
,,,Dec 15 – Dec 21,10 or fewer
,,,Dec 22 – Dec 28,10 or fewer
,≥ 1 and < 5 Years,2023 – 2024,Dec 31 – Jan 6,10 or fewer
,,2024,Jan 7 – Jan 13,17
,,,Jan 14 – Jan 20,16
,,,Jan 21 – Jan 27,16
,,,Jan 28 – Feb 3,10 or fewer
,,,Feb 4 – Feb 10,16
,,,Feb 11 – Feb 17,17
,,,Feb 18 – Feb 24,16
,,,Feb 25 – Mar 2,17
,,,Mar 3 – Mar 9,15
,,,Mar 10 – Mar 16,10 or fewer
,,,Mar 17 – Mar 23,27
,,,Mar 24 – Mar 30,18
,,,Mar 31 – Apr 6,15
,,,Apr 7 – Apr 13,19
,,,Apr 14 – Apr 20,19
,,,Apr 21 – Apr 27,10 or fewer
,,,Apr 28 – May 4,11
,,,May 5 – May 11,13
,,,May 12 – May 18,12
,,,May 19 – May 25,16
,,,May 26 – Jun 1,13
,,,Jun 2 – Jun 8,15
,,,Jun 9 – Jun 15,10 or fewer
,,,Jun 16 – Jun 22,10 or fewer
,,,Jun 23 – Jun 29,14
,,,Jun 30 – Jul 6,16
,,,Jul 7 – Jul 13,10 or fewer
,,,Jul 14 – Jul 20,13
,,,Jul 21 – Jul 27,16
,,,Jul 28 – Aug 3,12
,,,Aug 4 – Aug 10,16
,,,Aug 11 – Aug 17,13
,,,Aug 18 – Aug 24,18
,,,Aug 25 – Aug 31,15
,,,Sep 1 – Sep 7,12
,,,Sep 8 – Sep 14,11
,,,Sep 15 – Sep 21,12
,,,Sep 22 – Sep 28,10 or fewer
,,,Sep 29 – Oct 5,16
,,,Oct 6 – Oct 12,17
,,,Oct 13 – Oct 19,20
,,,Oct 20 – Oct 26,10 or fewer
,,,Oct 27 – Nov 2,10 or fewer
,,,Nov 3 – Nov 9,19
,,,Nov 10 – Nov 16,13
,,,Nov 17 – Nov 23,24
,,,Nov 24 – Nov 30,26
,,,Dec 1 – Dec 7,11
,,,Dec 8 – Dec 14,25
,,,Dec 15 – Dec 21,21
,,,Dec 22 – Dec 28,32
,≥ 5 and < 18 Years,2023 – 2024,Dec 31 – Jan 6,29
,,2024,Jan 7 – Jan 13,29
,,,Jan 14 – Jan 20,24
,,,Jan 21 – Jan 27,33
,,,Jan 28 – Feb 3,31
,,,Feb 4 – Feb 10,26
,,,Feb 11 – Feb 17,45
,,,Feb 18 – Feb 24,41
,,,Feb 25 – Mar 2,35
,,,Mar 3 – Mar 9,29
,,,Mar 10 – Mar 16,30
,,,Mar 17 – Mar 23,30
,,,Mar 24 – Mar 30,33
,,,Mar 31 – Apr 6,28
,,,Apr 7 – Apr 13,29
,,,Apr 14 – Apr 20,28
,,,Apr 21 – Apr 27,32
,,,Apr 28 – May 4,24
,,,May 5 – May 11,34
,,,May 12 – May 18,27
,,,May 19 – May 25,21
,,,May 26 – Jun 1,22
,,,Jun 2 – Jun 8,32
,,,Jun 9 – Jun 15,25
,,,Jun 16 – Jun 22,33
,,,Jun 23 – Jun 29,26
,,,Jun 30 – Jul 6,37
,,,Jul 7 – Jul 13,30
,,,Jul 14 – Jul 20,39
,,,Jul 21 – Jul 27,27
,,,Jul 28 – Aug 3,35
,,,Aug 4 – Aug 10,26
,,,Aug 11 – Aug 17,22
,,,Aug 18 – Aug 24,23
,,,Aug 25 – Aug 31,24
,,,Sep 1 – Sep 7,29
,,,Sep 8 – Sep 14,24
,,,Sep 15 – Sep 21,29
,,,Sep 22 – Sep 28,23
,,,Sep 29 – Oct 5,29
,,,Oct 6 – Oct 12,34
,,,Oct 13 – Oct 19,28
,,,Oct 20 – Oct 26,37
,,,Oct 27 – Nov 2,31
,,,Nov 3 – Nov 9,22
,,,Nov 10 – Nov 16,32
,,,Nov 17 – Nov 23,38
,,,Nov 24 – Nov 30,22
,,,Dec 1 – Dec 7,25
,,,Dec 8 – Dec 14,34
,,,Dec 15 – Dec 21,36
,,,Dec 22 – Dec 28,35
,≥ 18 and < 50 Years,2023 – 2024,Dec 31 – Jan 6,356
,,2024,Jan 7 – Jan 13,336
,,,Jan 14 – Jan 20,297
,,,Jan 21 – Jan 27,325
,,,Jan 28 – Feb 3,286
,,,Feb 4 – Feb 10,266
,,,Feb 11 – Feb 17,305
,,,Feb 18 – Feb 24,289
,,,Feb 25 – Mar 2,316
,,,Mar 3 – Mar 9,284
,,,Mar 10 – Mar 16,255
,,,Mar 17 – Mar 23,317
,,,Mar 24 – Mar 30,322
,,,Mar 31 – Apr 6,306
,,,Apr 7 – Apr 13,313
,,,Apr 14 – Apr 20,349
,,,Apr 21 – Apr 27,306
,,,Apr 28 – May 4,286
,,,May 5 – May 11,306
,,,May 12 – May 18,317
,,,May 19 – May 25,305
,,,May 26 – Jun 1,302
,,,Jun 2 – Jun 8,287
,,,Jun 9 – Jun 15,285
,,,Jun 16 – Jun 22,287
,,,Jun 23 – Jun 29,271
,,,Jun 30 – Jul 6,314
,,,Jul 7 – Jul 13,330
,,,Jul 14 – Jul 20,324
,,,Jul 21 – Jul 27,308
,,,Jul 28 – Aug 3,299
,,,Aug 4 – Aug 10,316
,,,Aug 11 – Aug 17,312
,,,Aug 18 – Aug 24,286
,,,Aug 25 – Aug 31,318
,,,Sep 1 – Sep 7,321
,,,Sep 8 – Sep 14,326
,,,Sep 15 – Sep 21,293
,,,Sep 22 – Sep 28,301
,,,Sep 29 – Oct 5,332
,,,Oct 6 – Oct 12,303
,,,Oct 13 – Oct 19,331
,,,Oct 20 – Oct 26,340
,,,Oct 27 – Nov 2,312
,,,Nov 3 – Nov 9,338
,,,Nov 10 – Nov 16,297
,,,Nov 17 – Nov 23,306
,,,Nov 24 – Nov 30,334
,,,Dec 1 – Dec 7,340
,,,Dec 8 – Dec 14,324
,,,Dec 15 – Dec 21,318
,,,Dec 22 – Dec 28,371
,≥ 50 and < 65 Years,2023 – 2024,Dec 31 – Jan 6,93
,,2024,Jan 7 – Jan 13,74
,,,Jan 14 – Jan 20,88
,,,Jan 21 – Jan 27,86
,,,Jan 28 – Feb 3,85
,,,Feb 4 – Feb 10,101
,,,Feb 11 – Feb 17,80
,,,Feb 18 – Feb 24,71
,,,Feb 25 – Mar 2,73
,,,Mar 3 – Mar 9,86
,,,Mar 10 – Mar 16,76
,,,Mar 17 – Mar 23,72
,,,Mar 24 – Mar 30,78
,,,Mar 31 – Apr 6,87
,,,Apr 7 – Apr 13,81
,,,Apr 14 – Apr 20,77
,,,Apr 21 – Apr 27,75
,,,Apr 28 – May 4,89
,,,May 5 – May 11,82
,,,May 12 – May 18,78
,,,May 19 – May 25,91
,,,May 26 – Jun 1,89
,,,Jun 2 – Jun 8,77
,,,Jun 9 – Jun 15,84
,,,Jun 16 – Jun 22,86
,,,Jun 23 – Jun 29,64
,,,Jun 30 – Jul 6,95
,,,Jul 7 – Jul 13,93
,,,Jul 14 – Jul 20,85
,,,Jul 21 – Jul 27,79
,,,Jul 28 – Aug 3,86
,,,Aug 4 – Aug 10,66
,,,Aug 11 – Aug 17,85
,,,Aug 18 – Aug 24,93
,,,Aug 25 – Aug 31,92
,,,Sep 1 – Sep 7,84
,,,Sep 8 – Sep 14,103
,,,Sep 15 – Sep 21,75
,,,Sep 22 – Sep 28,64
,,,Sep 29 – Oct 5,70
,,,Oct 6 – Oct 12,84
,,,Oct 13 – Oct 19,78
,,,Oct 20 – Oct 26,98
,,,Oct 27 – Nov 2,92
,,,Nov 3 – Nov 9,94
,,,Nov 10 – Nov 16,83
,,,Nov 17 – Nov 23,96
,,,Nov 24 – Nov 30,102
,,,Dec 1 – Dec 7,77
,,,Dec 8 – Dec 14,98
,,,Dec 15 – Dec 21,103
,,,Dec 22 – Dec 28,113
,65 Years or more,2023 – 2024,Dec 31 – Jan 6,67
,,2024,Jan 7 – Jan 13,72
,,,Jan 14 – Jan 20,63
,,,Jan 21 – Jan 27,83
,,,Jan 28 – Feb 3,74
,,,Feb 4 – Feb 10,71
,,,Feb 11 – Feb 17,68
,,,Feb 18 – Feb 24,79
,,,Feb 25 – Mar 2,76
,,,Mar 3 – Mar 9,68
,,,Mar 10 – Mar 16,69
,,,Mar 17 – Mar 23,76
,,,Mar 24 – Mar 30,69
,,,Mar 31 – Apr 6,66
,,,Apr 7 – Apr 13,67
,,,Apr 14 – Apr 20,72
,,,Apr 21 – Apr 27,59
,,,Apr 28 – May 4,72
,,,May 5 – May 11,81
,,,May 12 – May 18,70
,,,May 19 – May 25,78
,,,May 26 – Jun 1,87
,,,Jun 2 – Jun 8,93
,,,Jun 9 – Jun 15,70
,,,Jun 16 – Jun 22,59
,,,Jun 23 – Jun 29,78
,,,Jun 30 – Jul 6,74
,,,Jul 7 – Jul 13,78
,,,Jul 14 – Jul 20,72
,,,Jul 21 – Jul 27,73
,,,Jul 28 – Aug 3,68
,,,Aug 4 – Aug 10,73
,,,Aug 11 – Aug 17,99
,,,Aug 18 – Aug 24,79
,,,Aug 25 – Aug 31,84
,,,Sep 1 – Sep 7,74
,,,Sep 8 – Sep 14,80
,,,Sep 15 – Sep 21,91
,,,Sep 22 – Sep 28,72
,,,Sep 29 – Oct 5,78
,,,Oct 6 – Oct 12,63
,,,Oct 13 – Oct 19,74
,,,Oct 20 – Oct 26,77
,,,Oct 27 – Nov 2,63
,,,Nov 3 – Nov 9,75
,,,Nov 10 – Nov 16,77
,,,Nov 17 – Nov 23,73
,,,Nov 24 – Nov 30,86
,,,Dec 1 – Dec 7,73
,,,Dec 8 – Dec 14,82
,,,Dec 15 – Dec 21,71
,,,Dec 22 – Dec 28,80
,No value,2023 – 2024,Dec 31 – Jan 6,10 or fewer
,,2024,Jan 7 – Jan 13,10 or fewer
,,,Jan 14 – Jan 20,10 or fewer
,,,Jan 21 – Jan 27,10 or fewer
,,,Jan 28 – Feb 3,10 or fewer
,,,Feb 4 – Feb 10,10 or fewer
,,,Feb 11 – Feb 17,10 or fewer
,,,Feb 18 – Feb 24,10 or fewer
,,,Feb 25 – Mar 2,10 or fewer
,,,Mar 3 – Mar 9,10 or fewer
,,,Mar 10 – Mar 16,10 or fewer
,,,Mar 17 – Mar 23,10 or fewer
,,,Mar 24 – Mar 30,10 or fewer
,,,Mar 31 – Apr 6,10 or fewer
,,,Apr 7 – Apr 13,10 or fewer
,,,Apr 14 – Apr 20,10 or fewer
,,,Apr 21 – Apr 27,10 or fewer
,,,Apr 28 – May 4,10 or fewer
,,,May 5 – May 11,10 or fewer
,,,May 12 – May 18,10 or fewer
,,,May 19 – May 25,10 or fewer
,,,May 26 – Jun 1,10 or fewer
,,,Jun 2 – Jun 8,10 or fewer
,,,Jun 9 – Jun 15,10 or fewer
,,,Jun 16 – Jun 22,10 or fewer
,,,Jun 23 – Jun 29,10 or fewer
,,,Jun 30 – Jul 6,10 or fewer
,,,Jul 7 – Jul 13,10 or fewer
,,,Jul 14 – Jul 20,10 or fewer
,,,Jul 21 – Jul 27,10 or fewer
,,,Jul 28 – Aug 3,10 or fewer
,,,Aug 4 – Aug 10,10 or fewer
,,,Aug 11 – Aug 17,10 or fewer
,,,Aug 18 – Aug 24,10 or fewer
,,,Aug 25 – Aug 31,10 or fewer
,,,Sep 1 – Sep 7,10 or fewer
,,,Sep 8 – Sep 14,10 or fewer
,,,Sep 15 – Sep 21,10 or fewer
,,,Sep 22 – Sep 28,10 or fewer
,,,Sep 29 – Oct 5,10 or fewer
,,,Oct 6 – Oct 12,10 or fewer
,,,Oct 13 – Oct 19,10 or fewer
,,,Oct 20 – Oct 26,10 or fewer
,,,Oct 27 – Nov 2,10 or fewer
,,,Nov 3 – Nov 9,10 or fewer
,,,Nov 10 – Nov 16,10 or fewer
,,,Nov 17 – Nov 23,10 or fewer
,,,Nov 24 – Nov 30,10 or fewer
,,,Dec 1 – Dec 7,10 or fewer
,,,Dec 8 – Dec 14,10 or fewer
,,,Dec 15 – Dec 21,10 or fewer
,,,Dec 22 – Dec 28,10 or fewer
,Total,2023 – 2024,Dec 31 – Jan 6,561
,,2024,Jan 7 – Jan 13,537
,,,Jan 14 – Jan 20,492
,,,Jan 21 – Jan 27,548
,,,Jan 28 – Feb 3,488
,,,Feb 4 – Feb 10,488
,,,Feb 11 – Feb 17,522
,,,Feb 18 – Feb 24,506
,,,Feb 25 – Mar 2,519
,,,Mar 3 – Mar 9,486
,,,Mar 10 – Mar 16,446
,,,Mar 17 – Mar 23,528
,,,Mar 24 – Mar 30,527
,,,Mar 31 – Apr 6,506
,,,Apr 7 – Apr 13,513
,,,Apr 14 – Apr 20,552
,,,Apr 21 – Apr 27,488
,,,Apr 28 – May 4,483
,,,May 5 – May 11,517
,,,May 12 – May 18,506
,,,May 19 – May 25,518
,,,May 26 – Jun 1,520
,,,Jun 2 – Jun 8,507
,,,Jun 9 – Jun 15,478
,,,Jun 16 – Jun 22,474
,,,Jun 23 – Jun 29,455
,,,Jun 30 – Jul 6,541
,,,Jul 7 – Jul 13,541
,,,Jul 14 – Jul 20,538
,,,Jul 21 – Jul 27,506
,,,Jul 28 – Aug 3,503
,,,Aug 4 – Aug 10,500
,,,Aug 11 – Aug 17,538
,,,Aug 18 – Aug 24,503
,,,Aug 25 – Aug 31,539
,,,Sep 1 – Sep 7,521
,,,Sep 8 – Sep 14,548
,,,Sep 15 – Sep 21,507
,,,Sep 22 – Sep 28,476
,,,Sep 29 – Oct 5,528
,,,Oct 6 – Oct 12,509
,,,Oct 13 – Oct 19,538
,,,Oct 20 – Oct 26,567
,,,Oct 27 – Nov 2,509
,,,Nov 3 – Nov 9,557
,,,Nov 10 – Nov 16,509
,,,Nov 17 – Nov 23,543
,,,Nov 24 – Nov 30,582
,,,Dec 1 – Dec 7,532
,,,Dec 8 – Dec 14,567
,,,Dec 15 – Dec 21,551
,,,Dec 22 – Dec 28,640
Ontario,Less than 1 Years,2023 – 2024,Dec 31 – Jan 6,10 or fewer
,,2024,Jan 7 – Jan 13,10 or fewer
,,,Jan 14 – Jan 20,10 or fewer
,,,Jan 21 – Jan 27,10 or fewer
,,,Jan 28 – Feb 3,10 or fewer
,,,Feb 4 – Feb 10,10 or fewer
,,,Feb 11 – Feb 17,10 or fewer
,,,Feb 18 – Feb 24,10 or fewer
,,,Feb 25 – Mar 2,10 or fewer
,,,Mar 3 – Mar 9,10 or fewer
,,,Mar 10 – Mar 16,10 or fewer
,,,Mar 17 – Mar 23,10 or fewer
,,,Mar 24 – Mar 30,10 or fewer
,,,Mar 31 – Apr 6,10 or fewer
,,,Apr 7 – Apr 13,10 or fewer
,,,Apr 14 – Apr 20,10 or fewer
,,,Apr 21 – Apr 27,10 or fewer
,,,Apr 28 – May 4,10 or fewer
,,,May 5 – May 11,10 or fewer
,,,May 12 – May 18,10 or fewer
,,,May 19 – May 25,10 or fewer
,,,May 26 – Jun 1,10 or fewer
,,,Jun 2 – Jun 8,10 or fewer
,,,Jun 9 – Jun 15,10 or fewer
,,,Jun 16 – Jun 22,10 or fewer
,,,Jun 23 – Jun 29,10 or fewer
,,,Jun 30 – Jul 6,10 or fewer
,,,Jul 7 – Jul 13,10 or fewer
,,,Jul 14 – Jul 20,10 or fewer
,,,Jul 21 – Jul 27,10 or fewer
,,,Jul 28 – Aug 3,10 or fewer
,,,Aug 4 – Aug 10,10 or fewer
,,,Aug 11 – Aug 17,10 or fewer
,,,Aug 18 – Aug 24,10 or fewer
,,,Aug 25 – Aug 31,10 or fewer
,,,Sep 1 – Sep 7,10 or fewer
,,,Sep 8 – Sep 14,10 or fewer
,,,Sep 15 – Sep 21,10 or fewer
,,,Sep 22 – Sep 28,10 or fewer
,,,Sep 29 – Oct 5,10 or fewer
,,,Oct 6 – Oct 12,10 or fewer
,,,Oct 13 – Oct 19,10 or fewer
,,,Oct 20 – Oct 26,10 or fewer
,,,Oct 27 – Nov 2,10 or fewer
,,,Nov 3 – Nov 9,10 or fewer
,,,Nov 10 – Nov 16,10 or fewer
,,,Nov 17 – Nov 23,10 or fewer
,,,Nov 24 – Nov 30,10 or fewer
,,,Dec 1 – Dec 7,10 or fewer
,,,Dec 8 – Dec 14,10 or fewer
,,,Dec 15 – Dec 21,10 or fewer
,,,Dec 22 – Dec 28,10 or fewer
,≥ 1 and < 5 Years,2023 – 2024,Dec 31 – Jan 6,18
,,2024,Jan 7 – Jan 13,10 or fewer
,,,Jan 14 – Jan 20,10 or fewer
,,,Jan 21 – Jan 27,10 or fewer
,,,Jan 28 – Feb 3,10 or fewer
,,,Feb 4 – Feb 10,10 or fewer
,,,Feb 11 – Feb 17,10 or fewer
,,,Feb 18 – Feb 24,10 or fewer
,,,Feb 25 – Mar 2,10 or fewer
,,,Mar 3 – Mar 9,14
,,,Mar 10 – Mar 16,14
,,,Mar 17 – Mar 23,12
,,,Mar 24 – Mar 30,10 or fewer
,,,Mar 31 – Apr 6,10 or fewer
,,,Apr 7 – Apr 13,10 or fewer
,,,Apr 14 – Apr 20,10 or fewer
,,,Apr 21 – Apr 27,10 or fewer
,,,Apr 28 – May 4,10 or fewer
,,,May 5 – May 11,10 or fewer
,,,May 12 – May 18,10 or fewer
,,,May 19 – May 25,10 or fewer
,,,May 26 – Jun 1,10 or fewer
,,,Jun 2 – Jun 8,10 or fewer
,,,Jun 9 – Jun 15,10 or fewer
,,,Jun 16 – Jun 22,10 or fewer
,,,Jun 23 – Jun 29,10 or fewer
,,,Jun 30 – Jul 6,10 or fewer
,,,Jul 7 – Jul 13,10 or fewer
,,,Jul 14 – Jul 20,10 or fewer
,,,Jul 21 – Jul 27,10 or fewer
,,,Jul 28 – Aug 3,10 or fewer
,,,Aug 4 – Aug 10,10 or fewer
,,,Aug 11 – Aug 17,10 or fewer
,,,Aug 18 – Aug 24,10 or fewer
,,,Aug 25 – Aug 31,10 or fewer
,,,Sep 1 – Sep 7,10 or fewer
,,,Sep 8 – Sep 14,10 or fewer
,,,Sep 15 – Sep 21,10 or fewer
,,,Sep 22 – Sep 28,10 or fewer
,,,Sep 29 – Oct 5,10 or fewer
,,,Oct 6 – Oct 12,10 or fewer
,,,Oct 13 – Oct 19,10 or fewer
,,,Oct 20 – Oct 26,10 or fewer
,,,Oct 27 – Nov 2,10 or fewer
,,,Nov 3 – Nov 9,10 or fewer
,,,Nov 10 – Nov 16,10 or fewer
,,,Nov 17 – Nov 23,10 or fewer
,,,Nov 24 – Nov 30,10 or fewer
,,,Dec 1 – Dec 7,10 or fewer
,,,Dec 8 – Dec 14,10 or fewer
,,,Dec 15 – Dec 21,10 or fewer
,,,Dec 22 – Dec 28,19
,≥ 5 and < 18 Years,2023 – 2024,Dec 31 – Jan 6,26
,,2024,Jan 7 – Jan 13,10 or fewer
,,,Jan 14 – Jan 20,10 or fewer
,,,Jan 21 – Jan 27,10 or fewer
,,,Jan 28 – Feb 3,10 or fewer
,,,Feb 4 – Feb 10,10 or fewer
,,,Feb 11 – Feb 17,12
,,,Feb 18 – Feb 24,16
,,,Feb 25 – Mar 2,12
,,,Mar 3 – Mar 9,16
,,,Mar 10 – Mar 16,39
,,,Mar 17 – Mar 23,16
,,,Mar 24 – Mar 30,10 or fewer
,,,Mar 31 – Apr 6,10 or fewer
,,,Apr 7 – Apr 13,10 or fewer
,,,Apr 14 – Apr 20,13
,,,Apr 21 – Apr 27,11
,,,Apr 28 – May 4,13
,,,May 5 – May 11,10 or fewer
,,,May 12 – May 18,10 or fewer
,,,May 19 – May 25,10 or fewer
,,,May 26 – Jun 1,10 or fewer
,,,Jun 2 – Jun 8,10 or fewer
,,,Jun 9 – Jun 15,10 or fewer
,,,Jun 16 – Jun 22,10 or fewer
,,,Jun 23 – Jun 29,10 or fewer
,,,Jun 30 – Jul 6,18
,,,Jul 7 – Jul 13,21
,,,Jul 14 – Jul 20,17
,,,Jul 21 – Jul 27,11
,,,Jul 28 – Aug 3,21
,,,Aug 4 – Aug 10,15
,,,Aug 11 – Aug 17,16
,,,Aug 18 – Aug 24,26
,,,Aug 25 – Aug 31,14
,,,Sep 1 – Sep 7,10 or fewer
,,,Sep 8 – Sep 14,10 or fewer
,,,Sep 15 – Sep 21,10 or fewer
,,,Sep 22 – Sep 28,10 or fewer
,,,Sep 29 – Oct 5,10 or fewer
,,,Oct 6 – Oct 12,10 or fewer
,,,Oct 13 – Oct 19,10 or fewer
,,,Oct 20 – Oct 26,10 or fewer
,,,Oct 27 – Nov 2,10 or fewer
,,,Nov 3 – Nov 9,10 or fewer
,,,Nov 10 – Nov 16,10 or fewer
,,,Nov 17 – Nov 23,10 or fewer
,,,Nov 24 – Nov 30,10 or fewer
,,,Dec 1 – Dec 7,10 or fewer
,,,Dec 8 – Dec 14,10 or fewer
,,,Dec 15 – Dec 21,12
,,,Dec 22 – Dec 28,31
,≥ 18 and < 50 Years,2023 – 2024,Dec 31 – Jan 6,60
,,2024,Jan 7 – Jan 13,30
,,,Jan 14 – Jan 20,25
,,,Jan 21 – Jan 27,26
,,,Jan 28 – Feb 3,23
,,,Feb 4 – Feb 10,36
,,,Feb 11 – Feb 17,36
,,,Feb 18 – Feb 24,30
,,,Feb 25 – Mar 2,43
,,,Mar 3 – Mar 9,49
,,,Mar 10 – Mar 16,48
,,,Mar 17 – Mar 23,33
,,,Mar 24 – Mar 30,38
,,,Mar 31 – Apr 6,32
,,,Apr 7 – Apr 13,29
,,,Apr 14 – Apr 20,27
,,,Apr 21 – Apr 27,25
,,,Apr 28 – May 4,22
,,,May 5 – May 11,32
,,,May 12 – May 18,35
,,,May 19 – May 25,27
,,,May 26 – Jun 1,23
,,,Jun 2 – Jun 8,24
,,,Jun 9 – Jun 15,23
,,,Jun 16 – Jun 22,20
,,,Jun 23 – Jun 29,24
,,,Jun 30 – Jul 6,46
,,,Jul 7 – Jul 13,27
,,,Jul 14 – Jul 20,24
,,,Jul 21 – Jul 27,32
,,,Jul 28 – Aug 3,36
,,,Aug 4 – Aug 10,31
,,,Aug 11 – Aug 17,46
,,,Aug 18 – Aug 24,28
,,,Aug 25 – Aug 31,41
,,,Sep 1 – Sep 7,36
,,,Sep 8 – Sep 14,23
,,,Sep 15 – Sep 21,20
,,,Sep 22 – Sep 28,25
,,,Sep 29 – Oct 5,31
,,,Oct 6 – Oct 12,15
,,,Oct 13 – Oct 19,35
,,,Oct 20 – Oct 26,35
,,,Oct 27 – Nov 2,25
,,,Nov 3 – Nov 9,22
,,,Nov 10 – Nov 16,30
,,,Nov 17 – Nov 23,27
,,,Nov 24 – Nov 30,31
,,,Dec 1 – Dec 7,20
,,,Dec 8 – Dec 14,28
,,,Dec 15 – Dec 21,36
,,,Dec 22 – Dec 28,70
,≥ 50 and < 65 Years,2023 – 2024,Dec 31 – Jan 6,39
,,2024,Jan 7 – Jan 13,40
,,,Jan 14 – Jan 20,22
,,,Jan 21 – Jan 27,36
,,,Jan 28 – Feb 3,29
,,,Feb 4 – Feb 10,35
,,,Feb 11 – Feb 17,28
,,,Feb 18 – Feb 24,44
,,,Feb 25 – Mar 2,38
,,,Mar 3 – Mar 9,31
,,,Mar 10 – Mar 16,36
,,,Mar 17 – Mar 23,30
,,,Mar 24 – Mar 30,33
,,,Mar 31 – Apr 6,23
,,,Apr 7 – Apr 13,24
,,,Apr 14 – Apr 20,14
,,,Apr 21 – Apr 27,21
,,,Apr 28 – May 4,32
,,,May 5 – May 11,15
,,,May 12 – May 18,16
,,,May 19 – May 25,18
,,,May 26 – Jun 1,13
,,,Jun 2 – Jun 8,10 or fewer
,,,Jun 9 – Jun 15,16
,,,Jun 16 – Jun 22,13
,,,Jun 23 – Jun 29,17
,,,Jun 30 – Jul 6,13
,,,Jul 7 – Jul 13,13
,,,Jul 14 – Jul 20,14
,,,Jul 21 – Jul 27,14
,,,Jul 28 – Aug 3,19
,,,Aug 4 – Aug 10,21
,,,Aug 11 – Aug 17,16
,,,Aug 18 – Aug 24,14
,,,Aug 25 – Aug 31,12
,,,Sep 1 – Sep 7,10 or fewer
,,,Sep 8 – Sep 14,18
,,,Sep 15 – Sep 21,10 or fewer
,,,Sep 22 – Sep 28,13
,,,Sep 29 – Oct 5,19
,,,Oct 6 – Oct 12,10 or fewer
,,,Oct 13 – Oct 19,13
,,,Oct 20 – Oct 26,15
,,,Oct 27 – Nov 2,15
,,,Nov 3 – Nov 9,20
,,,Nov 10 – Nov 16,15
,,,Nov 17 – Nov 23,13
,,,Nov 24 – Nov 30,21
,,,Dec 1 – Dec 7,28
,,,Dec 8 – Dec 14,15
,,,Dec 15 – Dec 21,14
,,,Dec 22 – Dec 28,37
,65 Years or more,2023 – 2024,Dec 31 – Jan 6,63
,,2024,Jan 7 – Jan 13,60
,,,Jan 14 – Jan 20,72
,,,Jan 21 – Jan 27,65
,,,Jan 28 – Feb 3,81
,,,Feb 4 – Feb 10,90
,,,Feb 11 – Feb 17,84
,,,Feb 18 – Feb 24,114
,,,Feb 25 – Mar 2,100
,,,Mar 3 – Mar 9,91
,,,Mar 10 – Mar 16,85
,,,Mar 17 – Mar 23,74
,,,Mar 24 – Mar 30,65
,,,Mar 31 – Apr 6,46
,,,Apr 7 – Apr 13,45
,,,Apr 14 – Apr 20,37
,,,Apr 21 – Apr 27,19
,,,Apr 28 – May 4,18
,,,May 5 – May 11,16
,,,May 12 – May 18,14
,,,May 19 – May 25,13
,,,May 26 – Jun 1,10 or fewer
,,,Jun 2 – Jun 8,17
,,,Jun 9 – Jun 15,10 or fewer
,,,Jun 16 – Jun 22,10 or fewer
,,,Jun 23 – Jun 29,10 or fewer
,,,Jun 30 – Jul 6,14
,,,Jul 7 – Jul 13,17
,,,Jul 14 – Jul 20,17
,,,Jul 21 – Jul 27,10 or fewer
,,,Jul 28 – Aug 3,10 or fewer
,,,Aug 4 – Aug 10,11
,,,Aug 11 – Aug 17,11
,,,Aug 18 – Aug 24,13
,,,Aug 25 – Aug 31,15
,,,Sep 1 – Sep 7,10 or fewer
,,,Sep 8 – Sep 14,11
,,,Sep 15 – Sep 21,17
,,,Sep 22 – Sep 28,12
,,,Sep 29 – Oct 5,16
,,,Oct 6 – Oct 12,17
,,,Oct 13 – Oct 19,16
,,,Oct 20 – Oct 26,19
,,,Oct 27 – Nov 2,26
,,,Nov 3 – Nov 9,25
,,,Nov 10 – Nov 16,38
,,,Nov 17 – Nov 23,50
,,,Nov 24 – Nov 30,37
,,,Dec 1 – Dec 7,40
,,,Dec 8 – Dec 14,38
,,,Dec 15 – Dec 21,37
,,,Dec 22 – Dec 28,44
,No value,2023 – 2024,Dec 31 – Jan 6,10 or fewer
,,2024,Jan 7 – Jan 13,10 or fewer
,,,Jan 14 – Jan 20,10 or fewer
,,,Jan 21 – Jan 27,10 or fewer
,,,Jan 28 – Feb 3,10 or fewer
,,,Feb 4 – Feb 10,10 or fewer
,,,Feb 11 – Feb 17,10 or fewer
,,,Feb 18 – Feb 24,10 or fewer
,,,Feb 25 – Mar 2,10 or fewer
,,,Mar 3 – Mar 9,10 or fewer
,,,Mar 10 – Mar 16,10 or fewer
,,,Mar 17 – Mar 23,10 or fewer
,,,Mar 24 – Mar 30,10 or fewer
,,,Mar 31 – Apr 6,10 or fewer
,,,Apr 7 – Apr 13,10 or fewer
,,,Apr 14 – Apr 20,10 or fewer
,,,Apr 21 – Apr 27,10 or fewer
,,,Apr 28 – May 4,10 or fewer
,,,May 5 – May 11,10 or fewer
,,,May 12 – May 18,10 or fewer
,,,May 19 – May 25,10 or fewer
,,,May 26 – Jun 1,10 or fewer
,,,Jun 2 – Jun 8,10 or fewer
,,,Jun 9 – Jun 15,10 or fewer
,,,Jun 16 – Jun 22,10 or fewer
,,,Jun 23 – Jun 29,10 or fewer
,,,Jun 30 – Jul 6,10 or fewer
,,,Jul 7 – Jul 13,10 or fewer
,,,Jul 14 – Jul 20,10 or fewer
,,,Jul 21 – Jul 27,10 or fewer
,,,Jul 28 – Aug 3,10 or fewer
,,,Aug 4 – Aug 10,10 or fewer
,,,Aug 11 – Aug 17,10 or fewer
,,,Aug 18 – Aug 24,10 or fewer
,,,Aug 25 – Aug 31,10 or fewer
,,,Sep 1 – Sep 7,10 or fewer
,,,Sep 8 – Sep 14,10 or fewer
,,,Sep 15 – Sep 21,10 or fewer
,,,Sep 22 – Sep 28,10 or fewer
,,,Sep 29 – Oct 5,10 or fewer
,,,Oct 6 – Oct 12,10 or fewer
,,,Oct 13 – Oct 19,10 or fewer
,,,Oct 20 – Oct 26,10 or fewer
,,,Oct 27 – Nov 2,10 or fewer
,,,Nov 3 – Nov 9,10 or fewer
,,,Nov 10 – Nov 16,10 or fewer
,,,Nov 17 – Nov 23,10 or fewer
,,,Nov 24 – Nov 30,10 or fewer
,,,Dec 1 – Dec 7,10 or fewer
,,,Dec 8 – Dec 14,10 or fewer
,,,Dec 15 – Dec 21,10 or fewer
,,,Dec 22 – Dec 28,10 or fewer
,Total,2023 – 2024,Dec 31 – Jan 6,210
,,2024,Jan 7 – Jan 13,148
,,,Jan 14 – Jan 20,127
,,,Jan 21 – Jan 27,137
,,,Jan 28 – Feb 3,146
,,,Feb 4 – Feb 10,181
,,,Feb 11 – Feb 17,172
,,,Feb 18 – Feb 24,216
,,,Feb 25 – Mar 2,204
,,,Mar 3 – Mar 9,206
,,,Mar 10 – Mar 16,230
,,,Mar 17 – Mar 23,167
,,,Mar 24 – Mar 30,153
,,,Mar 31 – Apr 6,113
,,,Apr 7 – Apr 13,114
,,,Apr 14 – Apr 20,96
,,,Apr 21 – Apr 27,81
,,,Apr 28 – May 4,88
,,,May 5 – May 11,80
,,,May 12 – May 18,74
,,,May 19 – May 25,71
,,,May 26 – Jun 1,58
,,,Jun 2 – Jun 8,58
,,,Jun 9 – Jun 15,56
,,,Jun 16 – Jun 22,52
,,,Jun 23 – Jun 29,61
,,,Jun 30 – Jul 6,96
,,,Jul 7 – Jul 13,81
,,,Jul 14 – Jul 20,76
,,,Jul 21 – Jul 27,72
,,,Jul 28 – Aug 3,93
,,,Aug 4 – Aug 10,85
,,,Aug 11 – Aug 17,97
,,,Aug 18 – Aug 24,83
,,,Aug 25 – Aug 31,95
,,,Sep 1 – Sep 7,64
,,,Sep 8 – Sep 14,57
,,,Sep 15 – Sep 21,55
,,,Sep 22 – Sep 28,61
,,,Sep 29 – Oct 5,67
,,,Oct 6 – Oct 12,50
,,,Oct 13 – Oct 19,77
,,,Oct 20 – Oct 26,75
,,,Oct 27 – Nov 2,77
,,,Nov 3 – Nov 9,79
,,,Nov 10 – Nov 16,90
,,,Nov 17 – Nov 23,107
,,,Nov 24 – Nov 30,111
,,,Dec 1 – Dec 7,97
,,,Dec 8 – Dec 14,91
,,,Dec 15 – Dec 21,107
,,,Dec 22 – Dec 28,205
Puerto Rico,Less than 1 Years,2023 – 2024,Dec 31 – Jan 6,10 or fewer
,,2024,Jan 7 – Jan 13,10 or fewer
,,,Jan 14 – Jan 20,10 or fewer
,,,Jan 21 – Jan 27,10 or fewer
,,,Jan 28 – Feb 3,10 or fewer
,,,Feb 4 – Feb 10,10 or fewer
,,,Feb 11 – Feb 17,10 or fewer
,,,Feb 18 – Feb 24,10 or fewer
,,,Feb 25 – Mar 2,10 or fewer
,,,Mar 3 – Mar 9,10 or fewer
,,,Mar 10 – Mar 16,10 or fewer
,,,Mar 17 – Mar 23,10 or fewer
,,,Mar 24 – Mar 30,10 or fewer
,,,Mar 31 – Apr 6,10 or fewer
,,,Apr 7 – Apr 13,10 or fewer
,,,Apr 14 – Apr 20,10 or fewer
,,,Apr 21 – Apr 27,10 or fewer
,,,Apr 28 – May 4,10 or fewer
,,,May 5 – May 11,10 or fewer
,,,May 12 – May 18,10 or fewer
,,,May 19 – May 25,10 or fewer
,,,May 26 – Jun 1,10 or fewer
,,,Jun 2 – Jun 8,10 or fewer
,,,Jun 9 – Jun 15,10 or fewer
,,,Jun 16 – Jun 22,10 or fewer
,,,Jun 23 – Jun 29,10 or fewer
,,,Jun 30 – Jul 6,10 or fewer
,,,Jul 7 – Jul 13,10 or fewer
,,,Jul 14 – Jul 20,10 or fewer
,,,Jul 21 – Jul 27,10 or fewer
,,,Jul 28 – Aug 3,10 or fewer
,,,Aug 4 – Aug 10,10 or fewer
,,,Aug 11 – Aug 17,10 or fewer
,,,Aug 18 – Aug 24,10 or fewer
,,,Aug 25 – Aug 31,10 or fewer
,,,Sep 1 – Sep 7,10 or fewer
,,,Sep 8 – Sep 14,10 or fewer
,,,Sep 15 – Sep 21,10 or fewer
,,,Sep 22 – Sep 28,10 or fewer
,,,Sep 29 – Oct 5,10 or fewer
,,,Oct 6 – Oct 12,10 or fewer
,,,Oct 13 – Oct 19,10 or fewer
,,,Oct 20 – Oct 26,10 or fewer
,,,Oct 27 – Nov 2,10 or fewer
,,,Nov 3 – Nov 9,10 or fewer
,,,Nov 10 – Nov 16,10 or fewer
,,,Nov 17 – Nov 23,10 or fewer
,,,Nov 24 – Nov 30,10 or fewer
,,,Dec 1 – Dec 7,10 or fewer
,,,Dec 8 – Dec 14,10 or fewer
,,,Dec 15 – Dec 21,10 or fewer
,,,Dec 22 – Dec 28,10 or fewer
,≥ 1 and < 5 Years,2023 – 2024,Dec 31 – Jan 6,10 or fewer
,,2024,Jan 7 – Jan 13,10 or fewer
,,,Jan 14 – Jan 20,10 or fewer
,,,Jan 21 – Jan 27,10 or fewer
,,,Jan 28 – Feb 3,10 or fewer
,,,Feb 4 – Feb 10,10 or fewer
,,,Feb 11 – Feb 17,10 or fewer
,,,Feb 18 – Feb 24,10 or fewer
,,,Feb 25 – Mar 2,10 or fewer
,,,Mar 3 – Mar 9,10 or fewer
,,,Mar 10 – Mar 16,10 or fewer
,,,Mar 17 – Mar 23,10 or fewer
,,,Mar 24 – Mar 30,10 or fewer
,,,Mar 31 – Apr 6,10 or fewer
,,,Apr 7 – Apr 13,10 or fewer
,,,Apr 14 – Apr 20,10 or fewer
,,,Apr 21 – Apr 27,10 or fewer
,,,Apr 28 – May 4,10 or fewer
,,,May 5 – May 11,10 or fewer
,,,May 12 – May 18,10 or fewer
,,,May 19 – May 25,10 or fewer
,,,May 26 – Jun 1,10 or fewer
,,,Jun 2 – Jun 8,10 or fewer
,,,Jun 9 – Jun 15,10 or fewer
,,,Jun 16 – Jun 22,10 or fewer
,,,Jun 23 – Jun 29,10 or fewer
,,,Jun 30 – Jul 6,10 or fewer
,,,Jul 7 – Jul 13,10 or fewer
,,,Jul 14 – Jul 20,10 or fewer
,,,Jul 21 – Jul 27,10 or fewer
,,,Jul 28 – Aug 3,10 or fewer
,,,Aug 4 – Aug 10,10 or fewer
,,,Aug 11 – Aug 17,10 or fewer
,,,Aug 18 – Aug 24,10 or fewer
,,,Aug 25 – Aug 31,10 or fewer
,,,Sep 1 – Sep 7,10 or fewer
,,,Sep 8 – Sep 14,10 or fewer
,,,Sep 15 – Sep 21,10 or fewer
,,,Sep 22 – Sep 28,10 or fewer
,,,Sep 29 – Oct 5,10 or fewer
,,,Oct 6 – Oct 12,10 or fewer
,,,Oct 13 – Oct 19,10 or fewer
,,,Oct 20 – Oct 26,10 or fewer
,,,Oct 27 – Nov 2,10 or fewer
,,,Nov 3 – Nov 9,10 or fewer
,,,Nov 10 – Nov 16,10 or fewer
,,,Nov 17 – Nov 23,10 or fewer
,,,Nov 24 – Nov 30,10 or fewer
,,,Dec 1 – Dec 7,10 or fewer
,,,Dec 8 – Dec 14,10 or fewer
,,,Dec 15 – Dec 21,10 or fewer
,,,Dec 22 – Dec 28,11
,≥ 5 and < 18 Years,2023 – 2024,Dec 31 – Jan 6,12
,,2024,Jan 7 – Jan 13,10 or fewer
,,,Jan 14 – Jan 20,10 or fewer
,,,Jan 21 – Jan 27,10 or fewer
,,,Jan 28 – Feb 3,10 or fewer
,,,Feb 4 – Feb 10,10 or fewer
,,,Feb 11 – Feb 17,10 or fewer
,,,Feb 18 – Feb 24,10 or fewer
,,,Feb 25 – Mar 2,10 or fewer
,,,Mar 3 – Mar 9,10 or fewer
,,,Mar 10 – Mar 16,10 or fewer
,,,Mar 17 – Mar 23,10 or fewer
,,,Mar 24 – Mar 30,10 or fewer
,,,Mar 31 – Apr 6,10 or fewer
,,,Apr 7 – Apr 13,10 or fewer
,,,Apr 14 – Apr 20,10 or fewer
,,,Apr 21 – Apr 27,10 or fewer
,,,Apr 28 – May 4,10 or fewer
,,,May 5 – May 11,10 or fewer
,,,May 12 – May 18,10 or fewer
,,,May 19 – May 25,12
,,,May 26 – Jun 1,10 or fewer
,,,Jun 2 – Jun 8,10 or fewer
,,,Jun 9 – Jun 15,11
,,,Jun 16 – Jun 22,14
,,,Jun 23 – Jun 29,10 or fewer
,,,Jun 30 – Jul 6,11
,,,Jul 7 – Jul 13,14
,,,Jul 14 – Jul 20,10 or fewer
,,,Jul 21 – Jul 27,12
,,,Jul 28 – Aug 3,10 or fewer
,,,Aug 4 – Aug 10,10 or fewer
,,,Aug 11 – Aug 17,10 or fewer
,,,Aug 18 – Aug 24,10 or fewer
,,,Aug 25 – Aug 31,10 or fewer
,,,Sep 1 – Sep 7,10 or fewer
,,,Sep 8 – Sep 14,10 or fewer
,,,Sep 15 – Sep 21,10 or fewer
,,,Sep 22 – Sep 28,10 or fewer
,,,Sep 29 – Oct 5,10 or fewer
,,,Oct 6 – Oct 12,10 or fewer
,,,Oct 13 – Oct 19,10 or fewer
,,,Oct 20 – Oct 26,10 or fewer
,,,Oct 27 – Nov 2,10 or fewer
,,,Nov 3 – Nov 9,10 or fewer
,,,Nov 10 – Nov 16,10 or fewer
,,,Nov 17 – Nov 23,10 or fewer
,,,Nov 24 – Nov 30,13
,,,Dec 1 – Dec 7,10 or fewer
,,,Dec 8 – Dec 14,10 or fewer
,,,Dec 15 – Dec 21,10 or fewer
,,,Dec 22 – Dec 28,23
,≥ 18 and < 50 Years,2023 – 2024,Dec 31 – Jan 6,31
,,2024,Jan 7 – Jan 13,27
,,,Jan 14 – Jan 20,15
,,,Jan 21 – Jan 27,24
,,,Jan 28 – Feb 3,24
,,,Feb 4 – Feb 10,26
,,,Feb 11 – Feb 17,19
,,,Feb 18 – Feb 24,32
,,,Feb 25 – Mar 2,31
,,,Mar 3 – Mar 9,19
,,,Mar 10 – Mar 16,33
,,,Mar 17 – Mar 23,17
,,,Mar 24 – Mar 30,36
,,,Mar 31 – Apr 6,24
,,,Apr 7 – Apr 13,22
,,,Apr 14 – Apr 20,28
,,,Apr 21 – Apr 27,17
,,,Apr 28 – May 4,26
,,,May 5 – May 11,25
,,,May 12 – May 18,22
,,,May 19 – May 25,27
,,,May 26 – Jun 1,27
,,,Jun 2 – Jun 8,42
,,,Jun 9 – Jun 15,28
,,,Jun 16 – Jun 22,34
,,,Jun 23 – Jun 29,37
,,,Jun 30 – Jul 6,43
,,,Jul 7 – Jul 13,30
,,,Jul 14 – Jul 20,42
,,,Jul 21 – Jul 27,37
,,,Jul 28 – Aug 3,31
,,,Aug 4 – Aug 10,23
,,,Aug 11 – Aug 17,20
,,,Aug 18 – Aug 24,18
,,,Aug 25 – Aug 31,17
,,,Sep 1 – Sep 7,28
,,,Sep 8 – Sep 14,23
,,,Sep 15 – Sep 21,25
,,,Sep 22 – Sep 28,24
,,,Sep 29 – Oct 5,23
,,,Oct 6 – Oct 12,18
,,,Oct 13 – Oct 19,17
,,,Oct 20 – Oct 26,27
,,,Oct 27 – Nov 2,17
,,,Nov 3 – Nov 9,33
,,,Nov 10 – Nov 16,22
,,,Nov 17 – Nov 23,24
,,,Nov 24 – Nov 30,42
,,,Dec 1 – Dec 7,24
,,,Dec 8 – Dec 14,35
,,,Dec 15 – Dec 21,39
,,,Dec 22 – Dec 28,42
,≥ 50 and < 65 Years,2023 – 2024,Dec 31 – Jan 6,31
,,2024,Jan 7 – Jan 13,17
,,,Jan 14 – Jan 20,10 or fewer
,,,Jan 21 – Jan 27,10 or fewer
,,,Jan 28 – Feb 3,11
,,,Feb 4 – Feb 10,15
,,,Feb 11 – Feb 17,15
,,,Feb 18 – Feb 24,12
,,,Feb 25 – Mar 2,11
,,,Mar 3 – Mar 9,10 or fewer
,,,Mar 10 – Mar 16,11
,,,Mar 17 – Mar 23,10 or fewer
,,,Mar 24 – Mar 30,16
,,,Mar 31 – Apr 6,18
,,,Apr 7 – Apr 13,10 or fewer
,,,Apr 14 – Apr 20,21
,,,Apr 21 – Apr 27,23
,,,Apr 28 – May 4,14
,,,May 5 – May 11,17
,,,May 12 – May 18,22
,,,May 19 – May 25,11
,,,May 26 – Jun 1,11
,,,Jun 2 – Jun 8,19
,,,Jun 9 – Jun 15,15
,,,Jun 16 – Jun 22,21
,,,Jun 23 – Jun 29,11
,,,Jun 30 – Jul 6,24
,,,Jul 7 – Jul 13,15
,,,Jul 14 – Jul 20,28
,,,Jul 21 – Jul 27,17
,,,Jul 28 – Aug 3,25
,,,Aug 4 – Aug 10,16
,,,Aug 11 – Aug 17,11
,,,Aug 18 – Aug 24,10 or fewer
,,,Aug 25 – Aug 31,11
,,,Sep 1 – Sep 7,14
,,,Sep 8 – Sep 14,10 or fewer
,,,Sep 15 – Sep 21,10 or fewer
,,,Sep 22 – Sep 28,10 or fewer
,,,Sep 29 – Oct 5,13
,,,Oct 6 – Oct 12,12
,,,Oct 13 – Oct 19,10 or fewer
,,,Oct 20 – Oct 26,20
,,,Oct 27 – Nov 2,14
,,,Nov 3 – Nov 9,14
,,,Nov 10 – Nov 16,21
,,,Nov 17 – Nov 23,15
,,,Nov 24 – Nov 30,25
,,,Dec 1 – Dec 7,14
,,,Dec 8 – Dec 14,12
,,,Dec 15 – Dec 21,13
,,,Dec 22 – Dec 28,37
,65 Years or more,2023 – 2024,Dec 31 – Jan 6,60
,,2024,Jan 7 – Jan 13,35
,,,Jan 14 – Jan 20,21
,,,Jan 21 – Jan 27,18
,,,Jan 28 – Feb 3,27
,,,Feb 4 – Feb 10,10 or fewer
,,,Feb 11 – Feb 17,15
,,,Feb 18 – Feb 24,18
,,,Feb 25 – Mar 2,20
,,,Mar 3 – Mar 9,27
,,,Mar 10 – Mar 16,20
,,,Mar 17 – Mar 23,24
,,,Mar 24 – Mar 30,26
,,,Mar 31 – Apr 6,24
,,,Apr 7 – Apr 13,24
,,,Apr 14 – Apr 20,29
,,,Apr 21 – Apr 27,25
,,,Apr 28 – May 4,29
,,,May 5 – May 11,33
,,,May 12 – May 18,37
,,,May 19 – May 25,39
,,,May 26 – Jun 1,46
,,,Jun 2 – Jun 8,38
,,,Jun 9 – Jun 15,48
,,,Jun 16 – Jun 22,43
,,,Jun 23 – Jun 29,33
,,,Jun 30 – Jul 6,34
,,,Jul 7 – Jul 13,45
,,,Jul 14 – Jul 20,44
,,,Jul 21 – Jul 27,30
,,,Jul 28 – Aug 3,53
,,,Aug 4 – Aug 10,32
,,,Aug 11 – Aug 17,22
,,,Aug 18 – Aug 24,31
,,,Aug 25 – Aug 31,26
,,,Sep 1 – Sep 7,33
,,,Sep 8 – Sep 14,30
,,,Sep 15 – Sep 21,18
,,,Sep 22 – Sep 28,22
,,,Sep 29 – Oct 5,10 or fewer
,,,Oct 6 – Oct 12,26
,,,Oct 13 – Oct 19,20
,,,Oct 20 – Oct 26,25
,,,Oct 27 – Nov 2,25
,,,Nov 3 – Nov 9,21
,,,Nov 10 – Nov 16,26
,,,Nov 17 – Nov 23,18
,,,Nov 24 – Nov 30,46
,,,Dec 1 – Dec 7,34
,,,Dec 8 – Dec 14,36
,,,Dec 15 – Dec 21,34
,,,Dec 22 – Dec 28,62
,No value,2023 – 2024,Dec 31 – Jan 6,10 or fewer
,,2024,Jan 7 – Jan 13,10 or fewer
,,,Jan 14 – Jan 20,10 or fewer
,,,Jan 21 – Jan 27,10 or fewer
,,,Jan 28 – Feb 3,10 or fewer
,,,Feb 4 – Feb 10,10 or fewer
,,,Feb 11 – Feb 17,10 or fewer
,,,Feb 18 – Feb 24,10 or fewer
,,,Feb 25 – Mar 2,10 or fewer
,,,Mar 3 – Mar 9,10 or fewer
,,,Mar 10 – Mar 16,10 or fewer
,,,Mar 17 – Mar 23,10 or fewer
,,,Mar 24 – Mar 30,10 or fewer
,,,Mar 31 – Apr 6,10 or fewer
,,,Apr 7 – Apr 13,10 or fewer
,,,Apr 14 – Apr 20,10 or fewer
,,,Apr 21 – Apr 27,10 or fewer
,,,Apr 28 – May 4,10 or fewer
,,,May 5 – May 11,10 or fewer
,,,May 12 – May 18,10 or fewer
,,,May 19 – May 25,10 or fewer
,,,May 26 – Jun 1,10 or fewer
,,,Jun 2 – Jun 8,10 or fewer
,,,Jun 9 – Jun 15,10 or fewer
,,,Jun 16 – Jun 22,10 or fewer
,,,Jun 23 – Jun 29,10 or fewer
,,,Jun 30 – Jul 6,10 or fewer
,,,Jul 7 – Jul 13,10 or fewer
,,,Jul 14 – Jul 20,10 or fewer
,,,Jul 21 – Jul 27,10 or fewer
,,,Jul 28 – Aug 3,10 or fewer
,,,Aug 4 – Aug 10,10 or fewer
,,,Aug 11 – Aug 17,10 or fewer
,,,Aug 18 – Aug 24,10 or fewer
,,,Aug 25 – Aug 31,10 or fewer
,,,Sep 1 – Sep 7,10 or fewer
,,,Sep 8 – Sep 14,10 or fewer
,,,Sep 15 – Sep 21,10 or fewer
,,,Sep 22 – Sep 28,10 or fewer
,,,Sep 29 – Oct 5,10 or fewer
,,,Oct 6 – Oct 12,10 or fewer
,,,Oct 13 – Oct 19,10 or fewer
,,,Oct 20 – Oct 26,10 or fewer
,,,Oct 27 – Nov 2,10 or fewer
,,,Nov 3 – Nov 9,10 or fewer
,,,Nov 10 – Nov 16,10 or fewer
,,,Nov 17 – Nov 23,10 or fewer
,,,Nov 24 – Nov 30,10 or fewer
,,,Dec 1 – Dec 7,10 or fewer
,,,Dec 8 – Dec 14,10 or fewer
,,,Dec 15 – Dec 21,10 or fewer
,,,Dec 22 – Dec 28,10 or fewer
,Total,2023 – 2024,Dec 31 – Jan 6,144
,,2024,Jan 7 – Jan 13,88
,,,Jan 14 – Jan 20,53
,,,Jan 21 – Jan 27,61
,,,Jan 28 – Feb 3,64
,,,Feb 4 – Feb 10,56
,,,Feb 11 – Feb 17,57
,,,Feb 18 – Feb 24,73
,,,Feb 25 – Mar 2,73
,,,Mar 3 – Mar 9,61
,,,Mar 10 – Mar 16,68
,,,Mar 17 – Mar 23,59
,,,Mar 24 – Mar 30,87
,,,Mar 31 – Apr 6,73
,,,Apr 7 – Apr 13,59
,,,Apr 14 – Apr 20,85
,,,Apr 21 – Apr 27,73
,,,Apr 28 – May 4,77
,,,May 5 – May 11,81
,,,May 12 – May 18,89
,,,May 19 – May 25,96
,,,May 26 – Jun 1,100
,,,Jun 2 – Jun 8,113
,,,Jun 9 – Jun 15,105
,,,Jun 16 – Jun 22,122
,,,Jun 23 – Jun 29,94
,,,Jun 30 – Jul 6,117
,,,Jul 7 – Jul 13,106
,,,Jul 14 – Jul 20,126
,,,Jul 21 – Jul 27,102
,,,Jul 28 – Aug 3,122
,,,Aug 4 – Aug 10,78
,,,Aug 11 – Aug 17,62
,,,Aug 18 – Aug 24,64
,,,Aug 25 – Aug 31,62
,,,Sep 1 – Sep 7,86
,,,Sep 8 – Sep 14,70
,,,Sep 15 – Sep 21,58
,,,Sep 22 – Sep 28,60
,,,Sep 29 – Oct 5,54
,,,Oct 6 – Oct 12,61
,,,Oct 13 – Oct 19,51
,,,Oct 20 – Oct 26,75
,,,Oct 27 – Nov 2,63
,,,Nov 3 – Nov 9,74
,,,Nov 10 – Nov 16,77
,,,Nov 17 – Nov 23,66
,,,Nov 24 – Nov 30,134
,,,Dec 1 – Dec 7,79
,,,Dec 8 – Dec 14,88
,,,Dec 15 – Dec 21,99
,,,Dec 22 – Dec 28,178
Alaska,Less than 1 Years,2023 – 2024,Dec 31 – Jan 6,10 or fewer
,,2024,Jan 7 – Jan 13,10 or fewer
,,,Jan 14 – Jan 20,10 or fewer
,,,Jan 21 – Jan 27,10 or fewer
,,,Jan 28 – Feb 3,10 or fewer
,,,Feb 4 – Feb 10,10 or fewer
,,,Feb 11 – Feb 17,10 or fewer
,,,Feb 18 – Feb 24,10 or fewer
,,,Feb 25 – Mar 2,10 or fewer
,,,Mar 3 – Mar 9,10 or fewer
,,,Mar 10 – Mar 16,10 or fewer
,,,Mar 17 – Mar 23,10 or fewer
,,,Mar 24 – Mar 30,10 or fewer
,,,Mar 31 – Apr 6,10 or fewer
,,,Apr 7 – Apr 13,10 or fewer
,,,Apr 14 – Apr 20,10 or fewer
,,,Apr 21 – Apr 27,10 or fewer
,,,Apr 28 – May 4,10 or fewer
,,,May 5 – May 11,10 or fewer
,,,May 12 – May 18,10 or fewer
,,,May 19 – May 25,10 or fewer
,,,May 26 – Jun 1,10 or fewer
,,,Jun 2 – Jun 8,10 or fewer
,,,Jun 9 – Jun 15,10 or fewer
,,,Jun 16 – Jun 22,10 or fewer
,,,Jun 23 – Jun 29,10 or fewer
,,,Jun 30 – Jul 6,10 or fewer
,,,Jul 7 – Jul 13,10 or fewer
,,,Jul 14 – Jul 20,10 or fewer
,,,Jul 21 – Jul 27,10 or fewer
,,,Jul 28 – Aug 3,10 or fewer
,,,Aug 4 – Aug 10,10 or fewer
,,,Aug 11 – Aug 17,10 or fewer
,,,Aug 18 – Aug 24,10 or fewer
,,,Aug 25 – Aug 31,10 or fewer
,,,Sep 1 – Sep 7,10 or fewer
,,,Sep 8 – Sep 14,10 or fewer
,,,Sep 15 – Sep 21,10 or fewer
,,,Sep 22 – Sep 28,10 or fewer
,,,Sep 29 – Oct 5,10 or fewer
,,,Oct 6 – Oct 12,10 or fewer
,,,Oct 13 – Oct 19,10 or fewer
,,,Oct 20 – Oct 26,10 or fewer
,,,Oct 27 – Nov 2,10 or fewer
,,,Nov 3 – Nov 9,10 or fewer
,,,Nov 10 – Nov 16,10 or fewer
,,,Nov 17 – Nov 23,10 or fewer
,,,Nov 24 – Nov 30,10 or fewer
,,,Dec 1 – Dec 7,10 or fewer
,,,Dec 8 – Dec 14,10 or fewer
,,,Dec 15 – Dec 21,10 or fewer
,,,Dec 22 – Dec 28,10 or fewer
,≥ 1 and < 5 Years,2023 – 2024,Dec 31 – Jan 6,10 or fewer
,,2024,Jan 7 – Jan 13,10 or fewer
,,,Jan 14 – Jan 20,10 or fewer
,,,Jan 21 – Jan 27,10 or fewer
,,,Jan 28 – Feb 3,10 or fewer
,,,Feb 4 – Feb 10,10 or fewer
,,,Feb 11 – Feb 17,10 or fewer
,,,Feb 18 – Feb 24,10 or fewer
,,,Feb 25 – Mar 2,10 or fewer
,,,Mar 3 – Mar 9,10 or fewer
,,,Mar 10 – Mar 16,10 or fewer
,,,Mar 17 – Mar 23,10 or fewer
,,,Mar 24 – Mar 30,10 or fewer
,,,Mar 31 – Apr 6,10 or fewer
,,,Apr 7 – Apr 13,10 or fewer
,,,Apr 14 – Apr 20,10 or fewer
,,,Apr 21 – Apr 27,10 or fewer
,,,Apr 28 – May 4,10 or fewer
,,,May 5 – May 11,10 or fewer
,,,May 12 – May 18,10 or fewer
,,,May 19 – May 25,10 or fewer
,,,May 26 – Jun 1,10 or fewer
,,,Jun 2 – Jun 8,10 or fewer
,,,Jun 9 – Jun 15,10 or fewer
,,,Jun 16 – Jun 22,10 or fewer
,,,Jun 23 – Jun 29,10 or fewer
,,,Jun 30 – Jul 6,10 or fewer
,,,Jul 7 – Jul 13,10 or fewer
,,,Jul 14 – Jul 20,10 or fewer
,,,Jul 21 – Jul 27,10 or fewer
,,,Jul 28 – Aug 3,10 or fewer
,,,Aug 4 – Aug 10,10 or fewer
,,,Aug 11 – Aug 17,10 or fewer
,,,Aug 18 – Aug 24,10 or fewer
,,,Aug 25 – Aug 31,10 or fewer
,,,Sep 1 – Sep 7,10 or fewer
,,,Sep 8 – Sep 14,10 or fewer
,,,Sep 15 – Sep 21,10 or fewer
,,,Sep 22 – Sep 28,10 or fewer
,,,Sep 29 – Oct 5,10 or fewer
,,,Oct 6 – Oct 12,10 or fewer
,,,Oct 13 – Oct 19,10 or fewer
,,,Oct 20 – Oct 26,10 or fewer
,,,Oct 27 – Nov 2,10 or fewer
,,,Nov 3 – Nov 9,10 or fewer
,,,Nov 10 – Nov 16,10 or fewer
,,,Nov 17 – Nov 23,10 or fewer
,,,Nov 24 – Nov 30,10 or fewer
,,,Dec 1 – Dec 7,10 or fewer
,,,Dec 8 – Dec 14,10 or fewer
,,,Dec 15 – Dec 21,10 or fewer
,,,Dec 22 – Dec 28,10 or fewer
,≥ 5 and < 18 Years,2023 – 2024,Dec 31 – Jan 6,10 or fewer
,,2024,Jan 7 – Jan 13,10 or fewer
,,,Jan 14 – Jan 20,10 or fewer
,,,Jan 21 – Jan 27,10 or fewer
,,,Jan 28 – Feb 3,10 or fewer
,,,Feb 4 – Feb 10,10 or fewer
,,,Feb 11 – Feb 17,10 or fewer
,,,Feb 18 – Feb 24,10 or fewer
,,,Feb 25 – Mar 2,10 or fewer
,,,Mar 3 – Mar 9,10 or fewer
,,,Mar 10 – Mar 16,10 or fewer
,,,Mar 17 – Mar 23,10 or fewer
,,,Mar 24 – Mar 30,10 or fewer
,,,Mar 31 – Apr 6,10 or fewer
,,,Apr 7 – Apr 13,10 or fewer
,,,Apr 14 – Apr 20,10 or fewer
,,,Apr 21 – Apr 27,10 or fewer
,,,Apr 28 – May 4,10 or fewer
,,,May 5 – May 11,10 or fewer
,,,May 12 – May 18,10 or fewer
,,,May 19 – May 25,10 or fewer
,,,May 26 – Jun 1,10 or fewer
,,,Jun 2 – Jun 8,10 or fewer
,,,Jun 9 – Jun 15,10 or fewer
,,,Jun 16 – Jun 22,10 or fewer
,,,Jun 23 – Jun 29,10 or fewer
,,,Jun 30 – Jul 6,10 or fewer
,,,Jul 7 – Jul 13,10 or fewer
,,,Jul 14 – Jul 20,10 or fewer
,,,Jul 21 – Jul 27,10 or fewer
,,,Jul 28 – Aug 3,10 or fewer
,,,Aug 4 – Aug 10,10 or fewer
,,,Aug 11 – Aug 17,10 or fewer
,,,Aug 18 – Aug 24,10 or fewer
,,,Aug 25 – Aug 31,10 or fewer
,,,Sep 1 – Sep 7,10 or fewer
,,,Sep 8 – Sep 14,10 or fewer
,,,Sep 15 – Sep 21,10 or fewer
,,,Sep 22 – Sep 28,10 or fewer
,,,Sep 29 – Oct 5,10 or fewer
,,,Oct 6 – Oct 12,10 or fewer
,,,Oct 13 – Oct 19,10 or fewer
,,,Oct 20 – Oct 26,10 or fewer
,,,Oct 27 – Nov 2,10 or fewer
,,,Nov 3 – Nov 9,10 or fewer
,,,Nov 10 – Nov 16,10 or fewer
,,,Nov 17 – Nov 23,10 or fewer
,,,Nov 24 – Nov 30,10 or fewer
,,,Dec 1 – Dec 7,10 or fewer
,,,Dec 8 – Dec 14,10 or fewer
,,,Dec 15 – Dec 21,10 or fewer
,,,Dec 22 – Dec 28,10 or fewer
,≥ 18 and < 50 Years,2023 – 2024,Dec 31 – Jan 6,28
,,2024,Jan 7 – Jan 13,12
,,,Jan 14 – Jan 20,16
,,,Jan 21 – Jan 27,18
,,,Jan 28 – Feb 3,17
,,,Feb 4 – Feb 10,15
,,,Feb 11 – Feb 17,25
,,,Feb 18 – Feb 24,33
,,,Feb 25 – Mar 2,23
,,,Mar 3 – Mar 9,22
,,,Mar 10 – Mar 16,22
,,,Mar 17 – Mar 23,22
,,,Mar 24 – Mar 30,20
,,,Mar 31 – Apr 6,31
,,,Apr 7 – Apr 13,27
,,,Apr 14 – Apr 20,19
,,,Apr 21 – Apr 27,22
,,,Apr 28 – May 4,19
,,,May 5 – May 11,19
,,,May 12 – May 18,21
,,,May 19 – May 25,18
,,,May 26 – Jun 1,15
,,,Jun 2 – Jun 8,25
,,,Jun 9 – Jun 15,21
,,,Jun 16 – Jun 22,32
,,,Jun 23 – Jun 29,17
,,,Jun 30 – Jul 6,19
,,,Jul 7 – Jul 13,28
,,,Jul 14 – Jul 20,22
,,,Jul 21 – Jul 27,12
,,,Jul 28 – Aug 3,19
,,,Aug 4 – Aug 10,18
,,,Aug 11 – Aug 17,12
,,,Aug 18 – Aug 24,21
,,,Aug 25 – Aug 31,16
,,,Sep 1 – Sep 7,19
,,,Sep 8 – Sep 14,23
,,,Sep 15 – Sep 21,28
,,,Sep 22 – Sep 28,28
,,,Sep 29 – Oct 5,15
,,,Oct 6 – Oct 12,21
,,,Oct 13 – Oct 19,16
,,,Oct 20 – Oct 26,17
,,,Oct 27 – Nov 2,12
,,,Nov 3 – Nov 9,29
,,,Nov 10 – Nov 16,26
,,,Nov 17 – Nov 23,32
,,,Nov 24 – Nov 30,16
,,,Dec 1 – Dec 7,22
,,,Dec 8 – Dec 14,22
,,,Dec 15 – Dec 21,28
,,,Dec 22 – Dec 28,34
,≥ 50 and < 65 Years,2023 – 2024,Dec 31 – Jan 6,19
,,2024,Jan 7 – Jan 13,12
,,,Jan 14 – Jan 20,12
,,,Jan 21 – Jan 27,10 or fewer
,,,Jan 28 – Feb 3,17
,,,Feb 4 – Feb 10,12
,,,Feb 11 – Feb 17,14
,,,Feb 18 – Feb 24,15
,,,Feb 25 – Mar 2,10 or fewer
,,,Mar 3 – Mar 9,11
,,,Mar 10 – Mar 16,10 or fewer
,,,Mar 17 – Mar 23,15
,,,Mar 24 – Mar 30,10 or fewer
,,,Mar 31 – Apr 6,13
,,,Apr 7 – Apr 13,11
,,,Apr 14 – Apr 20,10 or fewer
,,,Apr 21 – Apr 27,10 or fewer
,,,Apr 28 – May 4,12
,,,May 5 – May 11,12
,,,May 12 – May 18,10 or fewer
,,,May 19 – May 25,10 or fewer
,,,May 26 – Jun 1,10 or fewer
,,,Jun 2 – Jun 8,11
,,,Jun 9 – Jun 15,10 or fewer
,,,Jun 16 – Jun 22,17
,,,Jun 23 – Jun 29,13
,,,Jun 30 – Jul 6,12
,,,Jul 7 – Jul 13,10 or fewer
,,,Jul 14 – Jul 20,15
,,,Jul 21 – Jul 27,10 or fewer
,,,Jul 28 – Aug 3,10 or fewer
,,,Aug 4 – Aug 10,11
,,,Aug 11 – Aug 17,10 or fewer
,,,Aug 18 – Aug 24,16
,,,Aug 25 – Aug 31,13
,,,Sep 1 – Sep 7,13
,,,Sep 8 – Sep 14,10 or fewer
,,,Sep 15 – Sep 21,10 or fewer
,,,Sep 22 – Sep 28,10 or fewer
,,,Sep 29 – Oct 5,10 or fewer
,,,Oct 6 – Oct 12,10 or fewer
,,,Oct 13 – Oct 19,15
,,,Oct 20 – Oct 26,17
,,,Oct 27 – Nov 2,11
,,,Nov 3 – Nov 9,10 or fewer
,,,Nov 10 – Nov 16,13
,,,Nov 17 – Nov 23,10 or fewer
,,,Nov 24 – Nov 30,15
,,,Dec 1 – Dec 7,12
,,,Dec 8 – Dec 14,14
,,,Dec 15 – Dec 21,10 or fewer
,,,Dec 22 – Dec 28,10 or fewer
,65 Years or more,2023 – 2024,Dec 31 – Jan 6,14
,,2024,Jan 7 – Jan 13,20
,,,Jan 14 – Jan 20,23
,,,Jan 21 – Jan 27,21
,,,Jan 28 – Feb 3,23
,,,Feb 4 – Feb 10,26
,,,Feb 11 – Feb 17,30
,,,Feb 18 – Feb 24,25
,,,Feb 25 – Mar 2,21
,,,Mar 3 – Mar 9,24
,,,Mar 10 – Mar 16,22
,,,Mar 17 – Mar 23,24
,,,Mar 24 – Mar 30,16
,,,Mar 31 – Apr 6,20
,,,Apr 7 – Apr 13,18
,,,Apr 14 – Apr 20,32
,,,Apr 21 – Apr 27,22
,,,Apr 28 – May 4,24
,,,May 5 – May 11,17
,,,May 12 – May 18,21
,,,May 19 – May 25,12
,,,May 26 – Jun 1,21
,,,Jun 2 – Jun 8,13
,,,Jun 9 – Jun 15,17
,,,Jun 16 – Jun 22,12
,,,Jun 23 – Jun 29,15
,,,Jun 30 – Jul 6,17
,,,Jul 7 – Jul 13,19
,,,Jul 14 – Jul 20,12
,,,Jul 21 – Jul 27,19
,,,Jul 28 – Aug 3,14
,,,Aug 4 – Aug 10,11
,,,Aug 11 – Aug 17,10 or fewer
,,,Aug 18 – Aug 24,10 or fewer
,,,Aug 25 – Aug 31,11
,,,Sep 1 – Sep 7,10 or fewer
,,,Sep 8 – Sep 14,15
,,,Sep 15 – Sep 21,10 or fewer
,,,Sep 22 – Sep 28,19
,,,Sep 29 – Oct 5,13
,,,Oct 6 – Oct 12,13
,,,Oct 13 – Oct 19,15
,,,Oct 20 – Oct 26,18
,,,Oct 27 – Nov 2,14
,,,Nov 3 – Nov 9,19
,,,Nov 10 – Nov 16,17
,,,Nov 17 – Nov 23,20
,,,Nov 24 – Nov 30,19
,,,Dec 1 – Dec 7,23
,,,Dec 8 – Dec 14,24
,,,Dec 15 – Dec 21,20
,,,Dec 22 – Dec 28,30
,No value,2023 – 2024,Dec 31 – Jan 6,10 or fewer
,,2024,Jan 7 – Jan 13,10 or fewer
,,,Jan 14 – Jan 20,10 or fewer
,,,Jan 21 – Jan 27,10 or fewer
,,,Jan 28 – Feb 3,10 or fewer
,,,Feb 4 – Feb 10,10 or fewer
,,,Feb 11 – Feb 17,10 or fewer
,,,Feb 18 – Feb 24,10 or fewer
,,,Feb 25 – Mar 2,10 or fewer
,,,Mar 3 – Mar 9,10 or fewer
,,,Mar 10 – Mar 16,10 or fewer
,,,Mar 17 – Mar 23,10 or fewer
,,,Mar 24 – Mar 30,10 or fewer
,,,Mar 31 – Apr 6,10 or fewer
,,,Apr 7 – Apr 13,10 or fewer
,,,Apr 14 – Apr 20,10 or fewer
,,,Apr 21 – Apr 27,10 or fewer
,,,Apr 28 – May 4,10 or fewer
,,,May 5 – May 11,10 or fewer
,,,May 12 – May 18,10 or fewer
,,,May 19 – May 25,10 or fewer
,,,May 26 – Jun 1,10 or fewer
,,,Jun 2 – Jun 8,10 or fewer
,,,Jun 9 – Jun 15,10 or fewer
,,,Jun 16 – Jun 22,10 or fewer
,,,Jun 23 – Jun 29,10 or fewer
,,,Jun 30 – Jul 6,10 or fewer
,,,Jul 7 – Jul 13,10 or fewer
,,,Jul 14 – Jul 20,10 or fewer
,,,Jul 21 – Jul 27,10 or fewer
,,,Jul 28 – Aug 3,10 or fewer
,,,Aug 4 – Aug 10,10 or fewer
,,,Aug 11 – Aug 17,10 or fewer
,,,Aug 18 – Aug 24,10 or fewer
,,,Aug 25 – Aug 31,10 or fewer
,,,Sep 1 – Sep 7,10 or fewer
,,,Sep 8 – Sep 14,10 or fewer
,,,Sep 15 – Sep 21,10 or fewer
,,,Sep 22 – Sep 28,10 or fewer
,,,Sep 29 – Oct 5,10 or fewer
,,,Oct 6 – Oct 12,10 or fewer
,,,Oct 13 – Oct 19,10 or fewer
,,,Oct 20 – Oct 26,10 or fewer
,,,Oct 27 – Nov 2,10 or fewer
,,,Nov 3 – Nov 9,10 or fewer
,,,Nov 10 – Nov 16,10 or fewer
,,,Nov 17 – Nov 23,10 or fewer
,,,Nov 24 – Nov 30,10 or fewer
,,,Dec 1 – Dec 7,10 or fewer
,,,Dec 8 – Dec 14,10 or fewer
,,,Dec 15 – Dec 21,10 or fewer
,,,Dec 22 – Dec 28,10 or fewer
,Total,2023 – 2024,Dec 31 – Jan 6,80
,,2024,Jan 7 – Jan 13,55
,,,Jan 14 – Jan 20,58
,,,Jan 21 – Jan 27,56
,,,Jan 28 – Feb 3,61
,,,Feb 4 – Feb 10,55
,,,Feb 11 – Feb 17,77
,,,Feb 18 – Feb 24,84
,,,Feb 25 – Mar 2,62
,,,Mar 3 – Mar 9,68
,,,Mar 10 – Mar 16,62
,,,Mar 17 – Mar 23,71
,,,Mar 24 – Mar 30,51
,,,Mar 31 – Apr 6,72
,,,Apr 7 – Apr 13,62
,,,Apr 14 – Apr 20,67
,,,Apr 21 – Apr 27,55
,,,Apr 28 – May 4,65
,,,May 5 – May 11,55
,,,May 12 – May 18,58
,,,May 19 – May 25,49
,,,May 26 – Jun 1,59
,,,Jun 2 – Jun 8,61
,,,Jun 9 – Jun 15,56
,,,Jun 16 – Jun 22,73
,,,Jun 23 – Jun 29,54
,,,Jun 30 – Jul 6,63
,,,Jul 7 – Jul 13,67
,,,Jul 14 – Jul 20,63
,,,Jul 21 – Jul 27,48
,,,Jul 28 – Aug 3,48
,,,Aug 4 – Aug 10,51
,,,Aug 11 – Aug 17,38
,,,Aug 18 – Aug 24,51
,,,Aug 25 – Aug 31,44
,,,Sep 1 – Sep 7,48
,,,Sep 8 – Sep 14,49
,,,Sep 15 – Sep 21,54
,,,Sep 22 – Sep 28,64
,,,Sep 29 – Oct 5,41
,,,Oct 6 – Oct 12,45
,,,Oct 13 – Oct 19,49
,,,Oct 20 – Oct 26,56
,,,Oct 27 – Nov 2,41
,,,Nov 3 – Nov 9,64
,,,Nov 10 – Nov 16,59
,,,Nov 17 – Nov 23,62
,,,Nov 24 – Nov 30,55
,,,Dec 1 – Dec 7,64
,,,Dec 8 – Dec 14,63
,,,Dec 15 – Dec 21,74
,,,Dec 22 – Dec 28,88
None of the above,Less than 1 Years,2023 – 2024,Dec 31 – Jan 6,386
,,2024,Jan 7 – Jan 13,296
,,,Jan 14 – Jan 20,279
,,,Jan 21 – Jan 27,233
,,,Jan 28 – Feb 3,269
,,,Feb 4 – Feb 10,264
,,,Feb 11 – Feb 17,283
,,,Feb 18 – Feb 24,271
,,,Feb 25 – Mar 2,254
,,,Mar 3 – Mar 9,260
,,,Mar 10 – Mar 16,251
,,,Mar 17 – Mar 23,234
,,,Mar 24 – Mar 30,265
,,,Mar 31 – Apr 6,277
,,,Apr 7 – Apr 13,285
,,,Apr 14 – Apr 20,269
,,,Apr 21 – Apr 27,276
,,,Apr 28 – May 4,233
,,,May 5 – May 11,242
,,,May 12 – May 18,242
,,,May 19 – May 25,265
,,,May 26 – Jun 1,251
,,,Jun 2 – Jun 8,220
,,,Jun 9 – Jun 15,249
,,,Jun 16 – Jun 22,218
,,,Jun 23 – Jun 29,230
,,,Jun 30 – Jul 6,223
,,,Jul 7 – Jul 13,226
,,,Jul 14 – Jul 20,213
,,,Jul 21 – Jul 27,221
,,,Jul 28 – Aug 3,224
,,,Aug 4 – Aug 10,226
,,,Aug 11 – Aug 17,247
,,,Aug 18 – Aug 24,214
,,,Aug 25 – Aug 31,230
,,,Sep 1 – Sep 7,239
,,,Sep 8 – Sep 14,241
,,,Sep 15 – Sep 21,246
,,,Sep 22 – Sep 28,247
,,,Sep 29 – Oct 5,257
,,,Oct 6 – Oct 12,227
,,,Oct 13 – Oct 19,249
,,,Oct 20 – Oct 26,243
,,,Oct 27 – Nov 2,276
,,,Nov 3 – Nov 9,252
,,,Nov 10 – Nov 16,268
,,,Nov 17 – Nov 23,280
,,,Nov 24 – Nov 30,318
,,,Dec 1 – Dec 7,313
,,,Dec 8 – Dec 14,324
,,,Dec 15 – Dec 21,338
,,,Dec 22 – Dec 28,372
,≥ 1 and < 5 Years,2023 – 2024,Dec 31 – Jan 6,811
,,2024,Jan 7 – Jan 13,720
,,,Jan 14 – Jan 20,685
,,,Jan 21 – Jan 27,700
,,,Jan 28 – Feb 3,734
,,,Feb 4 – Feb 10,684
,,,Feb 11 – Feb 17,693
,,,Feb 18 – Feb 24,686
,,,Feb 25 – Mar 2,684
,,,Mar 3 – Mar 9,692
,,,Mar 10 – Mar 16,699
,,,Mar 17 – Mar 23,697
,,,Mar 24 – Mar 30,712
,,,Mar 31 – Apr 6,739
,,,Apr 7 – Apr 13,690
,,,Apr 14 – Apr 20,661
,,,Apr 21 – Apr 27,597
,,,Apr 28 – May 4,681
,,,May 5 – May 11,686
,,,May 12 – May 18,702
,,,May 19 – May 25,631
,,,May 26 – Jun 1,682
,,,Jun 2 – Jun 8,596
,,,Jun 9 – Jun 15,619
,,,Jun 16 – Jun 22,651
,,,Jun 23 – Jun 29,547
,,,Jun 30 – Jul 6,621
,,,Jul 7 – Jul 13,584
,,,Jul 14 – Jul 20,572
,,,Jul 21 – Jul 27,601
,,,Jul 28 – Aug 3,558
,,,Aug 4 – Aug 10,519
,,,Aug 11 – Aug 17,514
,,,Aug 18 – Aug 24,535
,,,Aug 25 – Aug 31,596
,,,Sep 1 – Sep 7,612
,,,Sep 8 – Sep 14,642
,,,Sep 15 – Sep 21,578
,,,Sep 22 – Sep 28,643
,,,Sep 29 – Oct 5,629
,,,Oct 6 – Oct 12,601
,,,Oct 13 – Oct 19,664
,,,Oct 20 – Oct 26,697
,,,Oct 27 – Nov 2,690
,,,Nov 3 – Nov 9,685
,,,Nov 10 – Nov 16,697
,,,Nov 17 – Nov 23,706
,,,Nov 24 – Nov 30,799
,,,Dec 1 – Dec 7,818
,,,Dec 8 – Dec 14,947
,,,Dec 15 – Dec 21,964
,,,Dec 22 – Dec 28,1137
,≥ 5 and < 18 Years,2023 – 2024,Dec 31 – Jan 6,1353
,,2024,Jan 7 – Jan 13,1155
,,,Jan 14 – Jan 20,1259
,,,Jan 21 – Jan 27,1374
,,,Jan 28 – Feb 3,1453
,,,Feb 4 – Feb 10,1448
,,,Feb 11 – Feb 17,1370
,,,Feb 18 – Feb 24,1239
,,,Feb 25 – Mar 2,1327
,,,Mar 3 – Mar 9,1426
,,,Mar 10 – Mar 16,1438
,,,Mar 17 – Mar 23,1469
,,,Mar 24 – Mar 30,1331
,,,Mar 31 – Apr 6,1261
,,,Apr 7 – Apr 13,1223
,,,Apr 14 – Apr 20,1364
,,,Apr 21 – Apr 27,1479
,,,Apr 28 – May 4,1421
,,,May 5 – May 11,1466
,,,May 12 – May 18,1460
,,,May 19 – May 25,1376
,,,May 26 – Jun 1,1215
,,,Jun 2 – Jun 8,1180
,,,Jun 9 – Jun 15,1075
,,,Jun 16 – Jun 22,1033
,,,Jun 23 – Jun 29,1103
,,,Jun 30 – Jul 6,1071
,,,Jul 7 – Jul 13,1185
,,,Jul 14 – Jul 20,1139
,,,Jul 21 – Jul 27,1080
,,,Jul 28 – Aug 3,1072
,,,Aug 4 – Aug 10,1079
,,,Aug 11 – Aug 17,1094
,,,Aug 18 – Aug 24,1145
,,,Aug 25 – Aug 31,1331
,,,Sep 1 – Sep 7,1280
,,,Sep 8 – Sep 14,1266
,,,Sep 15 – Sep 21,1291
,,,Sep 22 – Sep 28,1244
,,,Sep 29 – Oct 5,1189
,,,Oct 6 – Oct 12,1228
,,,Oct 13 – Oct 19,1217
,,,Oct 20 – Oct 26,1394
,,,Oct 27 – Nov 2,1303
,,,Nov 3 – Nov 9,1295
,,,Nov 10 – Nov 16,1167
,,,Nov 17 – Nov 23,1287
,,,Nov 24 – Nov 30,1327
,,,Dec 1 – Dec 7,1459
,,,Dec 8 – Dec 14,1541
,,,Dec 15 – Dec 21,1697
,,,Dec 22 – Dec 28,1737
,≥ 18 and < 50 Years,2023 – 2024,Dec 31 – Jan 6,6294
,,2024,Jan 7 – Jan 13,6058
,,,Jan 14 – Jan 20,6020
,,,Jan 21 – Jan 27,6251
,,,Jan 28 – Feb 3,6066
,,,Feb 4 – Feb 10,6269
,,,Feb 11 – Feb 17,6304
,,,Feb 18 – Feb 24,6184
,,,Feb 25 – Mar 2,6258
,,,Mar 3 – Mar 9,6427
,,,Mar 10 – Mar 16,6448
,,,Mar 17 – Mar 23,6278
,,,Mar 24 – Mar 30,6261
,,,Mar 31 – Apr 6,6261
,,,Apr 7 – Apr 13,6059
,,,Apr 14 – Apr 20,6555
,,,Apr 21 – Apr 27,6322
,,,Apr 28 – May 4,6474
,,,May 5 – May 11,6636
,,,May 12 – May 18,6512
,,,May 19 – May 25,6432
,,,May 26 – Jun 1,6170
,,,Jun 2 – Jun 8,6254
,,,Jun 9 – Jun 15,6130
,,,Jun 16 – Jun 22,6067
,,,Jun 23 – Jun 29,6490
,,,Jun 30 – Jul 6,6233
,,,Jul 7 – Jul 13,6571
,,,Jul 14 – Jul 20,6524
,,,Jul 21 – Jul 27,6534
,,,Jul 28 – Aug 3,6405
,,,Aug 4 – Aug 10,6237
,,,Aug 11 – Aug 17,6257
,,,Aug 18 – Aug 24,6395
,,,Aug 25 – Aug 31,6152
,,,Sep 1 – Sep 7,6268
,,,Sep 8 – Sep 14,6174
,,,Sep 15 – Sep 21,6070
,,,Sep 22 – Sep 28,6081
,,,Sep 29 – Oct 5,6175
,,,Oct 6 – Oct 12,6010
,,,Oct 13 – Oct 19,5963
,,,Oct 20 – Oct 26,6137
,,,Oct 27 – Nov 2,6081
,,,Nov 3 – Nov 9,6210
,,,Nov 10 – Nov 16,6014
,,,Nov 17 – Nov 23,6099
,,,Nov 24 – Nov 30,6055
,,,Dec 1 – Dec 7,6425
,,,Dec 8 – Dec 14,6582
,,,Dec 15 – Dec 21,6826
,,,Dec 22 – Dec 28,6767
,≥ 50 and < 65 Years,2023 – 2024,Dec 31 – Jan 6,2490
,,2024,Jan 7 – Jan 13,2382
,,,Jan 14 – Jan 20,2320
,,,Jan 21 – Jan 27,2396
,,,Jan 28 – Feb 3,2250
,,,Feb 4 – Feb 10,2329
,,,Feb 11 – Feb 17,2377
,,,Feb 18 – Feb 24,2458
,,,Feb 25 – Mar 2,2436
,,,Mar 3 – Mar 9,2329
,,,Mar 10 – Mar 16,2412
,,,Mar 17 – Mar 23,2421
,,,Mar 24 – Mar 30,2386
,,,Mar 31 – Apr 6,2381
,,,Apr 7 – Apr 13,2381
,,,Apr 14 – Apr 20,2489
,,,Apr 21 – Apr 27,2298
,,,Apr 28 – May 4,2349
,,,May 5 – May 11,2465
,,,May 12 – May 18,2445
,,,May 19 – May 25,2406
,,,May 26 – Jun 1,2424
,,,Jun 2 – Jun 8,2430
,,,Jun 9 – Jun 15,2361
,,,Jun 16 – Jun 22,2499
,,,Jun 23 – Jun 29,2468
,,,Jun 30 – Jul 6,2409
,,,Jul 7 – Jul 13,2501
,,,Jul 14 – Jul 20,2491
,,,Jul 21 – Jul 27,2512
,,,Jul 28 – Aug 3,2403
,,,Aug 4 – Aug 10,2482
,,,Aug 11 – Aug 17,2408
,,,Aug 18 – Aug 24,2462
,,,Aug 25 – Aug 31,2321
,,,Sep 1 – Sep 7,2349
,,,Sep 8 – Sep 14,2430
,,,Sep 15 – Sep 21,2300
,,,Sep 22 – Sep 28,2436
,,,Sep 29 – Oct 5,2225
,,,Oct 6 – Oct 12,2354
,,,Oct 13 – Oct 19,2367
,,,Oct 20 – Oct 26,2379
,,,Oct 27 – Nov 2,2332
,,,Nov 3 – Nov 9,2436
,,,Nov 10 – Nov 16,2346
,,,Nov 17 – Nov 23,2385
,,,Nov 24 – Nov 30,2282
,,,Dec 1 – Dec 7,2396
,,,Dec 8 – Dec 14,2339
,,,Dec 15 – Dec 21,2397
,,,Dec 22 – Dec 28,2573
,65 Years or more,2023 – 2024,Dec 31 – Jan 6,2879
,,2024,Jan 7 – Jan 13,2771
,,,Jan 14 – Jan 20,2599
,,,Jan 21 – Jan 27,2605
,,,Jan 28 – Feb 3,2678
,,,Feb 4 – Feb 10,2681
,,,Feb 11 – Feb 17,2714
,,,Feb 18 – Feb 24,2715
,,,Feb 25 – Mar 2,2662
,,,Mar 3 – Mar 9,2735
,,,Mar 10 – Mar 16,2639
,,,Mar 17 – Mar 23,2652
,,,Mar 24 – Mar 30,2646
,,,Mar 31 – Apr 6,2635
,,,Apr 7 – Apr 13,2775
,,,Apr 14 – Apr 20,2610
,,,Apr 21 – Apr 27,2645
,,,Apr 28 – May 4,2673
,,,May 5 – May 11,2660
,,,May 12 – May 18,2694
,,,May 19 – May 25,2668
,,,May 26 – Jun 1,2629
,,,Jun 2 – Jun 8,2748
,,,Jun 9 – Jun 15,2634
,,,Jun 16 – Jun 22,2669
,,,Jun 23 – Jun 29,2715
,,,Jun 30 – Jul 6,2663
,,,Jul 7 – Jul 13,2754
,,,Jul 14 – Jul 20,2715
,,,Jul 21 – Jul 27,2778
,,,Jul 28 – Aug 3,2645
,,,Aug 4 – Aug 10,2881
,,,Aug 11 – Aug 17,2765
,,,Aug 18 – Aug 24,2666
,,,Aug 25 – Aug 31,2651
,,,Sep 1 – Sep 7,2725
,,,Sep 8 – Sep 14,2655
,,,Sep 15 – Sep 21,2781
,,,Sep 22 – Sep 28,2524
,,,Sep 29 – Oct 5,2565
,,,Oct 6 – Oct 12,2572
,,,Oct 13 – Oct 19,2709
,,,Oct 20 – Oct 26,2557
,,,Oct 27 – Nov 2,2713
,,,Nov 3 – Nov 9,2596
,,,Nov 10 – Nov 16,2763
,,,Nov 17 – Nov 23,2788
,,,Nov 24 – Nov 30,2642
,,,Dec 1 – Dec 7,2722
,,,Dec 8 – Dec 14,2796
,,,Dec 15 – Dec 21,2849
,,,Dec 22 – Dec 28,2982
,No value,2023 – 2024,Dec 31 – Jan 6,10 or fewer
,,2024,Jan 7 – Jan 13,10 or fewer
,,,Jan 14 – Jan 20,10 or fewer
,,,Jan 21 – Jan 27,10 or fewer
,,,Jan 28 – Feb 3,10 or fewer
,,,Feb 4 – Feb 10,10 or fewer
,,,Feb 11 – Feb 17,10 or fewer
,,,Feb 18 – Feb 24,10 or fewer
,,,Feb 25 – Mar 2,10 or fewer
,,,Mar 3 – Mar 9,10 or fewer
,,,Mar 10 – Mar 16,10 or fewer
,,,Mar 17 – Mar 23,10 or fewer
,,,Mar 24 – Mar 30,10 or fewer
,,,Mar 31 – Apr 6,10 or fewer
,,,Apr 7 – Apr 13,10 or fewer
,,,Apr 14 – Apr 20,10 or fewer
,,,Apr 21 – Apr 27,10 or fewer
,,,Apr 28 – May 4,10 or fewer
,,,May 5 – May 11,10 or fewer
,,,May 12 – May 18,10 or fewer
,,,May 19 – May 25,10 or fewer
,,,May 26 – Jun 1,10 or fewer
,,,Jun 2 – Jun 8,10 or fewer
,,,Jun 9 – Jun 15,10 or fewer
,,,Jun 16 – Jun 22,10 or fewer
,,,Jun 23 – Jun 29,10 or fewer
,,,Jun 30 – Jul 6,10 or fewer
,,,Jul 7 – Jul 13,10 or fewer
,,,Jul 14 – Jul 20,10 or fewer
,,,Jul 21 – Jul 27,10 or fewer
,,,Jul 28 – Aug 3,10 or fewer
,,,Aug 4 – Aug 10,10 or fewer
,,,Aug 11 – Aug 17,10 or fewer
,,,Aug 18 – Aug 24,10 or fewer
,,,Aug 25 – Aug 31,10 or fewer
,,,Sep 1 – Sep 7,10 or fewer
,,,Sep 8 – Sep 14,10 or fewer
,,,Sep 15 – Sep 21,10 or fewer
,,,Sep 22 – Sep 28,10 or fewer
,,,Sep 29 – Oct 5,10 or fewer
,,,Oct 6 – Oct 12,10 or fewer
,,,Oct 13 – Oct 19,10 or fewer
,,,Oct 20 – Oct 26,10 or fewer
,,,Oct 27 – Nov 2,10 or fewer
,,,Nov 3 – Nov 9,10 or fewer
,,,Nov 10 – Nov 16,10 or fewer
,,,Nov 17 – Nov 23,10 or fewer
,,,Nov 24 – Nov 30,10 or fewer
,,,Dec 1 – Dec 7,10 or fewer
,,,Dec 8 – Dec 14,10 or fewer
,,,Dec 15 – Dec 21,10 or fewer
,,,Dec 22 – Dec 28,10 or fewer
,Total,2023 – 2024,Dec 31 – Jan 6,14213
,,2024,Jan 7 – Jan 13,13382
,,,Jan 14 – Jan 20,13162
,,,Jan 21 – Jan 27,13560
,,,Jan 28 – Feb 3,13451
,,,Feb 4 – Feb 10,13676
,,,Feb 11 – Feb 17,13741
,,,Feb 18 – Feb 24,13553
,,,Feb 25 – Mar 2,13621
,,,Mar 3 – Mar 9,13869
,,,Mar 10 – Mar 16,13887
,,,Mar 17 – Mar 23,13751
,,,Mar 24 – Mar 30,13602
,,,Mar 31 – Apr 6,13554
,,,Apr 7 – Apr 13,13413
,,,Apr 14 – Apr 20,13948
,,,Apr 21 – Apr 27,13617
,,,Apr 28 – May 4,13831
,,,May 5 – May 11,14155
,,,May 12 – May 18,14055
,,,May 19 – May 25,13778
,,,May 26 – Jun 1,13371
,,,Jun 2 – Jun 8,13428
,,,Jun 9 – Jun 15,13068
,,,Jun 16 – Jun 22,13137
,,,Jun 23 – Jun 29,13553
,,,Jun 30 – Jul 6,13220
,,,Jul 7 – Jul 13,13821
,,,Jul 14 – Jul 20,13655
,,,Jul 21 – Jul 27,13726
,,,Jul 28 – Aug 3,13308
,,,Aug 4 – Aug 10,13424
,,,Aug 11 – Aug 17,13286
,,,Aug 18 – Aug 24,13417
,,,Aug 25 – Aug 31,13282
,,,Sep 1 – Sep 7,13473
,,,Sep 8 – Sep 14,13409
,,,Sep 15 – Sep 21,13267
,,,Sep 22 – Sep 28,13175
,,,Sep 29 – Oct 5,13040
,,,Oct 6 – Oct 12,12993
,,,Oct 13 – Oct 19,13169
,,,Oct 20 – Oct 26,13407
,,,Oct 27 – Nov 2,13395
,,,Nov 3 – Nov 9,13474
,,,Nov 10 – Nov 16,13255
,,,Nov 17 – Nov 23,13546
,,,Nov 24 – Nov 30,13423
,,,Dec 1 – Dec 7,14134
,,,Dec 8 – Dec 14,14529
,,,Dec 15 – Dec 21,15073
,,,Dec 22 – Dec 28,15569
Total,Less than 1 Years,2023 – 2024,Dec 31 – Jan 6,30233
,,2024,Jan 7 – Jan 13,23505
,,,Jan 14 – Jan 20,20989
,,,Jan 21 – Jan 27,21498
,,,Jan 28 – Feb 3,21971
,,,Feb 4 – Feb 10,22557
,,,Feb 11 – Feb 17,21928
,,,Feb 18 – Feb 24,22420
,,,Feb 25 – Mar 2,21555
,,,Mar 3 – Mar 9,21434
,,,Mar 10 – Mar 16,21690
,,,Mar 17 – Mar 23,21811
,,,Mar 24 – Mar 30,21687
,,,Mar 31 – Apr 6,21403
,,,Apr 7 – Apr 13,21336
,,,Apr 14 – Apr 20,20347
,,,Apr 21 – Apr 27,20638
,,,Apr 28 – May 4,20434
,,,May 5 – May 11,20071
,,,May 12 – May 18,19907
,,,May 19 – May 25,19855
,,,May 26 – Jun 1,20786
,,,Jun 2 – Jun 8,19578
,,,Jun 9 – Jun 15,18471
,,,Jun 16 – Jun 22,18377
,,,Jun 23 – Jun 29,18087
,,,Jun 30 – Jul 6,18008
,,,Jul 7 – Jul 13,18851
,,,Jul 14 – Jul 20,18891
,,,Jul 21 – Jul 27,19206
,,,Jul 28 – Aug 3,19489
,,,Aug 4 – Aug 10,19502
,,,Aug 11 – Aug 17,20036
,,,Aug 18 – Aug 24,20721
,,,Aug 25 – Aug 31,21151
,,,Sep 1 – Sep 7,22092
,,,Sep 8 – Sep 14,20959
,,,Sep 15 – Sep 21,20905
,,,Sep 22 – Sep 28,20259
,,,Sep 29 – Oct 5,20541
,,,Oct 6 – Oct 12,21333
,,,Oct 13 – Oct 19,21728
,,,Oct 20 – Oct 26,22486
,,,Oct 27 – Nov 2,22931
,,,Nov 3 – Nov 9,24389
,,,Nov 10 – Nov 16,25332
,,,Nov 17 – Nov 23,26349
,,,Nov 24 – Nov 30,28301
,,,Dec 1 – Dec 7,29192
,,,Dec 8 – Dec 14,28046
,,,Dec 15 – Dec 21,30545
,,,Dec 22 – Dec 28,35481
,≥ 1 and < 5 Years,2023 – 2024,Dec 31 – Jan 6,58936
,,2024,Jan 7 – Jan 13,49939
,,,Jan 14 – Jan 20,47281
,,,Jan 21 – Jan 27,49405
,,,Jan 28 – Feb 3,52687
,,,Feb 4 – Feb 10,54846
,,,Feb 11 – Feb 17,53894
,,,Feb 18 – Feb 24,55889
,,,Feb 25 – Mar 2,55434
,,,Mar 3 – Mar 9,55813
,,,Mar 10 – Mar 16,55834
,,,Mar 17 – Mar 23,54869
,,,Mar 24 – Mar 30,54571
,,,Mar 31 – Apr 6,53941
,,,Apr 7 – Apr 13,53215
,,,Apr 14 – Apr 20,52113
,,,Apr 21 – Apr 27,52267
,,,Apr 28 – May 4,52929
,,,May 5 – May 11,52090
,,,May 12 – May 18,52308
,,,May 19 – May 25,52217
,,,May 26 – Jun 1,52912
,,,Jun 2 – Jun 8,48548
,,,Jun 9 – Jun 15,46750
,,,Jun 16 – Jun 22,45340
,,,Jun 23 – Jun 29,44366
,,,Jun 30 – Jul 6,43643
,,,Jul 7 – Jul 13,43135
,,,Jul 14 – Jul 20,41950
,,,Jul 21 – Jul 27,41968
,,,Jul 28 – Aug 3,42125
,,,Aug 4 – Aug 10,42099
,,,Aug 11 – Aug 17,43201
,,,Aug 18 – Aug 24,46000
,,,Aug 25 – Aug 31,47811
,,,Sep 1 – Sep 7,49653
,,,Sep 8 – Sep 14,49113
,,,Sep 15 – Sep 21,50741
,,,Sep 22 – Sep 28,50123
,,,Sep 29 – Oct 5,51002
,,,Oct 6 – Oct 12,53076
,,,Oct 13 – Oct 19,53241
,,,Oct 20 – Oct 26,56756
,,,Oct 27 – Nov 2,57606
,,,Nov 3 – Nov 9,60588
,,,Nov 10 – Nov 16,61384
,,,Nov 17 – Nov 23,64000
,,,Nov 24 – Nov 30,66999
,,,Dec 1 – Dec 7,63085
,,,Dec 8 – Dec 14,67055
,,,Dec 15 – Dec 21,73776
,,,Dec 22 – Dec 28,81577
,≥ 5 and < 18 Years,2023 – 2024,Dec 31 – Jan 6,89415
,,2024,Jan 7 – Jan 13,94346
,,,Jan 14 – Jan 20,88839
,,,Jan 21 – Jan 27,106625
,,,Jan 28 – Feb 3,118926
,,,Feb 4 – Feb 10,124757
,,,Feb 11 – Feb 17,116545
,,,Feb 18 – Feb 24,115915
,,,Feb 25 – Mar 2,119698
,,,Mar 3 – Mar 9,119594
,,,Mar 10 – Mar 16,114479
,,,Mar 17 – Mar 23,112174
,,,Mar 24 – Mar 30,103559
,,,Mar 31 – Apr 6,100886
,,,Apr 7 – Apr 13,108938
,,,Apr 14 – Apr 20,115374
,,,Apr 21 – Apr 27,116613
,,,Apr 28 – May 4,119322
,,,May 5 – May 11,116453
,,,May 12 – May 18,114559
,,,May 19 – May 25,109491
,,,May 26 – Jun 1,101571
,,,Jun 2 – Jun 8,96505
,,,Jun 9 – Jun 15,91192
,,,Jun 16 – Jun 22,87106
,,,Jun 23 – Jun 29,86808
,,,Jun 30 – Jul 6,84754
,,,Jul 7 – Jul 13,86704
,,,Jul 14 – Jul 20,84664
,,,Jul 21 – Jul 27,83441
,,,Jul 28 – Aug 3,82901
,,,Aug 4 – Aug 10,84020
,,,Aug 11 – Aug 17,92866
,,,Aug 18 – Aug 24,104203
,,,Aug 25 – Aug 31,110492
,,,Sep 1 – Sep 7,112709
,,,Sep 8 – Sep 14,119236
,,,Sep 15 – Sep 21,122056
,,,Sep 22 – Sep 28,116716
,,,Sep 29 – Oct 5,118458
,,,Oct 6 – Oct 12,118014
,,,Oct 13 – Oct 19,115229
,,,Oct 20 – Oct 26,127592
,,,Oct 27 – Nov 2,122956
,,,Nov 3 – Nov 9,121124
,,,Nov 10 – Nov 16,122842
,,,Nov 17 – Nov 23,125010
,,,Nov 24 – Nov 30,100719
,,,Dec 1 – Dec 7,114363
,,,Dec 8 – Dec 14,125611
,,,Dec 15 – Dec 21,128196
,,,Dec 22 – Dec 28,111145
,≥ 18 and < 50 Years,2023 – 2024,Dec 31 – Jan 6,405408
,,2024,Jan 7 – Jan 13,378962
,,,Jan 14 – Jan 20,362611
,,,Jan 21 – Jan 27,387411
,,,Jan 28 – Feb 3,389059
,,,Feb 4 – Feb 10,392441
,,,Feb 11 – Feb 17,388013
,,,Feb 18 – Feb 24,394706
,,,Feb 25 – Mar 2,396330
,,,Mar 3 – Mar 9,396947
,,,Mar 10 – Mar 16,392725
,,,Mar 17 – Mar 23,392035
,,,Mar 24 – Mar 30,387418
,,,Mar 31 – Apr 6,392967
,,,Apr 7 – Apr 13,397050
,,,Apr 14 – Apr 20,399546
,,,Apr 21 – Apr 27,393765
,,,Apr 28 – May 4,401059
,,,May 5 – May 11,404565
,,,May 12 – May 18,405203
,,,May 19 – May 25,409072
,,,May 26 – Jun 1,408948
,,,Jun 2 – Jun 8,410245
,,,Jun 9 – Jun 15,408507
,,,Jun 16 – Jun 22,411424
,,,Jun 23 – Jun 29,417440
,,,Jun 30 – Jul 6,404400
,,,Jul 7 – Jul 13,426366
,,,Jul 14 – Jul 20,419525
,,,Jul 21 – Jul 27,420291
,,,Jul 28 – Aug 3,423274
,,,Aug 4 – Aug 10,420702
,,,Aug 11 – Aug 17,422707
,,,Aug 18 – Aug 24,419594
,,,Aug 25 – Aug 31,424954
,,,Sep 1 – Sep 7,424215
,,,Sep 8 – Sep 14,420089
,,,Sep 15 – Sep 21,426956
,,,Sep 22 – Sep 28,418388
,,,Sep 29 – Oct 5,421196
,,,Oct 6 – Oct 12,418510
,,,Oct 13 – Oct 19,416409
,,,Oct 20 – Oct 26,429559
,,,Oct 27 – Nov 2,429259
,,,Nov 3 – Nov 9,438252
,,,Nov 10 – Nov 16,432960
,,,Nov 17 – Nov 23,431870
,,,Nov 24 – Nov 30,404418
,,,Dec 1 – Dec 7,430665
,,,Dec 8 – Dec 14,434020
,,,Dec 15 – Dec 21,440621
,,,Dec 22 – Dec 28,440362
,≥ 50 and < 65 Years,2023 – 2024,Dec 31 – Jan 6,179274
,,2024,Jan 7 – Jan 13,171687
,,,Jan 14 – Jan 20,160461
,,,Jan 21 – Jan 27,173200
,,,Jan 28 – Feb 3,170220
,,,Feb 4 – Feb 10,173876
,,,Feb 11 – Feb 17,170788
,,,Feb 18 – Feb 24,174482
,,,Feb 25 – Mar 2,172061
,,,Mar 3 – Mar 9,175638
,,,Mar 10 – Mar 16,174568
,,,Mar 17 – Mar 23,171846
,,,Mar 24 – Mar 30,171097
,,,Mar 31 – Apr 6,171542
,,,Apr 7 – Apr 13,176397
,,,Apr 14 – Apr 20,176825
,,,Apr 21 – Apr 27,174229
,,,Apr 28 – May 4,176535
,,,May 5 – May 11,179125
,,,May 12 – May 18,179216
,,,May 19 – May 25,182112
,,,May 26 – Jun 1,181453
,,,Jun 2 – Jun 8,183265
,,,Jun 9 – Jun 15,183130
,,,Jun 16 – Jun 22,182944
,,,Jun 23 – Jun 29,183684
,,,Jun 30 – Jul 6,179108
,,,Jul 7 – Jul 13,189541
,,,Jul 14 – Jul 20,184289
,,,Jul 21 – Jul 27,185482
,,,Jul 28 – Aug 3,186199
,,,Aug 4 – Aug 10,187685
,,,Aug 11 – Aug 17,187930
,,,Aug 18 – Aug 24,185314
,,,Aug 25 – Aug 31,185201
,,,Sep 1 – Sep 7,184043
,,,Sep 8 – Sep 14,183875
,,,Sep 15 – Sep 21,185638
,,,Sep 22 – Sep 28,181141
,,,Sep 29 – Oct 5,181976
,,,Oct 6 – Oct 12,182293
,,,Oct 13 – Oct 19,179839
,,,Oct 20 – Oct 26,185002
,,,Oct 27 – Nov 2,182427
,,,Nov 3 – Nov 9,185971
,,,Nov 10 – Nov 16,185416
,,,Nov 17 – Nov 23,185464
,,,Nov 24 – Nov 30,175477
,,,Dec 1 – Dec 7,184320
,,,Dec 8 – Dec 14,187309
,,,Dec 15 – Dec 21,190273
,,,Dec 22 – Dec 28,193790
,65 Years or more,2023 – 2024,Dec 31 – Jan 6,258027
,,2024,Jan 7 – Jan 13,244059
,,,Jan 14 – Jan 20,225883
,,,Jan 21 – Jan 27,239129
,,,Jan 28 – Feb 3,239489
,,,Feb 4 – Feb 10,241737
,,,Feb 11 – Feb 17,237698
,,,Feb 18 – Feb 24,244961
,,,Feb 25 – Mar 2,242058
,,,Mar 3 – Mar 9,244216
,,,Mar 10 – Mar 16,244115
,,,Mar 17 – Mar 23,240274
,,,Mar 24 – Mar 30,243157
,,,Mar 31 – Apr 6,243803
,,,Apr 7 – Apr 13,249276
,,,Apr 14 – Apr 20,249288
,,,Apr 21 – Apr 27,243831
,,,Apr 28 – May 4,249217
,,,May 5 – May 11,251705
,,,May 12 – May 18,253018
,,,May 19 – May 25,260560
,,,May 26 – Jun 1,256611
,,,Jun 2 – Jun 8,259837
,,,Jun 9 – Jun 15,258608
,,,Jun 16 – Jun 22,258327
,,,Jun 23 – Jun 29,259593
,,,Jun 30 – Jul 6,257705
,,,Jul 7 – Jul 13,263711
,,,Jul 14 – Jul 20,258839
,,,Jul 21 – Jul 27,261763
,,,Jul 28 – Aug 3,262062
,,,Aug 4 – Aug 10,263826
,,,Aug 11 – Aug 17,266072
,,,Aug 18 – Aug 24,262071
,,,Aug 25 – Aug 31,263957
,,,Sep 1 – Sep 7,261853
,,,Sep 8 – Sep 14,262542
,,,Sep 15 – Sep 21,263334
,,,Sep 22 – Sep 28,259263
,,,Sep 29 – Oct 5,260794
,,,Oct 6 – Oct 12,264199
,,,Oct 13 – Oct 19,262058
,,,Oct 20 – Oct 26,266472
,,,Oct 27 – Nov 2,262027
,,,Nov 3 – Nov 9,263732
,,,Nov 10 – Nov 16,265409
,,,Nov 17 – Nov 23,268078
,,,Nov 24 – Nov 30,264591
,,,Dec 1 – Dec 7,272738
,,,Dec 8 – Dec 14,276587
,,,Dec 15 – Dec 21,282347
,,,Dec 22 – Dec 28,294501
,No value,2023 – 2024,Dec 31 – Jan 6,10 or fewer
,,2024,Jan 7 – Jan 13,10 or fewer
,,,Jan 14 – Jan 20,10 or fewer
,,,Jan 21 – Jan 27,10 or fewer
,,,Jan 28 – Feb 3,10 or fewer
,,,Feb 4 – Feb 10,10 or fewer
,,,Feb 11 – Feb 17,10 or fewer
,,,Feb 18 – Feb 24,10 or fewer
,,,Feb 25 – Mar 2,10 or fewer
,,,Mar 3 – Mar 9,10 or fewer
,,,Mar 10 – Mar 16,10 or fewer
,,,Mar 17 – Mar 23,10 or fewer
,,,Mar 24 – Mar 30,10 or fewer
,,,Mar 31 – Apr 6,10 or fewer
,,,Apr 7 – Apr 13,10 or fewer
,,,Apr 14 – Apr 20,10 or fewer
,,,Apr 21 – Apr 27,10 or fewer
,,,Apr 28 – May 4,10 or fewer
,,,May 5 – May 11,10 or fewer
,,,May 12 – May 18,10 or fewer
,,,May 19 – May 25,10 or fewer
,,,May 26 – Jun 1,10 or fewer
,,,Jun 2 – Jun 8,10 or fewer
,,,Jun 9 – Jun 15,10 or fewer
,,,Jun 16 – Jun 22,10 or fewer
,,,Jun 23 – Jun 29,10 or fewer
,,,Jun 30 – Jul 6,10 or fewer
,,,Jul 7 – Jul 13,10 or fewer
,,,Jul 14 – Jul 20,10 or fewer
,,,Jul 21 – Jul 27,10 or fewer
,,,Jul 28 – Aug 3,10 or fewer
,,,Aug 4 – Aug 10,10 or fewer
,,,Aug 11 – Aug 17,10 or fewer
,,,Aug 18 – Aug 24,10 or fewer
,,,Aug 25 – Aug 31,10 or fewer
,,,Sep 1 – Sep 7,10 or fewer
,,,Sep 8 – Sep 14,10 or fewer
,,,Sep 15 – Sep 21,10 or fewer
,,,Sep 22 – Sep 28,10 or fewer
,,,Sep 29 – Oct 5,10 or fewer
,,,Oct 6 – Oct 12,10 or fewer
,,,Oct 13 – Oct 19,10 or fewer
,,,Oct 20 – Oct 26,10 or fewer
,,,Oct 27 – Nov 2,10 or fewer
,,,Nov 3 – Nov 9,10 or fewer
,,,Nov 10 – Nov 16,10 or fewer
,,,Nov 17 – Nov 23,10 or fewer
,,,Nov 24 – Nov 30,10 or fewer
,,,Dec 1 – Dec 7,10 or fewer
,,,Dec 8 – Dec 14,10 or fewer
,,,Dec 15 – Dec 21,10 or fewer
,,,Dec 22 – Dec 28,10 or fewer
,Total,2023 – 2024,Dec 31 – Jan 6,1021294
,,2024,Jan 7 – Jan 13,962499
,,,Jan 14 – Jan 20,906064
,,,Jan 21 – Jan 27,977270
,,,Jan 28 – Feb 3,992355
,,,Feb 4 – Feb 10,1010217
,,,Feb 11 – Feb 17,988867
,,,Feb 18 – Feb 24,1008377
,,,Feb 25 – Mar 2,1007138
,,,Mar 3 – Mar 9,1013643
,,,Mar 10 – Mar 16,1003414
,,,Mar 17 – Mar 23,993012
,,,Mar 24 – Mar 30,981490
,,,Mar 31 – Apr 6,984544
,,,Apr 7 – Apr 13,1006213
,,,Apr 14 – Apr 20,1013494
,,,Apr 21 – Apr 27,1001347
,,,Apr 28 – May 4,1019506
,,,May 5 – May 11,1024010
,,,May 12 – May 18,1024213
,,,May 19 – May 25,1033307
,,,May 26 – Jun 1,1022286
,,,Jun 2 – Jun 8,1017978
,,,Jun 9 – Jun 15,1006661
,,,Jun 16 – Jun 22,1003521
,,,Jun 23 – Jun 29,1009979
,,,Jun 30 – Jul 6,987620
,,,Jul 7 – Jul 13,1028312
,,,Jul 14 – Jul 20,1008164
,,,Jul 21 – Jul 27,1012161
,,,Jul 28 – Aug 3,1016058
,,,Aug 4 – Aug 10,1017841
,,,Aug 11 – Aug 17,1032817
,,,Aug 18 – Aug 24,1037907
,,,Aug 25 – Aug 31,1053571
,,,Sep 1 – Sep 7,1054566
,,,Sep 8 – Sep 14,1055816
,,,Sep 15 – Sep 21,1069631
,,,Sep 22 – Sep 28,1045890
,,,Sep 29 – Oct 5,1053968
,,,Oct 6 – Oct 12,1057427
,,,Oct 13 – Oct 19,1048504
,,,Oct 20 – Oct 26,1087867
,,,Oct 27 – Nov 2,1077208
,,,Nov 3 – Nov 9,1094057
,,,Nov 10 – Nov 16,1093343
,,,Nov 17 – Nov 23,1100773
,,,Nov 24 – Nov 30,1040505
,,,Dec 1 – Dec 7,1094364
,,,Dec 8 – Dec 14,1118628
,,,Dec 15 – Dec 21,1145761
,,,Dec 22 – Dec 28,1156858
